"{2.076094129290659, 1.8986971534590664, 3.6050508805535615, 30443/52863, Sqrt[1670506165/1397221953], 1670506165/1397221953, 7872193014776576187/1116236338921202890, 214573625735309/(1670506165*Sqrt[3341012330]), {30443/52863, 26911/17621, 272855/52863, 339407/17621, 3938303/52863, 5150151/17621, 61026455/52863, 80658847/17621, 961842863/52863, 1276587191/17621}, {0, 3341012330/2794496769, 429147251470618/147725482699647, 26240643382588587290/2603070730650479787, 13826374294927336636969970/412818384103128938940543, 2472370354016501755036766925550/21822818238843705099213924609, 147771682332732970140795448656239446/384539880186664927553248565535189, 79742806958607268851702301531563064748030/60983795058923004195742136759660088321, 14370842561549986585528042676619871601558058610/3223786358199846770799516575525911248913023, 288140348084299702089917021291194102256284509646430/18935446472613166649419427192447360705698792761}}","{71.32462025917903, 1.3346500846332765, 1.7812908484116121, 705562/17621, Sqrt[1330112103583/465740651], 1330112103583/465740651, 20115221558237870483732889/3538396416195986642875778, (1210868928027139947*Sqrt[6/1330112103583])/1330112103583, {705562/17621, 235723138/52863, 12375815576/17621, 6537541887262/52863, 403329183344592/17621, 230670976425532078/52863, 14962137446186806096/17621, 8870011307881262432782/52863, 591362557615137701033072/17621, 358302958804220805996003118/52863}, {0, 2660224207166/931498923, 1614491904036186596/5471314174061, 13410147705491913655821926/289230081183386643, 11788810080583563307522408016300/1698841086844152012101, 97733301896619977554695742216494731246/89805836373842407815695163, 91454892960224844235385569667382173067931316/527489547581159022706788155741, 782819429264559660196157506672469644894536976755446/27884679953782809417348942276936483, 753333828992891707195029148865051197357773626977730413820/163785315155202294914368570620632588981, 6588174109355148507496298677303593499860336702352030661516580926/8658183115049458916058265748718500551302603}}"
"{1.020783834508628, 0.9834774615378578, 0.9672279173529484, 2535/2402, Sqrt[130525521/121159282], 130525521/121159282, 983640976859663/270427168767007, 106352795028/(43508507*Sqrt[6215501]), {2535/2402, 5263/2402, 95547/16814, 290701/16814, 979035/16814, 501283/2402, 1866501/2402, 7116523/2402, 192816075/16814, 753672421/16814}, {0, 6215501/5769604, 26588198757/24252530414, 983640976859663/233018312217712, 683471543464286145/69963748243368028, 39132239688079801885667/1344423386244560026048, 9363159994035367231522161/115332320491408327948832, 261881563622022297428023384049/1108112935281451214932377856, 797395506825126508274219501950905/1164488180863895045492062579424, 89569504929361781433539219766643754027/44753609766961214388350949052423168}}","{19.558758041485323, 0.5669129970650446, 0.3213903462412713, 1534867/25221, Sqrt[1514243474638/1272172461], 1514243474638/1272172461, 1782187340636676400328175/573233325120940837307761, 347872453802699726/(757121737319*Sqrt[757121737319]), {1534867/25221, 123426448/25221, 1673140984/3603, 1257220612810/25221, 149120907620752/25221, 19131615836415238/25221, 2602447515461276908/25221, 369166020614850569290/25221, 7704891113998392271816/3603, 8044597939839132068521678/25221}, {0, 757121737319/636098841, 347872453802699726/16043048868861, 594062446878892133442725/134873911840514427, 2570402081001947262063669119470/10204964791588843090101, 7327897402813350790278989503459952959/257379417008662211575437321, 5099577946956274642770112350704390345484122/2163788758791823212714701557647, 5487639130364670543867913888367839892677918917305/23388392693780817106233209136606423, 89636233126807503652297392586136204717931292853764034990/4129150564908921917654154373440454161381, 24448341867080214892364832545456118453060713421480710416249511/11571256266396435520572825272504632711576689}}"
"{0.8623245409735579, 1.6271026231770043, 2.6474629463494885, 613/1882, Sqrt[26860003/1951634]/7, 26860003/95630066, 2773177704411849/721459761160009, (108224665056*Sqrt[3/26860003])/26860003, {613/1882, 19663/50814, 8629/16938, 38335/50814, 21077/16938, 113023/50814, 23623/5646, 411775/50814, 270037/16938, 1606783/50814}, {0, 26860003/95631948, 167013372/833237621, 102710285348587/338721091787952, 322539120820850/737816081880701, 840076182397895203123/1199724364309950099648, 2994394118724867094873/2613288487999220008724, 8083240848591030641731945147/4249332519334155696745642752, 7343311970493341599814844525/2314017303642037332544936244, 79853796541714683777244985122579843/15050812834210110082040113958734848}}","{18.657436026146925, 0.9367332546045394, 0.8774691902820128, 360149/16938, Sqrt[113811921617/5854902]/7, 113811921617/286890198, 37403606368349643808545/12953153502154151894689, 32208610579423648/(113811921617*Sqrt[113811921617]), {360149/16938, 43131283/50814, 78189551/1882, 116803915519/50814, 784012477933/5646, 455581966596103/50814, 3437413365078373/5646, 2181923845524967039/50814, 5863421053611100671/1882, 11733776411919730863223/50814}, {0, 113811921617/286895844, 4026076322427956/607430225709, 12467868789449881269515/27436408434824112, 788684715582955230813578590/43567301818973513349, 23412250024289349919779311449460977/23614174662712747811371584, 212079690703690815171400033987865753873/4166425942052380441968873852, 18980368801032927680470807000709467763302241345/6774808570222389112902603389296896, 138834235498203361156581524312764542407480598597875/896497715331459584330814814124303316, 1887874371937700038715034448167881404726435190211860936393/215962713632487288026955965463288171611136}}"
"{0.7640348745838738, 1.510817742536949, 2.2825702511644423, 18431/55063, Sqrt[6153802/24062531], 6153802/24062531, 2368025913055031/795254860159284, 138701531989/(27692109*Sqrt[21538307]), {18431/55063, 20251/55063, 23891/55063, 31171/55063, 45731/55063, 4403/3239, 133091/55063, 249571/55063, 482531/55063, 948451/55063}, {0, 775379052/3031933969, 23301857374152/166947380135047, 1790227590269603436/9192623592376092961, 125578921613838570051720/506173432867004806711543, 10578936090002372937442569132/27871427733955885671957692209, 926953848084751742498747228563272/1534684425314812932755006406104167, 83580933653018254184577667384196423916/84504328511109544516288917739313747521, 7609092057725911438839367067609461008543240/4653061840807224849700416677479832879748823, 695761059354007966316959351591962174460917472812/256211544140368221899054043512072037857609440849}}","{16.402611151541624, 0.8894880166085326, 0.7911889316901812, 1141544/55063, Sqrt[27131514097/8865143]/3, 27131514097/79786287, 990358036266079759754089/531477959295302421745298, 231809271777194661/(515498767843*Sqrt[1030997535686]), {1141544/55063, 42389994/55063, 1808079482/55063, 83001640926/55063, 97826686954/1343, 201787216591494/55063, 10494975871559282/55063, 561386484380067006/55063, 30758432277546578954/55063, 1720388520893069250294/55063}, {0, 1030997535686/3031933969, 463618543554389322/166947380135047, 1980716072532159519508178/9192623592376092961, 2248430693560159286228442596010/506173432867004806711543, 5754804066958781813296835924623006826/27871427733955885671957692209, 9817661743029954809868690268309091402977122/1534684425314812932755006406104167, 22072703062376298012494483163855555115349398085618/84504328511109544516288917739313747521, 44679628884157901447986163427937849809165434982540058170/4653061840807224849700416677479832879748823, 99059109467801323711303171948529961985434003294952909513830266/256211544140368221899054043512072037857609440849}}"
"{0.8355543194531474, 1.9259994310488682, 3.709473808400564, 12338/54775, Sqrt[282334478/6667213]/15, 282334478/1500122925, 328910862150814423/79712757467532484, 5247390345411/(282334478*Sqrt[141167239]), {12338/54775, 13088/54775, 2084/7825, 17588/54775, 23588/54775, 5084/7825, 59588/54775, 107588/54775, 29084/7825, 395588/54775}, {0, 564668956/3000300625, 20989561381644/164341466734375, 1315643448603257692/9001803840375390625, 88329549109531734140172/493073805356562021484375, 1403255688610471826949394316/5401623537681136945361328125, 614081897976801271810534767111852/1479369646382421380910833740234375, 8118230404973184020907879580856318404/11576067482942447305627274017333984375, 5402390535935731124189103963416776669985484/4438553674647207858160137540096282958984375, 520005136246980146808927624063731611922973471484/243121777528800810430721533758773899078369140625}}","{24.18552043596401, 1.1911364405967058, 1.4188060201173895, 133388/7825, Sqrt[29450685307/2857377]/5, 29450685307/71434425, 17772615838427008446643/5204057190311674105494, (5606039781137443*Sqrt[7/176704111842])/29450685307, {133388/7825, 38498482/54775, 1975479962/54775, 22649496998/10955, 6955530316946/54775, 447668473272142/54775, 4254337833214526/7825, 405742271557102742/10955, 140608329367061739506/54775, 9869830625210204007502/54775}, {0, 176704111842/428614375, 33636238686824658/3353907484375, 15233670718651721525694/26244326065234375, 777670815006994117906312422/29337407351494140625, 447193347796092892415230691674662/321391297535618310546875, 130682090317257271198532500048565576502/1796347788011580914306640625, 385011890691339046546481161672981025375568846/98394950088334344581146240234375, 163582569620882257997959132132814659472823867667338/769940484441216246347469329833984375, 70180333056050600085494875313931983113297860120185284638/6024784290752517127668947505950927734375}}"
"{0.882604457167628, 1.3347527420569378, 1.7815648824285144, 27143/54789, Sqrt[656265259/1500889866], 656265259/1500889866, 3588022204087920285/861368180340674162, 28831164667523/(656265259*Sqrt[1312530518]), {27143/54789, 37403/54789, 61475/54789, 120275/54789, 38549/7827, 664883/54789, 1742675/54789, 4761395/54789, 13388243/54789, 38410163/54789}, {0, 1312530518/3001834521, 57662329335046/164467511571069, 2392014802725280190/3003670163822433147, 755633464579348965267470/493704253817001869072949, 91742917498351963347992876698/27049562362379715404637802761, 3827177244040060624912368168911242/494006157424140742434900191824143, 212766300551625173438913770563778615750/11599758582476248773113891404222701783, 197182846755679418770203537071207663951404750/4448774210827038358210958973021703255921509, 2941002772662306813483112258465515491564457632042/27082654470778067178668914574765122187631506289}}","{28.85925573805094, 0.9582074927707197, 0.9181615992019488, 1722104/54789, Sqrt[680722268567/750444933], 680722268567/750444933, 6317191994216705875869513/1853531227692011504933956, 518041823385492110/(680722268567*Sqrt[680722268567]), {1722104/54789, 14832308/7827, 7768174160/54789, 675284677364/54789, 65465589427064/54789, 6845535962744876/54789, 753550928041125920/54789, 12276191094157625852/7827, 10049682845261289225224/54789, 1197543790684378246754396/54789}, {0, 2722889074268/3001834521, 4144334587083936880/164467511571069, 8422922658955607834492684/3003670163822433147, 95219910328602616883797936658840/493704253817001869072949, 463111100644508057095681444633085312668/27049562362379715404637802761, 722296877864706615898300999943319067909266880/494006157424140742434900191824143, 1525051714155130103341826695667971623892127523416396/11599758582476248773113891404222701783, 53182547757465819716010696106535240558602952197743561813160/4448774210827038358210958973021703255921509, 29982933754960331208434010877984887263181416237477172679894943852/27082654470778067178668914574765122187631506289}}"
"{0.8098579492711018, 0.9190034090721435, 0.8445672658862216, 51705/53921, Sqrt[564457547/181713770]/2, 564457547/726855080, 2425825486344510569/1274449289461028836, 8817146929461/(1128915094*Sqrt[564457547]), {51705/53921, 91453/53921, 180129/53921, 55003/7703, 877425/53921, 2110093/53921, 5319009/53921, 13967581/53921, 37956945/53921, 15144619/7703}, {0, 2257830188/2907474241, 35268587717844/156773918548961, 9703301945378042276/8453406462078526081, 475305025253461903176900/455816129841736204813601, 66583559787699930971272291268/24578061537196257899754179521, 5671191117490320870672357837260484/1325273656147159422212645113951841, 94034772292369344242041057832117561948/10208582973301569029304005312771031223, 67786862468700577837103289155374910253898500/3853199017523757325403708893289487422027681, 7538771245875205707632544740720095032552068446148/207768344223898518743093387235062451283154587201}}","{16.331923841448226, 0.5078051926714667, 0.25786611370410545, 3415081/53921, Sqrt[751844881003/181713770]/2, 751844881003/726855080, 5400012559602497674132255/2261082900361660921144036, 464016337187155749/(1503689762006*Sqrt[751844881003]), {3415081/53921, 272067613/53921, 3562086919/7703, 2509481850517/53921, 269615127358921/53921, 30361883222852653/53921, 3540641657000155153/53921, 424113892545989675077/53921, 7413533292681599899423/7703, 6461232396443236960820893/53921}, {0, 3007379524012/2907474241, 1856065348748622996/156773918548961, 21600050238409990696529020/8453406462078526081, 31528011807594836660926314325620/455816129841736204813601, 213795978152142442535963820486065737852/24578061537196257899754179521, 487774104319953098052258891475983892537929636/1325273656147159422212645113951841, 367452494408391565850185070985059364021641645498980/10208582973301569029304005312771031223, 7615071018591597936660703269121397034198200049082878920340/3853199017523757325403708893289487422027681, 35416499196217940415200001484482902361886468341429382896230410492/207768344223898518743093387235062451283154587201}}"
"{0.49162687413970735, 0.8778480730494923, 0.7706172393567068, 8728/13681, 78*Sqrt[12865/249555121], 78270660/249555121, 559466370589/251738010225, 1710871991/(58702995*Sqrt[38595]), {8728/13681, 9859/13681, 12121/13681, 16645/13681, 25693/13681, 43789/13681, 79981/13681, 152365/13681, 297133/13681, 586669/13681}, {0, 58702995/187169761, 66724007649/2560669500241, 7658535146992821/35032519432797121, 74088395037449836485/479279898360097412401, 1916934190011671444418285/6557028289464492699058081, 30728890879938293455672997829/89706704028163724615813606161, 614631366308304666452382957678141/1227277417809307916468945945888641, 11078609471259107528917940343575224245/16790382353049141605211649485702497521, 209669201282488049802630434453162984786925/229709220972065306300900576613895868584801}}","{19.631907989733726, 0.6569386833796903, 0.43156843372064096, 2489377/54724, Sqrt[2674379783867/748665363]/2, 2674379783867/2994661452, 12153149558011506662087909/7152307228356501633473689, -294805558073434722/(2674379783867*Sqrt[2674379783867]), {2489377/54724, 162111279/54724, 11722138213/54724, 897343190943/54724, 71653595792797/54724, 5924659300041159/54724, 504674353775938453/54724, 44099903250802448463/54724, 3938567498390886934477/54724, 358363173875808133513239/54724}, {0, 2674379783867/2994716176, -147402779036717361/81941424007712, 12153149558011506662087909/8968324974796062976, 361596943997989261856652850755/122695653980184937574656, 68841533267608018989119864678264018687/26857587873646562095341899776, 19700957406596954850774022670161254574972389/734877319398717232052745061670912, 449451670169066153870439611927406340095489265673609/80430852853550803613708841509757976576, 63775953344010825221421329141734200764449961479836095595/550187248944714272119575330347499438768128, 3299310911615305469936777033956183152345131574274933576138267907/240867576090004350619773123023492474297176293376}}"
"{1.290052122675141, 1.0586624205463715, 1.1207661206771022, 63121/54838, Sqrt[4465342913/37125326]/9, 4465342913/3007151406, 97941842625220057409/19939287330679325569, 452729556746616/(4465342913*Sqrt[4465342913]), {63121/54838, 154083/54838, 515359/54838, 2030631/54838, 8643511/54838, 38360583/54838, 174883879/54838, 812848791/54838, 3834087031/54838, 18294452583/54838}, {0, 4465342913/3007206244, 56591194593327/20613647001059, 97941842625220057409/9043289393952587536, 1061562054859861490101335/30994743986598249706198, 3333920974094284197721372688513/27195036331793197078215774784, 81271857719164438503972037121068797/186415175295359417671899582200624, 18623862936057436527979060539439598313527/11683011866110765424333290615677507328, 825251265781522706106314393280115598353215015/140147219781139846261785091733676938374064, 5408868521260424190179983275630254519828002395176513/245932583627460700457720667535724030289821492224}}","{38.63662931704641, 0.7300144078739748, 0.53292103570359, 1987870/27419, Sqrt[1403911216142/55687989]/3, 1403911216142/501191901, 5694539338193971616701423/1478225027106982081023123, 1116163946062514234/(701955608071*Sqrt[2105866824213]), {1987870/27419, 31560461/3917, 31607251912/27419, 5300083185431/27419, 971796862662100/27419, 186845293860266267/27419, 36862334929726327192/27419, 1054714080238688860073/3917, 1493135644649332368520540/27419, 304047889911385744445885507/27419}, {0, 2105866824213/751801561, 3348491838187542702/20613647001059, 17083618014581914850104269/565205587122036721, 50681146033140678639651030760950/15497371993299124853099, 197470946542309020711143295614929590933/424922442684268704347121481, 687683238725626011583428908511399454498532382/11650948455959963604493723887539, 366032145857121790613396651544915437523366100426587/45636765101995177438801916467490263, 9348679213535097159043376275010492038451646860000867868870/8759201236321240391361568233354808648379, 34783451411352807889689923152950678029796910529665622293498759653/240168538698692090290742839390355498329903801}}"
"{0.5478173388409582, 0.999867611853905, 0.9997352412344314, 10031/18306, Sqrt[100592489/37233726]/3, 100592489/335103534, 20264522052162129/10118848843215121, 290812098400/(100592489*Sqrt[100592489]), {10031/18306, 32975/54918, 12913/18306, 50267/54918, 8147/6102, 119435/54918, 70553/18306, 396107/54918, 255001/18306, 1502795/54918}, {0, 100592489/335109636, 36351512300/766814624577, 6754840684054043/37432822713350832, 9963536439818564800/64241742430368780993, 9901345738944866688618169/37632298781770588955451456, 2525380249054335239868169925/7176008973948879181442649516, 6599047699681412707524567086504609/12610945946602385500366957635830016, 677401954449060608690252038856549125/901781158197278394412959087818376066, 513988509686690701634632621158843353436161/469561056197955649084405448863379691070464}}","{18.14864702769864, 0.7171135347435141, 0.5142518217123373, 1938131/54918, (7*Sqrt[39421950365/37233726])/9, 1931675567885/3015931806, 6564772847066456243871033/3731370499563837243373225, -43264074245514428/(13521728975195*Sqrt[39421950365]), {1938131/54918, 103573097/54918, 6123554357/54918, 385649386781/54918, 25475169500021/54918, 1750360290351077/54918, 124371233470163357/54918, 9096642372319848701/54918, 682121976703175421221/54918, 52252802937365357841557/54918}, {0, 1931675567885/3015986724, -10816018561378607/41407989727158, 2188257615688818747957011/3032058639781417392, 219454901561030052967708651645/62442973642318455125196, 28524122868535497831214808040097335685/27433945811910759348524111424, 1919462070744886838398960483580301234756841/125551453008209590158520595931936, 148443043343155597571345665319942537386690445712113/82740416355658251267907609048680734976, 13266042234692308418625128662840591938251962395214152085/283996136588752490195684379608465537713248, 99297748076985282412243393419336042137938272009758521533700565/27727110807433083122785057349933707378019828736}}"
"{0.9315650033287947, 1.4297463118686304, 2.044174516301951, 1945/4268, Sqrt[100529311/59200361]/2, 100529311/236801444, 43534723961006317/10106142370134721, (367335246246*Sqrt[13/100529311])/100529311, {1945/4268, 35077/55484, 57619/55484, 111577/55484, 246115/55484, 595057/55484, 1532539/55484, 4126297/55484, 1042745/5044, 32627137/55484}, {0, 100529311/236805712, 183667623123/505343389408, 3348824920077409/4313611171986688, 6860614358753389335/4602623120509796096, 256089700233690388650451/78575981913343238950912, 1244899154889338358177297873/167681145403074471921246208, 25188951771237008728449767287669/1431326257160643692319757631488, 32663470732008624425994019341239775/763612558195203409852590696398848, 2757309529306062062258871494500123982791/26072787187017025226006856737842266112}}","{26.863092963966114, 0.9885007279905685, 0.977133689237884, 1525351/55484, Sqrt[2273451751243/769604693]/2, 2273451751243/3078418772, 12383217893223792668780869/5168582865229863552045049, 2659673782288920594/(2273451751243*Sqrt[2273451751243]), {1525351/55484, 82909441/55484, 5396224129/55484, 385011251101/55484, 29257378133521/55484, 2332776986512021/55484, 193272431089744729/55484, 1270939064195690737/4268, 1449368369733229909441/55484, 129880188133567577187301/55484}, {0, 2273451751243/3078474256, 1329836891144460297/85403032809952, 12383217893223792668780869/9477003744854753536, 8000765440028747579800001718885/131455518944880286297856, 115559422203310927325877415218032123503/29174712052550951219800969216, 192760726662365792174972913055137350917839747/809364861761868488739718487990272, 1398117143543278751475158047765198105031993895119689/89813599979991022458469081175304503296, 636593717259117164326077771831732857420985569338200857565/622902222661227736260712312491324382609408, 19047051972289820878904978185020739054714831848957283386660884563/276488855377084477749514895570149136357603147776}}"
"{1.3541434180397802, 1.692457449412296, 2.864412218071174, 26055/55114, Sqrt[1944508261/3037497882], 1944508261/3037497882, 27251103574125236521/3781112377097244121, 166731767522556/(1944508261*Sqrt[1944508261]), {26055/55114, 47599/55114, 110751/55114, 316639/55114, 61455/3242, 3760159/55114, 14209791/55114, 3242927/3242, 216889215/55114, 859596319/55114}, {0, 1944508261/3037552996, 41682941880639/41852923955386, 27251103574125236521/9226728203508576016, 575190025745474228013795/63565237276021457318228, 842533852894839185614291979341/28026675897845172789094543936, 39732395528003082560256211273161429/386165553858459713274539173622176, 30448197104224994028049160959838374944721/85132513341420594549651808060050432256, 367192587101593865447071712061330109295049195/293249583768690915500594359338851220209824, 1137541406038391227548949501380712751024704766384821/258594520957242097870396120329623138410307838976}}","{32.07422385551298, 1.0739736882223148, 1.1534194829938418, 1532607/55114, Sqrt[2709199661369/3037497882], 2709199661369/3037497882, 34375915350868788007329521/7339762805161904270954161, 6805074975758230920/(2709199661369*Sqrt[2709199661369]), {1532607/55114, 91774937/55114, 7526257647/55114, 715557965897/55114, 4309150128831/3242, 7800440552049017/55114, 849380244485353167/55114, 93750516491998102697/55114, 10438737564452482137327/55114, 1169297654699494910126297/55114}, {0, 2709199661369/3037552996, 850634371969778865/20926461977693, 34375915350868788007329521/9226728203508576016, 9166074089853355885827101088345/31782618638010728659114, 679788505843136468297782326209196196649/28026675897845172789094543936, 391497308100015811155216583017048056936962755/193082776929229856637269586811088, 14625766955413135155308721601293267310767169177638881/85132513341420594549651808060050432256, 2142625285051389708244921382635390716028047484314037513065/146624791884345457750297179669425610104912, 322916359860286089976601152876201557556765302511309864224433602329/258594520957242097870396120329623138410307838976}}"
"{1.322992862527217, 1.5982223889713203, 2.554314804609194, 28431/54892, Sqrt[2064670627/83696577]/6, 2064670627/3013076772, 28601136494174010325/4262864797996573129, 178483141645146/(2064670627*Sqrt[2064670627]), {28431/54892, 52339/54892, 125307/54892, 360139/54892, 1150251/54892, 3906859/54892, 13809387/54892, 50223019/54892, 186638571/54892, 705284779/54892}, {0, 2064670627/3013131664, 89241570822573/82698411650144, 28601136494174010325/9078962424599408896, 1110376620200504227429185/124590601352777688279808, 739789685939183551293856626967/27356109157826691460220882944, 63619753495192279649534792728106943/750815771945711373817222353281024, 22491640223189296516023595339520170672105/82427558707287977463149938832603938816, 507080626838662876385304308725748926037046825/565576694070056457363403305299911926185984, 742945068566084239283338442034651756087112605768907/248365087127148312460735473876182123617608269824}}","{20.717357322625542, 0.8007978236012991, 0.6412771542845774, 1773363/54892, Sqrt[18847309601/782211]/6, 18847309601/28159596, 12804332467266074519772229/4066926135714394675072249, 2621609922414298386/(2016662127307*Sqrt[2016662127307]), {1773363/54892, 94029703/54892, 6281614929/54892, 479710895995/54892, 39695532481953/54892, 3457348014377443/54892, 311871980879167209/54892, 28862986469553559195/54892, 2724424524580766040273/54892, 261252020888772217481683/54892}, {0, 2016662127307/3013131664, 1310804961207149193/82698411650144, 12804332467266074519772229/9078962424599408896, 8602551465537203784299935212645/124590601352777688279808, 130193563705037111979432582853690493167/27356109157826691460220882944, 219147251214226330716073376533094585191272963/750815771945711373817222353281024, 1619674611070156790932723293866660531346021210706249/82427558707287977463149938832603938816, 738055511630965088263534029575862899295627771421837633245/565576694070056457363403305299911926185984, 22185199529620201452245091566196346536393090557952499682324572627/248365087127148312460735473876182123617608269824}}"
"{1.1408956194654005, 1.5292560143812648, 2.3386239575212713, 1345/2757, 2*Sqrt[23268077/167220321], 93072308/167220321, 4369682323076169/1082806814555858, (66350407601*Sqrt[11/46536154])/23268077, {1345/2757, 24097/30327, 4153/2757, 8891/2757, 228875/30327, 571537/30327, 1498403/30327, 4076761/30327, 11407355/30327, 32590177/30327}, {0, 46536154/83611539, 132700815202/230517013023, 264829231701586/211845134968137, 4299242113991321450/1752171111321461127, 25978437199267463829734/4830735753913268327139, 54291699778915109828807854/4439446157846293592640741, 96292551891793104676308219698/3338059924686063118611960801, 7046926360315075173141583058100490/101233343335954236198144935211927, 5289484244145350151743388400723878646/31011147508580647688698398486586971}}","{21.123078736405382, 0.8255849193426391, 0.6815904590459919, 939860/30327, Sqrt[1204128043990/1839423531], 1204128043990/1839423531, 1479389755294831288419177/362481086580795843780025, 542544376380289531/(602064021995*Sqrt[602064021995]), {939860/30327, 16326495/10109, 3338300639/30327, 89513583733/10109, 2182721625805/2757, 764924946858425/10109, 228734903765278139/30327, 7807880943838392693/10109, 2442533267389354474295/30327, 85996239362124827129905/10109}, {0, 602064021995/919726929, 542544376380289531/27892558575783, 493129918431610429473059/281965874642590347, 2833587792044845686028021090955/25653537240857512360407, 6543531195409841183692912760598581125/777994823903485777354063089, 4872413586716151866847596556652783625971957/7864749674840337723272223766701, 33861606563349054296563143615769868988907383617657/715542790166648766401030190518223681, 78837147028311914524001874665881895525090326296371430115/21700266197383957138644042587846169573687, 20665006840148058143852754117314519336552299344085349037666245/73122663663118140904850875506845642740133961}}"
"{0.6847127042450151, 0.8889969587729103, 0.7903155927074835, 23679/27331, 7*Sqrt[384818/31785953], 18856082/31785953, 630493044728221811/196353497228777329, 6410919938118/(3101825489*Sqrt[9043223]), {23679/27331, 36728/27331, 68496/27331, 149042/27331, 361164/27331, 938498/27331, 2552436/27331, 7158122/27331, 20502924/27331, 59592818/27331}, {0, 443117927/746983561, 6410919938118/20415807705691, 630493044728221811/557984440404240721, 24655351166742508045590/15250272740688303145651, 1538559512809486923335876507/416805204275752013273787481, 81574080849675314033547461114718/11391703038060578274785885643211, 4771386408958150940072162917004102771/311346635733233664828173040514599841, 272368502021802427772961094141830875207430/8509414901225009293418797370304528254371, 15850641476653085272315006011213438868694837387/232570818665380728998429150927793061720213801}}","{16.711546329232362, 0.5352125263237468, 0.28645244833384736, 1594482/27331, 10*Sqrt[14565112077/1493939791], 1456511207700/1493939791, 103443857576136326311546/44196352044910677901875, (21543620884428183*Sqrt[3/9710074718])/1213759339750, {1594482/27331, 119667354/27331, 10349935515/27331, 982111650384/27331, 99317363464047/27331, 10506676914287424/27331, 1148818549662312495/27331, 128801838625597393944/27331, 14726814780938138364447/27331, 1710516836199044376350544/27331}, {0, 728255603850/746983561, 193892587959853647/20415807705691, 1241326290913635915738552/557984440404240721, 763729020839311958782483392855/15250272740688303145651, 2823572346138900519576964389750739500/416805204275752013273787481, 2739080722061721065975710753832359966606227/11391703038060578274785885643211, 7540385235916025381457336326243459903065975858392/311346635733233664828173040514599841, 9602529007515649304851214573686187508955196704343253375/8509414901225009293418797370304528254371, 22367211250754291017581555964790826891637364622473850306341700/232570818665380728998429150927793061720213801}}"
"{1.0661761483435095, 1.2975422691833531, 1.6836159403174853, 11540/18223, Sqrt[336308591/498107482], 336308591/498107482, 896478905229315999/226206936760810562, (85403894781*Sqrt[3/672617182])/4606967, {11540/18223, 58834/54669, 40518/18223, 291478/54669, 257070/18223, 2176054/54669, 2141598/18223, 19651078/54669, 20645550/18223, 200593174/54669}, {0, 672617182/996233187, 4156322879342/6051452455567, 597652603486210666/330826854293392323, 7668407364831102916470/2009552588596162767343, 1016896810694597348020292122/109860230465963622327874467, 15312094578650341746975595015702/667327659927085029893618804047, 2170941873867772554073056454114661146/36482135840553811499254246398445443, 35419225064155529872090013377931636535830/221604653807470702316970044039623769263, 5388485846252564849278764889145317994511772762/12114904819000615824966435337602191841838947}}","{25.748760584896896, 0.7836487286573716, 0.6141053299263147, 2292211/54669, 2*Sqrt[201662025317/747161223], 806648101268/747161223, 3310840615811519851895361/1301362318558539166415648, 138664247135160433/(403324050634*Sqrt[201662025317]), {2292211/54669, 155130397/54669, 12938454883/54669, 1202636006485/54669, 118835549768971/54669, 12184061767243117/54669, 1279497768713643043/54669, 136626790611297342085/54669, 14771036204266170837691/54669, 1612431710026083281369437/54669}, {0, 3226592405072/2988699561, 4437255908325133856/163389216300309, 8828908308830719605054296/2977441688640530907, 72882762968626244919961160101120/488321279028867552464349, 309822150472336172146865987135601373432/26696036003229160225673495481, 357219942357867964255985953718310028370307392/486481864086844986792448108150263, 4234426793116093632438498381130068209890512599935688/79786431083291185748869036873400183841, 15880505012704616064118220229114298120581908562820422997760/4361844400892445833704921376831914650403629, 6910612553945451138394860515424407243579389800376352087819497688/26495296839154346809201594083335993558101777089}}"
"{1.5485339655261752, 2.13326247993571, 4.550808808301456, 2091/6145, Sqrt[22384187/42480385], 22384187/42480385, 48737154477721113/8016829242415504, 2452444663617/(179073496*Sqrt[44768374]), {2091/6145, 7109/11061, 5015/3687, 173269/55305, 141803/18435, 219569/11061, 65493/1229, 8159269/55305, 7707883/18435, 13334609/11061}, {0, 179073496/339849225, 544987703026/696124495875, 21660957545653828/12833055081455625, 32434070155248156054/8762124830616090625, 837104872083163281396956/96917862751444578403125, 20814414878591601353037158858/992600444346044890478671875, 960154802438310989136596404981252/18298589191519337555974316015625, 5025813486825998002072622543767331314/37481610193962109760487390638671875, 240155199149846061475728264442973408483644/690973483925691493434585046423916015625}}","{40.65127655362222, 1.438287401547318, 2.0686706494497358, 1086794/55305, Sqrt[610826644271/84960770]/3, 610826644271/764646930, 5620916739090233125158333/1492436757405483108485764, 679872679963055741/(610826644271*Sqrt[610826644271]), {1086794/55305, 7281696/6145, 4802368088/55305, 25553180732/3687, 32241937272344/55305, 938138798361188/18435, 252615881173903088/55305, 514933930272686196/1229, 2162520003381484220264/55305, 68212111593178209207988/18435}, {0, 2443306577084/3058643025, 5438981439704445928/169158252497625, 7494555652120310833544444/3118432384793716875, 82337091572692236844364950790096/517394709123049535315625, 65703069154760709108025353125554436204/5722902877610050910126128125, 443916871829200176963052896343356130709174968/527508572743706442640875859921875, 5536411784622405343121906133716420993102777352684548/87521584846772054430760918298937890625, 23385501381504740574780465394554929632421971208970253706752/4840381249950728470293232586522760041015625, 11122243729497847486466671878260598809026576435039745788628606924/29744142780947226449951914244182360452041015625}}"
"{1.8325750723750478, 1.3183120128226433, 1.7379465631524893, 57517/54547, 2*Sqrt[239557442/495886777], 958229768/495886777, 6739124202683612797/2754612864844001472, 69933327558995/(3832919072*Sqrt[359336163]), {57517/54547, 166051/54547, 538399/54547, 1863679/54547, 6746167/54547, 25323631/54547, 98162839/54547, 391781359/54547, 1605887767/54547, 6744404911/54547}, {0, 5749378608/2975375209, 419599965353970/162297791525323, 80869490432203353564/8852857634331793681, 11015491410871678184976090/482896825379896349917507, 1837383658719328121513524370508/26340573133997206198950254329, 303248493420595738001312874852327450/1436799242740145606534139522883963, 53109614004713382953660663560326216656844/78373088293746722399617708554751529761, 9564784213492661920685472783381926198449778490/4275016847159002466731947148536031693873267, 1779181791386426402820312190908339289855342250320908/233189343961982107552827521111194920805705095049}}","{82.87779737579099, 1.1614434693804463, 1.3489509325664877, 3351297/54547, Sqrt[7575024305270/1487660331], 7575024305270/1487660331, 25439390504794566243574613/11476198645086249229954580, 14649410363693931489/(7575024305270*Sqrt[3787512152635]), {3351297/54547, 483642367/54547, 83536905441/54547, 15042462636823/54547, 2749111992396297/54547, 506779395216602767/54547, 94056760022966129121/54547, 17561309593277384568583/54547, 3296921945359937894403897/54547, 622138030951395404148008767/54547}, {0, 15150048610540/2975375209, 58597641454775725956/162297791525323, 508787810095891324871492260/8852857634331793681, 3105721245368167528673137417254660/482896825379896349917507, 22365364101739452537352312508090952525460/26340573133997206198950254329, 152135599777846406903106528235383873242128679076/1436799242740145606534139522883963, 1077213462637986116400520766377427614834182485566474660/78373088293746722399617708554751529761, 7598053413389103554193428457986625927758656100350537840177860/4275016847159002466731947148536031693873267, 54370905438029781890540886612279040259914230052952408059217229318580/233189343961982107552827521111194920805705095049}}"
"{0.8105753492283003, 1.0414933679082277, 1.0847084353968228, 41955/56144, Sqrt[1909293671/1628147]/44, 1909293671/3152092592, 6679969655001325229/3645402322120656241, 40216958685510/(1909293671*Sqrt[1909293671]), {41955/56144, 65359/56144, 112425/56144, 207331/56144, 36315/5104, 790699/56144, 144915/5104, 26971/464, 6790425/56144, 14408539/56144}, {0, 1909293671/3152148736, 20108479342755/88487119316992, 6679969655001325229/9936041653866397696, 79973577098901451654635/139462280653668758061056, 30600118396744537127067111251/31319881140078315010319712256, 1023057092889614256499814240872665/879211703364278458969694962450432, 177997289244818857603435981511227551449/98724923747368099600789107943634108416, 1854788437352151395033811100708023680592315/692851514859029322998337959548424172863488, 1420544068047800378561581267993059985265481373631/311195643601962738483349491207093814089981362176}}","{19.123586724706286, 0.6346615680834917, 0.4027953060021966, 2665559/56144, Sqrt[2861892159519/1628147]/44, 2861892159519/3152092592, 2133356504924189094945557/910047414746258371367929, 848762129253079306/(953964053173*Sqrt[2861892159519]), {2665559/56144, 177527375/56144, 14076510935/56144, 1236559799759/56144, 10547628577669/5104, 1035616657398445/5104, 1156365278349128135/56144, 120456527957435261519/56144, 12814964826282125358359/56144, 1387816042075356027572015/56144}, {0, 2861892159519/3152148736, 1273143193879618959/88487119316992, 19200208544317701854510013/9936041653866397696, 9852918324435065681334835871535/139462280653668758061056, 187858068624908219336748756906808381659/31319881140078315010319712256, 280636722499673469308319692296275589988107629/879211703364278458969694962450432, 2339329859104381310809964610833978880643075572039033/98724923747368099600789107943634108416, 1041816682812971622490556650119779565420259475676515929455/692851514859029322998337959548424172863488, 33791886170157044335695332057860784219188505894384325428240430999/311195643601962738483349491207093814089981362176}}"
"{0.731257918199335, 1.0960952703833984, 1.2014248417568552, 33839/55596, Sqrt[275140063/154542981]/2, 275140063/618171924, 6192074620038493221/1892551356691099225, 41670993647842/(1375700315*Sqrt[1375700315]), {33839/55596, 45341/55596, 71201/55596, 131489/55596, 277769/55596, 647441/55596, 1618121/55596, 4253489/55596, 11606249/55596, 32557841/55596}, {0, 1375700315/3090915216, 20835496823921/85921261174368, 2064024873346164407/3184585624166775552, 137868473589291654900125/132787666770882040191744, 64712277985211140166594610655/29529852487175831626000797696, 1258425297161301795042862938065417/273623613146171255846523391451136, 936213839523370238943641517774514552841/91274270378847222840259886826704142336, 14848212392302532364305667571223511424956725/634310541997798775128386083502180437164032, 1707608757642351122097467841127675870424689796555/31346781238141885068478002398566420964063576064}}","{24.999176524990194, 0.7721133685795969, 0.5961590539393324, 194279/4633, 2*Sqrt[13500731541/51514327], 54002926164/51514327, 2468668534174762447513/506304867061533985225, 5283579613780532/(22501219235*Sqrt[22501219235]), {194279/4633, 13003572/4633, 1198761994/4633, 131679811068/4633, 15715381706224/4633, 1949887906086702/4633, 246794425896741934/4633, 31602692828470039368/4633, 4078527133452717753244/4633, 529418115344785567100082/4633}, {0, 22501219235/21464689, 5283579613780532/99445904137, 2468668534174762447513/460732873866721, 921513632880939565348857700/2134575404624518393, 380830185344623296645354314458785/9889487849625393714769, 154067302627389961351055217357234632352/45817997207314449080524777, 63637578322126896638547752399594266838866433/212274781061487842590071291841, 26343931318501310176105457162858762030619293625260/983469060657873174719800295099353, 10986434305000977246596207837166123676626390170461445185/4556412158027926418476834767195302449}}"
"{0.7554100872020109, 0.9190309253083994, 0.8446178416732127, 12829/14344, Sqrt[139007519/914430]/15, 139007519/205746750, 36052744167527933/19323090338535361, 523235381778/(139007519*Sqrt[139007519]), {12829/14344, 21165/14344, 77615/28688, 19251/3586, 324263/28688, 179295/7172, 1660235/28688, 502251/3586, 62261/176, 6663645/7172}, {0, 139007519/205750336, 261617690889/1475641409792, 36052744167527933/42333200764112896, 101804701864318967625/151806857940108845056, 14360713204017814574715419/8710070281171685093933056, 150650987655998982972568195419/62468624056563325493687877632, 9118382300947220638033359840226553/1792099886934688681762917833506816, 31064130108851134268025716185793840265/3213235097273896806400911675477721088, 7428058836444479132798815808456026454128919/368725153882374206328117416584419450290176}}","{19.46319901589368, 0.5539020192837016, 0.3068074469665622, 3639809/57376, Sqrt[162583140343/914430]/12, 162583140343/131677920, 31309041023993371560213181/16520798452369771348530625, -372642824864424006/(4064578508575*Sqrt[162583140343]), {3639809/57376, 301742681/57376, 27563930249/57376, 2661911579537/57376, 267989889259769/57376, 27945750145502081/57376, 3006733749268346249/57376, 332779482573685995857/57376, 37785487360609374648089/57376, 399087208468490095744771/5216}, {0, 4064578508575/3292005376, -931607062161060015/94441050226688, 31309041023993371560213181/10837299395612901376, -4371304750221419193490180071375/155450222530671457337344, 307456460207916506928663222480241363675/35676447871679222144749797376, -43733544778849041956978451410817014035635405/1023485936542733524888582187122688, 3455746756847597706839885882221317273037580252194681/117447058190151757448014583136702693376, 101088785042517338400429989857831281706044030659938275825/842330301339768404417160590256431716892672, 42811335366822551859371997439488089162122299070701402862700212375/386636346957364415774712048212424209507471589376}}"
"{1.0824640091985533, 1.1946007195999928, 1.4270708792688207, 41947/55301, Sqrt[1255479157/61162906]/5, 1255479157/1529072650, 10540480088426831449/3152455827322861298, (33961240430220*Sqrt[2/1255479157])/1255479157, {41947/55301, 77223/55301, 171877/55301, 434475/55301, 1183477/55301, 3368643/55301, 9863437/55301, 29478315/55301, 89591557/55301, 276498963/55301}, {0, 2510958314/3058200601, 135844961720880/169121551435901, 21080960176853662898/9352590915956761201, 2273746179105981199603920/517207630243324851176501, 291045778251407161319127232034/28602099160086107594911681801, 36384624637454562239715278731289760/1581724685651921836106210915277101, 4730519676063807546673687680215475457778/87470956841236929458509569825738962401, 626431415702651537613224867515056928799999280/4837231384277243435985037720933190359737701, 85320389893868149904686796844768520921459776293954/267503732781915839253408571005326360083854603001}}","{29.162919838808183, 0.8184225014578317, 0.6698153908924945, 2407736/55301, Sqrt[138677808623/4368779]/5, 138677808623/109219475, 3966133838494418193338846/942345195619393244650321, 4189730891870877357/(3882978641444*Sqrt[970744660361]), {2407736/55301, 175045140/55301, 16475418122/55301, 1849734465312/55301, 234124944536426/55301, 31973164162457640/55301, 4572368711773590002/55301, 672388699663203134112/55301, 100614585151695238226906/55301, 15227785585276234840156440/55301}, {0, 3882978641444/3058200601, 8379461783741754714/169121551435901, 63458141415910691093421536/9352590915956761201, 317040771953431894840854132946890/517207630243324851176501, 1946963090802025031338188028013215615784/28602099160086107594911681801, 11442833399034947883619056214932746859519566274/1581724685651921836106210915277101, 69704027263974934572387300835736346634794381775684256/87470956841236929458509569825738962401, 424562944567144169249900487844108368606052051839840279816090/4837231384277243435985037720933190359737701, 2609970686052299192819779820771056193619750502400030534970637808024/267503732781915839253408571005326360083854603001}}"
"{0.7650055844826203, 0.9409381021733955, 0.8853645121216712, 51236/59297, Sqrt[1162077853/109877341]/4, 1162077853/1758037456, 7423580836795913539/2700849872866179218, 30669255458589/(1162077853*Sqrt[2324155706]), {51236/59297, 83466/59297, 157298/59297, 340134/59297, 839546/59297, 2352486/59297, 7372298/59297, 25200054/59297, 91445306/59297, 344606406/59297}, {0, 2324155706/3516134209, 61338510917178/208496210191073, 14847161673591827078/12363199775700055681, 1486618733826418997210370/733100657099686201716257, 259624160495675374279731930326/43470669664040092703168891329, 42562169029041246731655891733107138/2577680299068585377019805749135713, 1090235173546821501594084629496031294874/21835529813409986728734774500928624823, 1378026807938407240701904695917938938354725730/9063469879420403881376501465070952662906017, 252479318330970949533905579325984029541094406329046/537436573439991688953982407374312280052338090049}}","{17.47162366997784, 0.5575153160260159, 0.3108233276035884, 3333131/59297, Sqrt[1726557520155/109877341]/4, 1726557520155/1758037456, 4145850344304781891542293/1987333913602522154149350, (54261583493843252*Sqrt[6/575519173385])/575519173385, {3333131/59297, 245592143/59297, 20907269177/59297, 1940206113779/59297, 190332451370681/59297, 19392657433535243/59297, 2030779590610092977/59297, 217161323889712079219/59297, 23615278280472958290761/59297, 60562509544546467072401/1379}, {0, 3453115040310/3516134209, 1953417005778357072/208496210191073, 24875102065828691349253758/12363199775700055681, 31441896716359491579986229024600/733100657099686201716257, 231563408249341829377464437614746248310/43470669664040092703168891329, 459495624319155268624312560028671089360018592/2577680299068585377019805749135713, 364120212493233782886083270096215427182222965440034/21835529813409986728734774500928624823, 6680652534737421964342253027708378384399578165525237652520/9063469879420403881376501465070952662906017, 31590675908446515393343103889848919337859178249616970878679606310/537436573439991688953982407374312280052338090049}}"
"{0.9588179951560977, 1.1692060211164663, 1.3670427198149986, 20770/29613, (2*Sqrt[294861283/70153197])/5, 1179445132/1753829925, 246122207195890938/86943176212406089, 12577739616587/(589722566*Sqrt[589722566]), {20770/29613, 11494/9871, 66463/29613, 48032/9871, 340375/29613, 285324/9871, 2256283/29613, 2054752/9871, 17302255/29613, 16514804/9871}, {0, 589722566/876929769, 12577739616587/25968521249397, 328162942927854584/256335273252797787, 48547099815336011802175/22772569340505302599293, 3091789938291268569895247296/674364095880383525872863609, 64014279345132150963392940007469/6656647990435265783891036684439, 12577470941103720422198221878751534832/591369950822278576975095808008876321, 832688153207978208686413257890733602275295/17512238353700135499963512162566854493773, 6207832904307632904110876159920079499415297664/57621101596458012506713276185565806902677761}}","{37.190329762919376, 0.8580537974959925, 0.7362563193972937, 1495834/29613, (2*Sqrt[823679975011/70153197])/5, 3294719900044/1753829925, 1770207860761252393673346/678448701234121584450121, 1928908461273749147/(1647359950022*Sqrt[1647359950022]), {1495834/29613, 131188306/29613, 14446307455/29613, 1761541596832/29613, 226414495877659/29613, 30043045369805296/29613, 4074247137325308955/29613, 561537317651086032232/29613, 78378851147346788515819/29613, 11052080672636926704545536/29613}, {0, 1647359950022/876929769, 1928908461273749147/25968521249397, 2360277147681669858231128/256335273252797787, 15370302625740467369375768108995/22772569340505302599293, 44522289066865377348454402818235727932/674364095880383525872863609, 38606690668825680538899230687323428924766949/6656647990435265783891036684439, 325467485754273884336271253357738536474460615158104/591369950822278576975095808008876321, 899077401438212871674864281015925290232845585407057668555/17512238353700135499963512162566854493773, 282644724874066051527200426565000781979396786018819230473312788/57621101596458012506713276185565806902677761}}"
"{0.7544022850066849, 0.8858749409836018, 0.7847744110626999, 56955/59248, Sqrt[2545664791/46081]/276, 2545664791/3510266256, 17772780938517115597/6480409228137073681, 78494528024022/(2545664791*Sqrt[2545664791]), {56955/59248, 97717/59248, 198903/59248, 460261/59248, 165705/8464, 441451/8464, 8543223/59248, 24227221/59248, 69928815/59248, 204332797/59248}, {0, 2545664791/3510325504, 39247264012011/103989882730496, 17772780938517115597/12322385144032854016, 345775809780532850754915/182519168753414633684992, 192626033692029444996682438051/43255582841209240866273624064, 10353841985288498746790988819638481/1281403386087982551422489839271936, 368445828650447032800457091842368304351/21691596519697368630479907999195332608, 37864442838582102053324505236359064117507475/1124535746774150984541339390494284433063936, 36822268070591953530293216440308825624046871195311/533011951398999180256842209664042912721376641024}}","{18.709919285495367, 0.5392394562572385, 0.2907791911846022, 1906129/29624, Sqrt[1056478276951/46081]/138, 1056478276951/877566564, 2499188987820186151704589/1116146349669353857856401, -235604401382193030/(1056478276951*Sqrt[1056478276951]), {1906129/29624, 158311033/29624, 1813412837/3703, 1420718257339/29624, 18362417601473/3703, 15911607414384943/29624, 448401489534211789/7406, 209143114380054533419/29624, 3136009419360783101918/3703, 3080768721304401354129703/29624}, {0, 1056478276951/877581376, -117802200691096515/12998735341312, 2499188987820186151704589/770149071502053376, -113631111780014148129536834715/5703724023544207302656, 7484886522483395736664287154374358051/675868481893894388535525376, 212895840068038473053292814637952150685095/10010963953812363682988201869312, 3603881270881564546878027855705454100420160296287/84732798905067846212812140621856768, 1227265047326881276972254568831111515630811343183784885/2196358880418263641682303497059149283328, 92359181418038322038154242003501120607196032571977103890903151/520519483788085136969572470375041906954469376}}"
"{0.6715469546663928, 1.260786151967995, 1.5895817209942642, 23978/56757, Sqrt[228476285/805325073], 228476285/805325073, 478870823366843379/208805651229604900, 4874411127037/(456952570*Sqrt[228476285]), {23978/56757, 8744/18919, 30740/56757, 13252/18919, 57788/56757, 31284/18919, 165980/56757, 103412/18919, 598748/56757, 391924/18919}, {0, 913905140/3221357049, 19497644508148/182834562030093, 638494431155791172/3459047079047329467, 124008983905848164868260/588975405196467835675557, 10818671576717326394231668300/33428477072735924949437588649, 309608464445904558363325222715116/632433357739090964118409739650431, 82589035019555420383450122473449787756/107685060255592757551405744780018536801, 7358328187732264610866509432103045897293220/6111880964926678140345135856479512093214357, 73118207787837738407722300974195667986053997740/38543558658482607912396541756245296430507473361}}","{17.316322917143548, 0.7384840537429908, 0.5453586976326804, 1802158/56757, Sqrt[885585147973/1610650146], 885585147973/1610650146, 6751570115799923676084867/1568522108620720612017458, 1153365219236081197/(885585147973*Sqrt[1771170295946]), {1802158/56757, 29476210/18919, 5505604390/56757, 137088782938/18919, 35446201467958/56757, 1127466412923130/18919, 344731422473461990/56757, 12194717445934449658/18919, 3979183755267765868438/56757, 146507037950657742211450/18919}, {0, 1771170295946/3221357049, 2306730438472162394/182834562030093, 4501046743866615784056578/3459047079047329467, 48563064382379189159942960610850/588975405196467835675557, 224694012899169617206426018461106422646/33428477072735924949437588649, 330194683334439645659143645467668590611760358/632433357739090964118409739650431, 4543082346386241544555705105341102231219125641480694/107685060255592757551405744780018536801, 20862239682808335218743721840790526576877741308094373196130/6111880964926678140345135856479512093214357, 10755755418799607514249179571205398935972541985818278350766156294/38543558658482607912396541756245296430507473361}}"
"{1.098754647679441, 1.0406961060445954, 1.0830483851363837, 56245/55441, Sqrt[155734627/3880870]/6, 155734627/139711320, 28916555496093430577/5869292319332649218, (62767543126335*Sqrt[2/1713080897])/1713080897, {56245/55441, 118859/55441, 327655/55441, 1111199/55441, 4333975/55441, 18462119/55441, 83049295/55441, 386453759/55441, 1837427815/55441, 8860395479/55441}, {0, 3426161794/3073704481, 251070172505340/170409250131121, 57833110992186861154/9447659236519479361, 10080106461643694523185700/523787675731876455253201, 2084726400322454699449532396794/29039312530250962555692716641, 430866461371587758875404865508215260/1609968525989643615050159903293681, 91639304156194225459330786159182378898354/89258265049391831661995915198504968321, 19683487764835818381444385556804966004940374420/4948567472603332539172715534520313948684561, 4264947899789247578313043190211098876400144492775594/274353529248601359304274521949340725629020746401}}","{36.81999023791194, 0.7351796396691875, 0.5404891025841164, 3776833/55441, Sqrt[3854825090153/42689570]/6, 3854825090153/1536824520, 81943754091632188654845581/29719352951346169155126818, (3521928234847635417*Sqrt[2/3854825090153])/3854825090153, {3776833/55441, 396351395/55441, 50530689979/55441, 7276803484103/55441, 1131538096311403/55441, 184738601481135695/55441, 31133670337093353859/55441, 5360882820902717900903/55441, 937236877566236226444283/55441, 165713100834623442614349695/55441}, {0, 7709650180306/3073704481, 14087712939390541668/170409250131121, 163887508183264377309691162/9447659236519479361, 663942763239524138134771492252620/523787675731876455253201, 5039020518417075535662832952694432189586/29039312530250962555692716641, 27255128385359430645581217885234633251041600308/1609968525989643615050159903293681, 183120069455063097296448234864366583003811454538805962/89258265049391831661995915198504968321, 1106820051530026351775893929980335114065765142267184169367260/4948567472603332539172715534520313948684561, 7218425862315972118226705419163445230729161254366276944805528822466/274353529248601359304274521949340725629020746401}}"
"{0.4845020901891864, 0.6543737437394983, 0.4282049964956466, 34898/30843, (2*Sqrt[260744869/1250855])/39, 1042979476/1902550455, 61067721040797585/19425110488522046, (978439571113*Sqrt[2/260744869])/260744869, {34898/30843, 6266/3427, 106184/30843, 25354/3427, 547568/30843, 160546/3427, 4145144/30843, 1420154/3427, 41837888/30843, 15956626/3427}, {0, 521489738/951290649, 3913758284452/29340657487107, 284982698190388730/301651299624947067, 25278783454091653913060/27911493102996727162443, 2683077508844759988208646158/860874181775728055871229449, 53888326372336202447994752520124/8850647462836260142412109965169, 13892244616517195126909672258871679070/818941559088776314717250122967122401, 1078524324936109252914392911969505408387140/25258614506975127874824145542674956214043, 10163084954625726285556100329931820277642908542/86561271915403763227022346774747074945525361}}","{12.59244755950585, 0.4090879840076508, 0.16735297865944396, 4641553/61686, Sqrt[3605396508809/2501710]/39, 3605396508809/3805100910, 30313266377411564543079249/12998883985732125614598481, 798948990426852200/(3605396508809*Sqrt[3605396508809]), {4641553/61686, 407700463/61686, 39683074273/61686, 4155239005111/61686, 459662809070113/61686, 53086355956446343/61686, 6348858793843352353/61686, 781736630541680508151/61686, 98675273427207600643873/61686, 12726006265660313791576423/61686}, {0, 3605396508809/3805162596, 99868623803356525/29340657487107, 10104422125803854847693083/4826420793999153072, 1267814804826543803686706007625/55822986205993454324886, 355281693227342519570795249509034969689/55095947633646595575758684736, 19836935049052986452757592080031345609042405/141610359405380162278593759442704, 5094684530529100710757985170818048253451778811561889/209649039126726736567616031479583334656, 337588302970598947153111705102290416907102460591048703425/404137832111602045997186328682799299424688, 9370264700198498196861868694796191846698456502739276410838699041/88638742441373453544470883097341004744217969664}}"
"{1.4467391161846348, 1.7347144430411405, 3.0092341988955345, 3437/7149, 5*Sqrt[11375158/408858459], 284378950/408858459, 101576984668257948/20217846800775625, 555297362356/(142189475*Sqrt[5687579]), {3437/7149, 8833/9532, 59027/28596, 50283/9532, 437543/28596, 470363/9532, 4922687/28596, 6031843/9532, 68714663/28596, 88690443/9532}, {0, 142189475/204432804, 694121702945/730745057898, 8464748722354829/3482730945941868, 241420723843793316985/37347065298807621498, 10461628369874501553795415/533988339642351372178404, 40227837210232082974646248655/636247106683861659950568366, 5783088872801862197053354705144247/27291183394097562041919679491204, 70683605707847881638465403974590333105/97552335042201735518841894341308698, 388242859650239129488781201757997706572895/154978142937044490494266822810225751556}}","{51.90213926755582, 1.2711604554628828, 1.6158489035326036, 1837045/57192, Sqrt[5452965423551/817716918]/2, 5452965423551/3270867672, 94974914220803350260669501/29734831910442736825449601, 14819000941112725010/(5452965423551*Sqrt[5452965423551]), {1837045/57192, 154352003/57192, 15613494805/57192, 1740893841227/57192, 206065148593765/57192, 25341806064629483/57192, 3196087135574542405/57192, 410107141333761915947/57192, 53277358528438538148325/57192, 6985736700451088320102763/57192}, {0, 5452965423551/3270924864, 7409500470556362505/93535367410944, 31658304740267783420223167/3566316488644472832, 118308059297461199127549965812585/152973579463916017655808, 2675289780213455712932954691943407803131/34995459826801139527083884544, 2487838348305605134573467256810143455705696905/333576723069068461972163587473408, 85275227375747970931563631914643425799972257502869881/114467519674596980862671879368674902016, 61320556600588630374082065779504690042116205725950515369065/818328298153693816187241265606656874512384, 316478569077328942040983855775621406408082860826563587265297756479/41601628469338717098116179966734151081877569536}}"
"{1.1495202313809112, 1.4626660037271002, 2.1393918384590056, 32099/59740, Sqrt[734758833/297400655]/2, 734758833/1189602620, 579114206767201711/179956847557173963, 13672326264922/(734758833*Sqrt[244919611]), {32099/59740, 10829/11948, 103223/59740, 216337/59740, 487439/59740, 232853/11948, 2921783/59740, 7648417/59740, 715051/2060, 11563397/11948}, {0, 2204276499/3568867600, 61525468192149/106602075212000, 15636083582714446197/12736815946329760000, 416989708026220197948249/190224346158434965600000, 41080030143144947712073920699/9091201951603923875955200000, 13143122352036497759250778144772247/1357771011472046030873909120000000, 3539140646814823894194888636716694410793/162226480450680059768814661657600000000, 61444122762836007142448543712126362028095649/1211426242765453346323623485928128000000000, 69788245486305662654413340931263969719630799578491/578964829942465463274986136394770933760000000000}}","{63.99393076279835, 1.2433584623247655, 1.5459402658346055, 24009/580, Sqrt[30594936239/2887385]/2, 30594936239/11549540, 3227528182649243250637/936050123468475465121, (1123979083017718*Sqrt[103/91784808717])/30594936239, {24009/580, 260616057/59740, 33913187049/59740, 4907513926917/59740, 755727370313577/59740, 120822565545725277/59740, 19768964451177123009/59740, 3283015279984480624677/59740, 550711351162634641384377/59740, 93046566402090010195013997/59740}, {0, 91784808717/34649200, 1685968624526577/10048268000, 282017025668380478211/11655990880000, 4676473709942835016429197/1690118677600000, 277328223781330594493392851957/784215066406400000, 50715075296801200636174145139813051/1137111846289280000000, 7559205343120700783308476267072636732639/1319049741695564800000000, 70749815350007379103286255658249188169308037/95631106272928448000000000, 42667875753656136620745212593993580754514182443973/443728333106387998720000000000}}"
"{0.8595174230047596, 1.0986180280171447, 1.2069615714842796, 41355/58072, Sqrt[688051205/281024926]/2, 688051205/1124099704, 582425340206656531/284048676421171215, 3784849255682/(137610241*Sqrt[2064153615]), {41355/58072, 9285/8296, 113745/58072, 215655/58072, 61815/8296, 906495/58072, 1973145/58072, 637665/8296, 10516305/58072, 25836495/58072}, {0, 2064153615/3372357184, 28386369417615/97919763194624, 8736380103099847965/11372792976476409856, 140695498788106170810495/165110208432484518289408, 59052892009604408296962054315/38353120096364963784410005504, 2740312250835272805108528786397965/1113621195118053088444128919814144, 85804089591110182449708277960654031295/18477202869398736843464987037556277248, 8527947459196686431094378998432795903170335/938882109402758015226986386339347115802624, 8282802830272234081107993834628762803840785753415/436182094857895707682092427419988525671119847424}}","{28.226949989754814, 0.7584599241223008, 0.5752614564996062, 2849479/58072, Sqrt[4670772550519/843074778]/2, 4670772550519/3372299112, 34115108952112930537684429/21816116218681764407169361, 2726511591011309862/(4670772550519*Sqrt[4670772550519]), {2849479/58072, 220249055/58072, 19508831581/58072, 1831424561987/58072, 177464481545629/58072, 2507225035344845/8296, 1761009102445828021/58072, 178638714105593493827/58072, 18277475542312884217069/58072, 1883116541028079517146475/58072}, {0, 4670772550519/3372357184, 1363255795505654931/97919763194624, 34115108952112930537684429/11372792976476409856, 10582090126886946602130874695435/165110208432484518289408, 296589695645672755256206070074941711619/38353120096364963784410005504, 269292427608999537383264904952178875271981961/1113621195118053088444128919814144, 407189311852707471783583432948777829021664038686687/18477202869398736843464987037556277248, 812913371499327895925430252340228448343258677833217980155/938882109402758015226986386339347115802624, 29309372987085761502138946144815732720292769845285397854069103119/436182094857895707682092427419988525671119847424}}"
"{1.2351270077074483, 1.51476721135567, 2.2945197045982333, 29969/55674, Sqrt[2060765117/344393178]/3, 2060765117/3099538602, 17678821558883028441/4246752867444023689, 133160098803316/(2060765117*Sqrt[2060765117]), {29969/55674, 53147/55674, 111419/55674, 263975/55674, 678179/55674, 1838087/55674, 5169299/55674, 14933495/55674, 44037539/55674, 132053927/55674}, {0, 2060765117/3099594276, 33290024700829/43141702930506, 5892940519627676147/3202494891937321392, 261460966284385647136465/66860887730144411691828, 271539953748195730616649768277/29779304507904479812246656576, 3003355519044614825277288778025413/138161083264422834088918363184352, 4915520815579154114301017539814520478001/92303761795961722380797291423107358976, 42724540109679176336110371142708810149500665/321182477139273308239281775168129943976864, 10759320441812168088212622370802482462339119655493/31789356857336714956291152979040829335054091264}}","{34.46702412509368, 1.1280195754, 1.2724281624855962, 1508075/55674, Sqrt[2893818928445/344393178]/3, 2893818928445/3099538602, 22500141491066999667486297/8374187990626568030118025, 4862213797117956532/(2893818928445*Sqrt[2893818928445]), {1508075/55674, 30942685/18558, 6899064857/55674, 62128061867/6186, 47568784331345/55674, 1391901149929025/18558, 374911424929620497/55674, 11417440599261360241/18558, 3173733983321402829425/55674, 33060946369472567505355/6186}, {0, 2893818928445/3099594276, 1215553449279489133/43141702930506, 7500047163688999889162099/3202494891937321392, 8715430186882822527494488792465/66860887730144411691828, 265251445131018856308967198428060003925/29779304507904479812246656576, 80124175303052926454755352337234216280612981/138161083264422834088918363184352, 3654712719588794379046251214191763815257029062627377/92303761795961722380797291423107358976, 872163818151317779934377408519265993238495973333832764825/321182477139273308239281775168129943976864, 6024520541741521393678266698797755743661817391587143273133160645/31789356857336714956291152979040829335054091264}}"
"{0.970294330881898, 1.0488785451987028, 1.1001462025781472, 17545/19893, Sqrt[169324529/197862409], 169324529/197862409, 177954261394739067/57341592242143682, 2717615936185/(169324529*Sqrt[338649058]), {17545/19893, 97493/59679, 72425/19893, 555461/59679, 520465/19893, 4696733/59679, 1652995/6631, 2585399/3141, 55965185/19893, 590791373/59679}, {0, 338649058/395731449, 5435231872370/7872285714957, 4393932380117014/1933375058365921, 13601026847106940568690/3115311032921934582693, 704500746454922474585696398/61972882377916044653511849, 3915478152036866696249030081530/136980727682653764032479023573, 1902231328861834519431521198862333814/24524618542119281951082946943439201, 105371106484981908767594793147560243277890/487868236658378875852893063545836025493, 223313146562154158412907667946920334765487994/359450475253523369531170433819159853893787}}","{37.78891523011074, 0.7936311698379952, 0.6298504337384248, 3580540/59679, (2*Sqrt[1009339403953/197862409])/3, 4037357615812/1780761681, 34913106323086438900025511/16300256517955156992419344, 8107755841282828357/(8074715231624*Sqrt[2018678807906]), {3580540/59679, 350122856/59679, 2199709486/3141, 5445135252356/59679, 740910584607850/59679, 103350179613062876/59679, 14651175828043907794/59679, 2101271188354074415076/59679, 304089789006597858742810/59679, 44331429775534698778037996/59679}, {0, 8074715231624/3561583041, 16215511682565656714/212551714303839, 46550808430781918533367348/4228291252646269227, 524259982410004675439854937993050/757020581000030103594399, 3218282460404717846528818441732888973524/45178231253500796552410137921, 5040995442552770348054364735082506702945318518/898730554325891345817094873662453, 84789112466845048896521035429004807702622883061315804/160906022254844608881055214895904597761, 436183796721361185773181378463495311407155054144690398866570/9602710502146871413412494169772690489778719, 266353131358014232285823462803100461780602710065763615996996391236/63675573339735904342338248839762710637722685689}}"
"{0.7790751529793725, 0.7829363682325233, 0.6129893567011334, 3110/2447, 4*Sqrt[4631873/74846389], 74109968/74846389, 20555880570924625/5492287356961024, 842743285155/(296439872*Sqrt[9263746]), {3110/2447, 159388/61175, 412838/61175, 251468/12235, 845494/12235, 15084388/61175, 55841318/61175, 42331388/12235, 162976678/12235, 3170881588/61175}, {0, 148219936/149695225, 337097314062/366304215575, 657788178269588/179269283102405, 3193061776060796814/438671935751585035, 114934031654988038890516/5367151133920642903225, 701167811017468567658097702/13133418824703813184191575, 944545562819011639879991496932/6427495172810046172343356805, 6144023286105300023924701768957038/15728080687866182983724194101835, 204779496728286862408280939140469883796/192433067216042748805865514835951225}}","{24.075807719252005, 0.5439898115133152, 0.29592491503029217, 995413/12235, 3*Sqrt[16289529623/74846389], 146605766607/74846389, 45026170123706873788489/14328833868284104194966, (11311664964892816*Sqrt[2/16289529623])/146605766607, {995413/12235, 524748089/61175, 66723628643/61175, 9652007181629/61175, 304674343733191/12235, 255045601659587429/61175, 44472818882201022203/61175, 7981694738547868514909/61175, 292603124175833372302807/12235, 272447530524309981989526869/61175}, {0, 293211533214/149695225, 135739979578713792/1831521077875, 270157020742241242730934/22408660387800625, 268553541665582224948913667312/274169959844740646875, 3180329614594613207092555705245486/26835755669603214516125, 502370963785877640128741192870507172241728/41041933827199416200598671875, 708522464626814914747848303729440087198717062614/502148060375784857214324750390625, 966714453522230002885575207887351805972722855669234448/6143781518697727728017263321029296875, 1363076852787648504350081866019871597023599127276358844995894/75169166881266698752291216732793447265625}}"
"{0.9053362733421847, 1.068164879611305, 1.1409762100350338, 47184/59465, Sqrt[635036671/884006690], 635036671/884006690, 6389550870688723483/1613086294059048964, 17900099712966/(635036671*Sqrt[635036671]), {47184/59465, 80156/59465, 171888/59465, 87004/11893, 1209504/59465, 3539996/59465, 10693008/59465, 6612988/11893, 104365824/59465, 336075836/59465}, {0, 2540146684/3536086225, 143200797703728/210273367369625, 25558203482754893932/12503905790634750625, 3003489344055637289136096/743544757840095445915625, 85516776449163463183112317004/8842977804992255138274528125, 59335509524625035065780922171271504/2629238375869322258987474074765625, 1237538864857610931407981872292112191764/22335380003009892590098592265133984375, 1299655334372539546505900449664799087065900352/9297213603152882840091489523323346666015625, 202388758786975051148258833828116073742166786444316/552858806911486178086040424504422809494619140625}}","{30.451898183819246, 0.8072099605895657, 0.6515879204750082, 397013/8495, Sqrt[89863479339/63143335], 89863479339/63143335, 88748937635053952177257/21534519783762346338456, (12315116112754147*Sqrt[7/179726958678])/59908986226, {397013/8495, 214507721/59465, 22030734347/59465, 2654697384737/59465, 350127737435051/59465, 48727330893585041/59465, 1002820178777715581/8495, 1035810539684381321057/59465, 155561045644151217106091/59465, 23680240784374605545581361/59465}, {0, 718907834712/505155175, 42223255243728504/613041887375, 304282071891613550322024/36454535832754375, 234594567249030528722862926304/309681281899248415625, 42449323710218808610501116230957472/526148497946823058146875, 26938765459428258064812034363816925635272/3192593921470187056398359375, 173626468700006515068665828687213219434967706936/189847597540224673308728440234375, 23033844261978166802427036628334305104091444997606064/230393620157744085679664014255859375, 151666270515705962070090875984414347975469316358202872422288/13700356622680252054941220607724677734375}}"
"{0.9217474358429943, 1.3910769597087889, 1.9350951078326475, 28719/60292, Sqrt[1596003131/100974027]/6, 1596003131/3635064972, 7457651676441743333/2547225994161803161, 67873692334434/(1596003131*Sqrt[1596003131]), {28719/60292, 40151/60292, 63015/60292, 108743/60292, 200199/60292, 383111/60292, 748935/60292, 1480583/60292, 2943879/60292, 5870471/60292}, {0, 1596003131/3635125264, 33936846167217/109584486208544, 7457651676441743333/13214135684971069696, 154296514339410310202685/199176667179568933527808, 57612415584930082014736213631/48035038470362280561034399744, 2616798408303768473293590106281627/1448064269727541309792943014682624, 481445403297131202072311895148132344713/174613381900825841300072240482489532416, 5522049981854552744715829321096778102402325/1315973752695573952957994440396282361053184, 4058717144512787474831565284895705327318581088131/634741515980172358173947206402981248900948557824}}","{31.139122402687843, 0.8918032865883326, 0.7953131019697518, 1180315/30146, Sqrt[1107966900871/100974027]/3, 1107966900871/908766243, 4738871342411912425962013/1227590653425688340558641, 1344702345946953018/(1107966900871*Sqrt[1107966900871]), {1180315/30146, 41483288/15073, 7606120693/30146, 406804861394/15073, 94732242332245/30146, 5771815445520878/15073, 1441889142515379253/30146, 91320616305526290914/15073, 23329577631812437347925/30146, 1498032812063711491820918/15073}, {0, 1107966900871/908781316, 672351172973476509/13698060776068, 4738871342411912425962013/825883480310691856, 2756927405654346098855369086905/6224270849361529172744, 31093796114677743793322171806467396931/750547476099410633766162496, 41052999983956191298253776615240939964706879/11313002107246416482757367302208, 224800589733776687348906553155606728903678923413113/682083523050100942578407189384724736, 76274468457610607309897314623090555181731754932639862065/2570261235733542876871082891398988986432, 1670630412419409135341394295052902076057809911825757319408278591/619864761699387068529245318752911375879832576}}"
"{1.101656164320096, 1.1523799389781408, 1.3279795237592635, 50706/61123, 2*Sqrt[426788777/1867980003], 1707155108/1867980003, 10954045754670325975/2914378562770491664, 104607701559801/(3414310216*Sqrt[853577554]), {50706/61123, 97924/61123, 229914/61123, 637300/61123, 2005266/61123, 6892684/61123, 25089594/61123, 94620100/61123, 19188054/3217, 1423082044/61123}, {0, 3414310216/3736021129, 209215403119602/228356819467867, 43816183018681303900/13957853876334434641, 6714924334853555510121450/853145902483189648561843, 1246645616015630238973033726876/52146836997480000889045529689, 230064068403225422722620514744809882/3187371117796970094341129911180747, 43622409101707148488960213921046400588940/194821684833104203076412883561100798881, 8322265690852341523371720878680855517994843690/11908085842053828204639584681905164130003363, 1597321284936550822374120739872152669221382471109436/727857930923856141352185334512089347118195556649}}","{28.493703554265362, 0.7087776389300171, 0.5023657414472097, 3466838/61123, Sqrt[1006302973570/622660001], 1006302973570/622660001, 61892933563705334932781/30379370238474723556347, 1125492234890768257/(2012605947140*Sqrt[1509454460355]), {3466838/61123, 15548272/3217, 29768881286/61123, 3274623437200/61123, 380221182240998/61123, 45823085347576768/61123, 298819238443189154/3217, 718888764582867137200/61123, 92639150763797411861798/61123, 12112953936132181396353568/61123}, {0, 6037817841420/3736021129, 6752953409344609542/228356819467867, 74271520276446401919337200/13957853876334434641, 191369668782546655914598926539670/853145902483189648561843, 1276324208089308706077811269817485786600/52146836997480000889045529689, 4815724752561420314048572545522117550808311662/3187371117796970094341129911180747, 26937936730625989793218490042660173625802615629203440/194821684833104203076412883561100798881, 121313816071244765670545828973869103735214270586918984061990/11908085842053828204639584681905164130003363, 640296296632515268689134468613663381550000818693527826269448706680/727857930923856141352185334512089347118195556649}}"
"{0.762001097357158, 0.8689670212640239, 0.7551036840444706, 63082/62511, Sqrt[1502382631/1953781305], 1502382631/1953781305, 9251616737750870163/4514307139860964322, (13039493334062*Sqrt[2/1502382631])/1502382631, {63082/62511, 37242/20837, 223108/62511, 162718/20837, 1145092/62511, 946502/20837, 7369948/62511, 6618558/20837, 55101652/62511, 52139062/20837}, {0, 3004765262/3907625121, 52157973336248/244269553938831, 6167744491833913442/5089844695423421547, 1031760589057834106450200/954513845266840512973551, 176790022470485815672119842662/59667614981475467306489646561, 5660106026625660197487503603902616/1243294093369004312265324765391557, 2308012057054502167164606347483271297926/233158671211769485692053149228174858881, 267391931444767773859634063984648114134537400/14574981696118922320095934411402438603510191, 3784552634137325667982210140167363912960139472118/101232964534009994794612995110130871060447283289}}","{30.661512857233046, 0.7111190087680541, 0.5056902446312598, 3790229/62511, 2*Sqrt[908068355314/1953781305], 3632273421256/1953781305, 19384517444881327846451547/13193410206762767232617536, -995922455709939193/(14529093685024*Sqrt[454034177657]), {3790229/62511, 115341741/20837, 34563410507/62511, 1200702022665/20837, 386273698008659/62511, 14133927205980441/20837, 15285993941674837/201, 2705185465321567635/311, 63391191364982927062739/62511, 2508845073497591115257241/20837}, {0, 7264546842512/3907625121, -1991844911419878386/244269553938831, 25846023259841770461935396/5089844695423421547, -22819423827679872057153923702410/954513845266840512973551, 999317849983101283959391425171838694572/59667614981475467306489646561, 26125653771804670562708671030248526838046418/1243294093369004312265324765391557, 14784648770956189109245895532598609246422764002949948/233158671211769485692053149228174858881, 11783832145093785908774428155660275048597395898230207182550/14574981696118922320095934411402438603510191, 27365307608896097653321771332906941830050032686998884272015317548/101232964534009994794612995110130871060447283289}}"
"{1.2791412481012467, 1.1383747551809835, 1.2958970832333643, 64431/65275, Sqrt[896607469/28405069]/5, 896607469/710126725, 21270026401187569577/4823429720799515766, (43354255999636*Sqrt[2/2689822407])/896607469, {64431/65275, 20859/9325, 2451/373, 1484697/65275, 5668821/65275, 23065353/65275, 19636689/13055, 61763631/9325, 279171363/9325, 9015259593/65275}, {0, 5379644814/4260825625, 520251071995632/278125392671875, 127620158407125417462/18154635006656640625, 24704802627500148237805104/1185043800059512216796875, 1118133996001276287906688038894/15470746809776931990283203125, 1281048716920161167075648624803154016/5049264990040946178328680419921875, 43634359714136264975095348314346933643034/47084396032131823112914944915771484375, 74366623791880954190819868074101805596957765968/21514037656981833275868661205638885498046875, 18437660528538148455872709795066673824125655562340166/1404328808059489167082326860198078250885009765625}}","{31.58356142711645, 0.6986755673271178, 0.4881475483798699, 4223348/65275, Sqrt[4353396263873/85215207]/5, 4353396263873/2130380175, 6558052933073163143386903/2229654003565105299407074, 10175044992401006367/(4353396263873*Sqrt[8706792527746]), {4223348/65275, 406640534/65275, 48346496678/65275, 933136972022/9325, 957499743993638/65275, 148228184386306274/65275, 23843552828017153598/65275, 3944482081183074026714/65275, 666481017212694632218358/65275, 16351469290438297321254302/9325}, {0, 8706792527746/4260825625, 20350089984802012734/278125392671875, 222973799724487546875154702/18154635006656640625, 1142289528571186784644681767788622/1185043800059512216796875, 1833930788431889257721532619993219380686/15470746809776931990283203125, 61306150441045936020504732685850431668392390982/5049264990040946178328680419921875, 66501936950201481942448171102537232802115097448024994/47084396032131823112914944915771484375, 3402968015978135616665216209897486480566906039236853976026654/21514037656981833275868661205638885498046875, 25840902757710807532498702083121049549485416046856484564117906664534/1404328808059489167082326860198078250885009765625}}"
"{1.0835010202429494, 0.9106835054313881, 0.829344447064801, 39873/30520, Sqrt[1318516751/232863785]/2, 1318516751/931455140, 5851396614011765597/1738486422667596001, 43851286903314/(1318516751*Sqrt[1318516751]), {39873/30520, 47647/15260, 284457/30520, 491593/15260, 3730893/30520, 1076401/2180, 63629217/30520, 138856933/15260, 1243605333/30520, 2841804067/15260}, {0, 1318516751/931470400, 21925643451657/14214238304000, 5851396614011765597/867637106076160000, 109175480546531016131193/6620071119361100800000, 9084481770812369578550031151/161635656450320637132800000, 2176380945523728034621620306090171/12332800587159464613232640000000, 64522346328035382198955038456393115199/107542021120030531427388620800000000, 5880706288256724090282035911348579156309593/2871909674010415341768413118464000000000, 5026957353758017002996523535189997249403572290759/701205466006383009846175747004170240000000000}}","{33.52598413177919, 0.6354860718376122, 0.4038425474995988, 2533693/30520, Sqrt[2592465233791/232863785]/2, 2592465233791/931455140, 12729363873927597601216957/6720875988415024288231681, 2272867270014798354/(2592465233791*Sqrt[2592465233791]), {2533693/30520, 295283927/30520, 20528669753/15260, 1244042493913/6104, 493389487809719/15260, 161103339416154077/30520, 13419885689383310603/15260, 908188401312470642017/6104, 388872995745821862395159/15260, 134547101171460710725651277/30520}, {0, 2592465233791/931470400, 1136433635007399177/14214238304000, 12729363873927597601216957/867637106076160000, 5726678922873937507268420349993/6620071119361100800000, 17110128958045016320370026086383268671/161635656450320637132800000, 102980474603001647501349255455614842932899611/12332800587159464613232640000000, 96245468817631632823783382660530612203375631034239/107542021120030531427388620800000000, 230243499761618984349288531701097738137054122309230136233/2871909674010415341768413118464000000000, 5756822973948699210385413447003236574693279087483025102451949559/701205466006383009846175747004170240000000000}}"
"{0.9959777108938216, 1.1499326659318758, 1.3223451361771912, 45681/60650, Sqrt[2759363189/147134474]/5, 2759363189/3678361850, 24312490681597723337/7614085208808249721, 140558981436132/(2759363189*Sqrt[2759363189]), {45681/60650, 79903/60650, 166929/60650, 398479/60650, 1041081/60650, 2892823/60650, 8408049/60650, 25322239/60650, 78595881/60650, 250655143/60650}, {0, 2759363189/3678422500, 35139745359033/55774081156250, 24312490681597723337/13530792088506250000, 346394196661477480205013/102580317520988007812500, 79225506784663713286004367769/9954394012236676278125000000, 13974943284901343412427261977119379/754667496052693020335351562500000, 8375001076561678459153168520047315620113/183082334542383326733356289062500000000, 80988998310142784357912297377282757086391373/693996474374721797898628683227539062500000, 208490586444341500040693849715369341412680812129541/673454178733230032680829274204003906250000000000}}","{22.44658952031988, 0.6627987622796034, 0.43930219927937425, 3098973/60650, Sqrt[4218827824221/147134474]/5, 4218827824221/3678361850, 4149429457650119557313553/1977612023380144097139649, (457445092137412676*Sqrt[3/1406275941407])/1406275941407, {3098973/60650, 227905383/60650, 19872787257/60650, 379840471227/12130, 191719675104873/60650, 20045655187159623/60650, 2147064970737666297/60650, 46815114214346659899/12130, 25874334642604510756233/60650, 2892821083771971890752263/60650}, {0, 4218827824221/3678422500, 1029251457309178521/55774081156250, 37344865118851076015821977/13530792088506250000, 9835422893396708886600934664109/102580317520988007812500, 86954718921498800910241854503550053361/9954394012236676278125000000, 326624637755222522774098527490106544264516483/754667496052693020335351562500000, 6024401351497942847449819231200564638987884208250033/183082334542383326733356289062500000000, 1353507551607204198768940878857895311418332789617130379669/693996474374721797898628683227539062500000, 93997535279950657480021785043929410133970357180958246780780640909/673454178733230032680829274204003906250000000000}}"
"{0.6198815599109002, 0.7235545005705684, 0.5235311152959246, 23695/20012, Sqrt[881799697/300355105]/2, 881799697/1201420420, 2481211439298219981/777570705629291809, (8908462429254*Sqrt[3/881799697])/881799697, {23695/20012, 128231/60036, 92807/20012, 697199/60036, 644255/20012, 5769191/60036, 6074327/20012, 60213599/60036, 68801615/20012, 729260951/60036}, {0, 881799697/1201440432, 1484743738209/4007204320864, 827070479766073327/481153037214782208, 1855149181121432194445/802402881728518462208, 1315688403682742351426878237/192692237629813337588477952, 9246688080160816791079128732779/642692843241304085303436795904, 2967819180678705567091570279567264027/77169415073669864130554262957785088, 6232194354613019566232336470039835059365/64346430602261721707527162929633132544, 8075356096563633437837787113198127130625942377/30904818461099077795464806029147637963292672}}","{14.443177897830742, 0.426950544702342, 0.18228676762162654, 4756849/60036, Sqrt[4124645620979/901065315]/2, 4124645620979/3604261260, 44681614478914101968014773/17012701498661240524918441, 33867853950442190/(317280432383*Sqrt[4124645620979]), {4756849/60036, 148534535/20012, 46315895017/60036, 1733071768951/20012, 620660598332809/60036, 25961493469283655/20012, 10174203119996011417/60036, 457407782479315862231/20012, 189798935008922252428009/60036, 8926283915413469338054375/20012}, {0, 4124645620979/3604321296, 220141050677874235/108194516663328, 14893871492971367322671591/4330377334933039872, 6395516949139202843556257831575/194983900260029986316544, 637996586131947151735043145608046812359/46824213744044641034000142336, 118267176586116581949620369484752008349092915/468523082722910678186205424214016, 10454684573013046304845256871802613031476855818676393/168769510766115992853522173088675987456, 2160751984848442802389254707136228751637118291562183926415/1266530793544317468369257147943968947863552, 20743987866006926437505743729967131945519305123786574985688479171/67588837974423683138681530785745884225721073664}}"
"{0.7334490484266314, 0.8701663705454392, 0.7571895124282226, 60893/62864, Sqrt[2807581831/246988727]/4, 2807581831/3951819632, 15315582078375901549/7882515737761312561, 40260905126874/(2807581831*Sqrt[2807581831]), {60893/62864, 103645/62864, 197105/62864, 407893/62864, 901073/62864, 2102245/62864, 5149025/62864, 13175893/62864, 35029553/62864, 96136645/62864}, {0, 2807581831/3951882496, 20130452563437/124215570614272, 15315582078375901549/15617375262191190016, 185015834353774745426565/245442669620596742291456, 129882445177989359177543906611/61718031932116774429640359936, 5962826580149547743828715806024727/1939921179690294453872455793508352, 1644192155401025283945508807692353277529/243902410080101341096476122006218080256, 24005171528964483564324015220286984497625205/1916585138409436338336109366724861674651648, 24931734184542919637702022579355273190707299504991/963873665127766447785289433838333634522409598976}}","{24.282617143902186, 0.6066775310635796, 0.36805762669740055, 4147455/62864, (5*Sqrt[253239979335/246988727])/4, 6330999483375/3951819632, 37227708766289699259411/20713981632296907959375, (219063691465370078*Sqrt[3/84413326445])/10551665805625, {4147455/62864, 374337975/62864, 38484479637/62864, 4242797070075/62864, 489648050203125/62864, 58470367970338755/62864, 7175668075899699597/62864, 900757997324396064795/62864, 115228749915614222201925/62864, 14975673195237737801525235/62864}, {0, 6330999483375/3951882496, 985786611594165351/124215570614272, 72035616462770568066960285/15617375262191190016, 17554363547147786529212677836375/245442669620596742291456, 1068712099314098908154610553011874825995/61718031932116774429640359936, 962006622868198813564449308767350811696862421/1939921179690294453872455793508352, 18410863818851963555622220295556443481061234481530425/243902410080101341096476122006218080256, 5992060334551493502265608830603803578792304526521327224375/1916585138409436338336109366724861674651648, 349220201220078340111630611830587533109682874818219797403706552615/963873665127766447785289433838333634522409598976}}"
"{1.4338610506517366, 1.0798531520729224, 1.1660828300418262, 79763/64867, Sqrt[3709331690/2103831411], 3709331690/2103831411, 68813931004264506631/13759141586438256100, 207614397867771/(3709331690*Sqrt[1854665845]), {79763/64867, 212447/64867, 739859/64867, 3165071/64867, 15629123/64867, 84510287/64867, 482014979/64867, 2834398991/64867, 16966945283/64867, 102706603727/64867}, {0, 7418663380/4207727689, 830457591471084/272942672002363, 275255724017058026524/17704972304777280721, 73226709622388456014993020/1148468438493987868529107, 22554185542937566015980842151340/74497702199789511067877583769, 6943742608943784469631872278732066204/4832442448593746214440015226343723, 2182311002140467941719856184941598425810524/313466044312930535692080467687238279841, 691148462715584841275859113414727197252470981500/20333601896446865058738183697468085498446147, 220704038115014935079860015889295288731018215368527500/1318979754216818795765169761903662302027706217449}}","{42.454824333227265, 0.7604907910463312, 0.5783462432662746, 4761710/64867, Sqrt[6556576194587/2103831411], 6556576194587/2103831411, 254169902426058094988469941/85977382790849892176201138, 22665273988940259837/(6556576194587*Sqrt[13113152389174]), {4761710/64867, 551698622/64867, 80951076446/64867, 1222302914794/5897, 2398018936316030/64867, 448740333279463982/64867, 87133886250415350446/64867, 17442120926084383911374/64867, 3582238901433715187638430/64867, 751810874433637861498828142/64867}, {0, 13113152389174/4207727689, 45330547977880519674/272942672002363, 508339804852116189976939882/17704972304777280721, 3470006307817072406914581596992530/1148468438493987868529107, 32671208178992591231979497631538425243274/74497702199789511067877583769, 283807038446030949360424318125336862770000538194/4832442448593746214440015226343723, 2702369043570517397305143436507845602052447457760416282/313466044312930535692080467687238279841, 25715148097500680278924710940324912931765286148758232137539250/20333601896446865058738183697468085498446147, 252087010766550073738397226482433623598777457484259638573057671584874/1318979754216818795765169761903662302027706217449}}"
"{1.003659559667215, 1.8600836758315988, 3.4599112810951924, 2533/8732, 5*Sqrt[2663841/228739106], 66596025/228739106, 2450830300680181/492781171755625, 178381196598/(110993375*Sqrt[887947]), {2533/8732, 3277/8732, 4765/8732, 7741/8732, 13693/8732, 25597/8732, 49405/8732, 97021/8732, 192253/8732, 382717/8732}, {0, 22198675/76247824, 89190598299/332897999584, 2450830300680181/5813730664734976, 8352639899200568535/12691374041116452608, 483847030785823835936935/443284312508115456692224, 3559665774745191119093443449/1935379308410432083918249984, 105678225884813874413890728561961/33799464242079785913548317720576, 196744781540050427250296221034661135/36892115220230086324637988792008704, 23476644362699885905586315645539598150395/2577135600824392910293911345054560026624}}","{31.346882770197013, 1.2403013505843854, 1.5383474402614505, 1067591/52392, Sqrt[1753298865143/686217318]/2, 1753298865143/2744869272, 9717155353080786273270477/3074056910511731700410449, 2821221292759833382/(1753298865143*Sqrt[1753298865143]), {1067591/52392, 55219297/52392, 3516831503/52392, 243747282193/52392, 17719347035351/52392, 1329940984477897/52392, 102192283755161663/52392, 7996568262511785313/52392, 634883990784166064231/52392, 51004876990906836451897/52392}, {0, 1753298865143/2744921664, 1410610646379916691/71905967910144, 3239051784360262091090159/2511531647165509632, 6690681333479707377243611973515/98688124543721535479808, 83139706539356775419654123735452216963/20681872884378634747432402944, 42818539141980338440836289504167932781782147/180594114026394238614579742507008, 816658432013415650034343391049059848133504571304217/56770120932425081696970371216562978816, 328222639328140062242344533548131564980986798910175465595/371787521986451860033458961097270948265984, 949808006566013916677404711390486727344232255349632253364592087/17314392757257054089664872790940639574712385536}}"
"{1.5261202606960815, 1.3964400178912109, 1.9500447235680054, 39103/49965, 4*Sqrt[46588214/624112815], 745411424/624112815, 7039094932878801963/2222552764118831104, 94364950888567/(11926582784*Sqrt[46588214]), {39103/49965, 90277/49965, 239653/49965, 700417/49965, 2191693/49965, 7218337/49965, 24743293/49965, 87565777/49965, 317958733/49965, 1178709697/49965}, {0, 2981645696/2496501225, 188729901777134/124737683707125, 9385459910505069284/2077506122142166875, 3394853113708579289472622/311407780178500103728125, 94348595659965197026524502436/3111897947323751536555153125, 22209702654177430004252793130491794/259143301563385409206630376484375, 9791219331896999277092256144136098406508/38844285187843655913027860283125390625, 1471870080216312188187946662328983941452639454/1940854709410608267694437039046360142578125, 25058987533625014170832477208650830132931604505476/10774978395077893566150282961772376058212890625}}","{43.52442339161171, 0.9698916092795056, 0.9406897337507891, 770604/16655, 2*Sqrt[104737330922/208037605], 418949323688/208037605, 1586733907372428004134297/702074143274530391685376, (495157650062921067*Sqrt[3/104737330922])/3351594589504, {770604/16655, 41516528/9993, 7495211378/16655, 2640081606868/49965, 108532421507114/16655, 8316056137763060/9993, 1817338686444529418/16655, 729799431035148048868/49965, 33106455121203703108874/16655, 2739937132811442394419572/9993}, {0, 1675797294752/832167075, 330105100041947378/4619914211375, 2115645209829904005512396/230834013571351875, 845582010794668145466136868346/1281513498676955159375, 831160657189487168314788346477330012/12806164392278812907634375, 2053121668550953047700508141367280018680154/355477779922339381627750859375, 9857145059281386942239735342903815745681110777244/17761447273819687203030571688671875, 5213970271716683053392854232831463344496015697238379802/98605634781822296788824723824943359375, 25417749693084618733109358322911221416652269532336347441403948/4926830541873751059053627325913294951171875}}"
"{0.9528546878554568, 1.725395469338201, 2.9769895256127907, 8915/27853, Sqrt[473197238/1551551365], 473197238/1551551365, 267115568827242823/55978906512707161, 5719163225148/(236598619*Sqrt[236598619]), {8915/27853, 11348/27853, 16442/27853, 3902/3979, 51110/27853, 104858/27853, 230822/27853, 23398/1211, 1319030/27853, 482774/3979}, {0, 236598619/775789609, 5719163225148/21608067979477, 267115568827242823/601849517432372881, 12575712801272460181560/16763314609043881854493, 662684031818738470774681219/466908601805699241293193529, 37256001501056305695753527921268/13004805286094140967739319363237, 318326577829051211460246790745216809/51746120233368586910634751746320023, 140775059768502041013624469013940157371600/10088992808020106758553368182731761204333, 9318570811063142966290605288225673607525017819/281008716681784033545986963993627744824287049}}","{30.24337467738242, 1.1474759483078196, 1.31670105194493, 639757/27853, 6*Sqrt[29938978207/1551551365], 1077803215452/1551551365, 82212787278315546751183/24201245234138965240923, 53362054571007881/(179633869242*Sqrt[59877956414]), {639757/27853, 34042675/27853, 327114136/3979, 24504504127/3979, 13722772760632/27853, 1149424487660245/27853, 99563447598430612/27853, 8841448005864053449/27853, 114259353276280301056/3979, 10480314249697093168795/3979}, {0, 538901607726/775789609, 480258491139070929/21608067979477, 986553447339786561014196/601849517432372881, 1619366343652386166862448167985/16763314609043881854493, 3057610719659194100965167291621644376/466908601805699241293193529, 5761693463131501061239139953707335108093949/13004805286094140967739319363237, 1599047923135873829529758442408347456388841596108/51746120233368586910634751746320023, 21977873555952597939064664326558579720506624845418517785/10088992808020106758553368182731761204333, 43624551542257694852046442205876193776543878430587376015600976/281008716681784033545986963993627744824287049}}"
"{0.7847521540137563, 1.3068056957606924, 1.7077411264725872, 26897/58532, (3*Sqrt[137271315/856484123])/2, 1235441835/3425936492, 32368215650755859/11306048353097535, 900615905318/(82362789*Sqrt[137271315]), {26897/58532, 33467/58532, 46607/58532, 72887/58532, 125447/58532, 230567/58532, 440807/58532, 861287/58532, 1702247/58532, 3384167/58532}, {0, 1235441835/3425995024, 20263857869655/100265170372384, 4369709112852040965/11737441904472760576, 84273100727058005649435/171753987388149905508608, 30733729517214275777673928335/40212417559212761076919373824, 1362174996174593231002082355088605/1176856612287920665677122394333184, 245713192804236943829948884193092913865/137767542460873144806826655970219851776, 2764462579007509152773330437913249200928355/1007976224414978363979147228406113545519104, 1993975906376463274258350844060485892642425072435/471990914939660108803419564584533104370593562624}}","{25.936657558924647, 0.863136139168537, 0.7450039947387681, 509435/14633, 2*Sqrt[193343127793/856484123], 773372511172/856484123, 101260766575254278249725/37381565064780329050849, 75230540399854917/(193343127793*Sqrt[193343127793]), {509435/14633, 30948346/14633, 2348764313/14633, 198825375040/14633, 17898060124325/14633, 1672132720055296/14633, 159949351833326513/14633, 15542135474580775720/14633, 1526812497909012899165/14633, 151188799123899228840496/14633}, {0, 193343127793/214124689, 75230540399854917/3133286574137, 101260766575254278249725/45849382439346721, 77512811638264767376033522575/670914013234960568393, 78998874875335545172883772151739203/9817484755667177997294769, 72008234243869405685291067881458570687737/143659254429677815634414354777, 70225434402197563880182269237007034206167053905/2102165870069475476178385253451841, 67195944028887214601991985760596265113148260978088115/30760993176726634642918311413760789353, 65512210393312098683438557755853131583148692705854375204463/450125613155040844729823650917561630602449}}"
"{0.6716075534180778, 0.8491957230813442, 0.721133376099647, 51002/54763, Sqrt[937890386/1499465703], 937890386/1499465703, 1963662212864185729/879638376151228996, 6893121485667/(937890386*Sqrt[468945193]), {51002/54763, 81752/54763, 6484/2381, 301532/54763, 659252/54763, 1533452/54763, 3758132/54763, 9636332/54763, 25679252/54763, 70624652/54763}, {0, 1875780772/2998986169, 27572485942668/164233479572947, 7854648851456742916/8993918041853296561, 375400238965693501814700/492533933726012079570043, 52787245772333282885231182852/26972635812637599513494264809, 4521816954093558922619327975940588/1477102455007472862157486423735267, 531916228141265431309918306108510431556/80890561743574236350330429023014426721, 56054256033534476092178108162524971646953900/4429809832763355905253145284587339050522123, 6377250494760968921922987832141701372096235744132/242589675871619659439377995219856448423743021849}}","{26.192565274244664, 0.6631303567555091, 0.4397418700506888, 3261876/54763, Sqrt[2339347760173/1499465703], 2339347760173/1499465703, 32590894082113617902481295/10945095886052863849979858, 4388899721362098087/(2339347760173*Sqrt[4678695520346]), {3261876/54763, 279724094/54763, 29765924502/54763, 3602186009354/54763, 470952011346966/54763, 64593197595240674/54763, 397382358568981794/2381, 1321252170759312972074/54763, 193971997517384079211686/54763, 28808360765532320421021554/54763}, {0, 4678695520346/2998986169, 8777799442724196174/164233479572947, 65181788164227235804962590/8993918041853296561, 245641866362556493875938474865150/492533933726012079570043, 1361808261334252005758411765466580083686/26972635812637599513494264809, 6378465762296568965369640370297700758946620374/1477102455007472862157486423735267, 33412574748264273878271492571134272975271155366935550/80890561743574236350330429023014426721, 168143518939609833562892819804605331935039328696354811951630/4429809832763355905253145284587339050522123, 875733775227188850017557332243307744584516463072922925145094639126/242589675871619659439377995219856448423743021849}}"
"{0.9605968456395936, 1.550785567212161, 2.4049358754735444, 11297/28283, Sqrt[613835606/177758655]/3, 613835606/1599827895, 334174254548551711/94198537798346809, 6953210878776/(306917803*Sqrt[306917803]), {11297/28283, 15364/28283, 23498/28283, 39766/28283, 72302/28283, 137374/28283, 267518/28283, 527806/28283, 1048382/28283, 2089534/28283}, {0, 306917803/799928089, 6953210878776/22624366141187, 334174254548551711/639884947571191921, 13906306736287970392020/18097865972156021101643, 626300374828443873882560923/511861943290488744817768969, 28099268283889385878639208278176/14476991342084893169680959750227, 1269969333395714102378730557234234071/409452746128187033518086584615670241, 57430047348845903605249478129754384798540/11580552018743513868992042872685001426203, 2599063754974883750338932062133324811025368243/327532752746122802756701948568149895337299449}}","{26.095674187580244, 1.0055046425029923, 1.0110395860950705, 730005/28283, (2*Sqrt[269390425529/177758655])/3, 1077561702116/1599827895, 174993402860225703741160/72571201366695694929841, 287955461018421351/(538780851058*Sqrt[538780851058]), {730005/28283, 37891601/28283, 2321356914/28283, 156800901155/28283, 11317098303030/28283, 855256096073171/28283, 66766096728314574/28283, 5335736428791536795/28283, 433880431558903596150/28283, 35749370131761784469891/28283}, {0, 538780851058/799928089, 287955461018421351/22624366141187, 699973611440902814964640/639884947571191921, 848877570544867435792407291255/18097865972156021101643, 1477980242618360481443321544534380428/511861943290488744817768969, 2273612362149677050041976118559451008487851/14476991342084893169680959750227, 3798951112939782283682368397718958246111494773200/409452746128187033518086584615670241, 6256163013112717258621778762681164245891209826604671375/11580552018743513868992042872685001426203, 10532186058904371382488421674048184742335710732970988246985748/327532752746122802756701948568149895337299449}}"
"{0.9171618687534255, 1.1527068546086758, 1.3287330926618268, 41732/60459, 2*Sqrt[289253737/1827615111], 1157014948/1827615111, 4760163024065480985/1338683589895442704, 56616525697787/(2314029896*Sqrt[578507474]), {41732/60459, 22360/20153, 130118/60459, 98276/20153, 746582/60459, 680940/20153, 5916398/60459, 5972836/20153, 56334182/60459, 60995420/20153}, {0, 2314029896/3655290681, 113233051395574/220995219282579, 6346884032087307980/4453716654201814587, 2221767258807796497389030/807801765589162524346299, 321321489026521401365685290716/48838886945755177059452891241, 15667325779207663860846383305789498/984250088617804083279154117179873, 1044132507393231531338837135263048665500/25502904046175921601846162330247689303, 1181403074035783011955231525955802935973652630/10793160530094250308882119898271115332990539, 22070054685273338487406224117188225245204195136204/72504854720996475491633787436619262435252777489}}","{23.374103184473253, 0.7917596312194033, 0.6268833136286855, 107347/2879, Sqrt[75848788663/87029291], 75848788663/87029291, 60580249186874350428705/11506077483288874655138, (10446769366797363*Sqrt[21/151697577326])/75848788663, {107347/2879, 136744885/60459, 3849580825/20153, 167730977011/8637, 43464456894249/20153, 15096970733938885/60459, 85043286590618255/2879, 213950757646078980517/60459, 8615813705111648788969/20153, 448845518220942073547155/8637}, {0, 151697577326/174061461, 6964512911198242/167040982073, 5769547541607080993210/1442732962164501, 426009197268097937802330930/1384542732690532793, 314437958781659617156833245381426/11958295582248131733141, 3603222459412262678155451490037447766/1639425380061541488557759, 18611420258953530215623644270688815471245210/99118019053140736856713551381, 1528665238068516781137575528802085657077916805410/95120258951330727136826104808633, 1138752769414969869943000829702660540453859756609767426/821553676562643490280767067232163221}}"
"{0.839243518193902, 1.0100092365163074, 1.0201186578482542, 21557/26203, Sqrt[948088858/1373168215], 948088858/1373168215, 453184505604282521/224718120665936041, 5058310133520/(474044429*Sqrt[474044429]), {21557/26203, 35826/26203, 66608/26203, 134904/26203, 291692/26203, 665856/26203, 1595948/26203, 4001424/26203, 10448252/26203, 28249536/26203}, {0, 474044429/686597209, 5058310133520/17990906667427, 453184505604282521/471415727406589681, 13012272770310626696940/12352506305234869411243, 733658442911506082986735709/323672722716069283182800329, 33240435838127614111410987015480/8481196353329163427238917020787, 1810598787072751853231856600414703841/222232788046284069283941342695681761, 96770917601316914968632852105094672570980/5823165745176781467447115002654949183483, 5403241658467617543480505267937369166719573189/152584412020867204791516754414567633454805049}}","{18.744868634262765, 0.5895510607867075, 0.34757045327473207, 2826315/52406, Sqrt[555271886473/549267286], 555271886473/549267286, 3416002105815454469629477/1541634339536421001898645, 1367811210888279156/(2776359432365*Sqrt[2776359432365]), {2826315/52406, 205404265/52406, 17290040421/52406, 1593991468645/52406, 156279034462125/52406, 16016218447097605/52406, 1697216982060394461/52406, 184610639431178558965/52406, 20505865259158208993325/52406, 2317172278641397054459045/52406}, {0, 2776359432365/2746388836, 341952802722069789/35981813334854, 17080010529077272348147385/7542651638505434896, 2621594518358096634004971362625/49410025220939477644972, 144021042098942856508711235514559629605/20715054253828434123699221056, 70990017203379967564829876704589994942202479/271398283306533229671645344665184, 1463629002447413435150998624008800156501065109538545/56891593739848721736688983730094530816, 237549747207471274675769836286903022426701979893523326025/186341303845657006958307680084958373871456, 16795965108582148596764023324375393304075349595562989396645660445/156246437909368017706513156520517256657720370176}}"
"{0.7242938555761638, 1.011529019561874, 1.023190957415806, 41929/59232, (7*Sqrt[36709823/219273162])/4, 1798781327/3508370592, 14260990050837963357/3235614262363880929, 11192614803422/(1798781327*Sqrt[36709823]), {41929/59232, 60049/59232, 107833/59232, 238033/59232, 602329/59232, 1642609/59232, 4658233/59232, 13494673/59232, 39583129/59232, 117006769/59232}, {0, 1798781327/3508429824, 39174151811977/103905657667584, 4753663350279321119/4103026609977556992, 397862728337440283760505/182272854121642991812608, 216841527995618412749953817707/43185542781332630764177588224, 4729854571903812036917110848446569/426327678337315730903961150947328, 3819048049053616970885896614335235885497/151513446259655312237420561357472792576, 64241119651887500912453137597173696403652185/1121805556106487931805861836290728556232704, 7723076684029877367549708983129467171795436232143/59063810399377327268199829588597718971356020736}}","{9.430934739691445, 0.45728051218405597, 0.20910546682331255, 1335721/29616, Sqrt[373069343423/219273162]/2, 373069343423/877092648, 663214218836082038403/272369344426748167039, 50521387241428994/(373069343423*Sqrt[373069343423]), {1335721/29616, 24279893/9872, 4479038959/29616, 99907258361/9872, 21398632914631/29616, 536015454031553/9872, 125827884812573239/29616, 3387180189883923161/9872, 840841174201391856391/29616, 23629487298235303161713/9872}, {0, 373069343423/877107456, 25260693620714497/12988207208448, 112967488608412640541311/256439163123597312, 38748315726122146322773815745/5696026691301343494144, 425385970568081807301407828632546363/674774105958322355690274816, 54593585505398064261592283692669951152769/3330684987010279147687196491776, 630668038922451217561123546448000698931346128633/591849399451778563427424067802628096, 78710669811884933798864971255075850640234050664189505/2191026476770484241808323899005329211392, 114356173380588183598448900645287968042116773214297223595967/57679502343141921160351396082614959932964864}}"
"{0.599298892800086, 0.9056652144137379, 0.8202294805990819, 41899/57345, Sqrt[719954617/401415]/64, 719954617/1644195840, 2306677954057196691/1036669301079233378, 9807110190739/(719954617*Sqrt[1439909234]), {41899/57345, 55723/57345, 83371/57345, 138667/57345, 249259/57345, 470443/57345, 912811/57345, 1797547/57345, 3567019/57345, 7105963/57345}, {0, 1439909234/3288449025, 19614220381478/188576109338625, 1537785302704797794/3604632330007816875, 196403764547598976768846/620122922892894776090625, 4009160514016989540649295054/7112189802658610186983378125, 405615150238155273396788451767018/679747540389096668620936364296875, 98706020644778871632505012437933320598/116940368110838245386202787431812890625, 6760109259906245909965682291538963306084302/6705945409316019181671798845277310212890625, 56652069014223341313346807027382927993507573174/42728048833025235552552144975825261573134765625}}","{13.88610562461163, 0.5612860737597433, 0.315042056596628, 505519/11469, Sqrt[28752651179/11469]/64, 28752651179/46977024, 158345528589775226154045/81018065082482508824018, (-4781310194074655*Sqrt[10/4107521597])/1408879907771, {505519/11469, 146506619/57345, 9406187897/57345, 641917214711/57345, 9156701511325/11469, 3382348626788279/57345, 257278499923423937/57345, 20054291947587817031/57345, 319085392074043527901/11469, 129090457423158056582039/57345}, {0, 402537116506/657689805, -3825048155259724/1508608874709, 21112737145303363487206/28837058640062535, -829161708377499850504991684/198439335325726328349, 12626530960443080905380202228630586/11379503684253776299173405, -54120611424223122831931457189625189364/8700768516980437358347985463, 2780955732761048981110518552940499999643502978/1496836711818729540943395679127205, -31880519024901499779205869593061061874211934916788/3433444049569801821015961008781982829, 71604227344680229346565881259919174499173703860556754874/21876761002508920602906698227622533925445}}"
"{0.832634199007214, 1.1334486873546823, 1.2847059268660523, 33499/51687, Sqrt[720823630/148416349]/3, 720823630/1335747141, 95562660542418177/20783468222655076, 1635554724269/(72082363*Sqrt[360411815]), {33499/51687, 49603/51687, 92791/51687, 212107/51687, 549559/51687, 1520923/51687, 4353031/51687, 12685387/51687, 37354519/51687, 110706043/51687}, {0, 1441647260/2671545969, 65422188970760/138084196499703, 3185422018080605900/2379052621493382987, 1003376601470327289194200/368898278541385459347207, 120702940456210860229755469060/19067245322968590237279088209, 4756515557771008870797553648132520/328509569669425841198081410752861, 1717234322156993359034571239377621976900/50939022382510840362015701632749379521, 207177786498362213797100049462979152123373400/2632885249884837805791505570291917179301927, 2787454460686538737169457458605434672229736621540/15120659990088623518660616490186480360730966761}}","{32.58990790079186, 0.8718720207856048, 0.760160820628774, 2215945/51687, (2*Sqrt[466578847855/148416349])/3, 1866315391420/1335747141, 11451064888822386936335703/3483133140251187809616400, 683295320917553861/(746526156568*Sqrt[933157695710]), {2215945/51687, 167218895/51687, 15918898915/51687, 1741363192979/51687, 206907692941555/51687, 25810132869359195/51687, 3315720253339709275/51687, 434051961251232435059/51687, 57558875920900199917795/51687, 7705339184330383694429195/51687}, {0, 3732630782840/2671545969, 6832953209175538610/138084196499703, 15268086518429849248447604/2379052621493382987, 174121752764228940877543220669530/368898278541385459347207, 877039385702047556537254364144714798140/19067245322968590237279088209, 1333624535529042825045289417830217237712780750/328509569669425841198081410752861, 19446995812341750919290956092147725754312911237037772/50939022382510840362015701632749379521, 93388981130761133703754352585175474833640638707958874797210/2632885249884837805791505570291917179301927, 50731539691201999042034180475991889396662066093091791990798774460/15120659990088623518660616490186480360730966761}}"
"{0.6187163142646488, 1.1272741869251879, 1.2707470925078435, 27728/56949, 4*Sqrt[15265415/810782913], 244246640/810782913, 12833514817567899/5965642115128960, 98920010377/(48849328*Sqrt[15265415]), {27728/56949, 30656/56949, 36512/56949, 48224/56949, 71648/56949, 118496/56949, 212192/56949, 399584/56949, 774368/56949, 1523936/56949}, {0, 976986560/3243188601, 15827201660320/184696347638349, 684454123603621280/3506090767218779067, 122579927218542996493280/599005089307026747259749, 11040242031747976989774436960/34112740830945866229695445801, 302669112704936064209073668244640/647562159193845378638308647640383, 78565213774275610240034972274569203040/110634052211790901404219117523416514401, 6735337595742962590802913611217189190739680/6300498639409280044068874523841047078622549, 64510379930133786283452195791586993744039244640/39867455223968787692186481695358198897830615889}}","{12.637898429095205, 0.6297747463334961, 0.3966162311194193, 604880/18983, Sqrt[217666987339/540521942], 217666987339/540521942, 182260012076419641829797/94757834754472772601842, (6568986959224263*Sqrt[6/217666987339])/217666987339, {604880/18983, 80755066/56949, 1369199316/18983, 225472067074/56949, 4339667631900/18983, 779819992245946/56949, 16020888444355476/18983, 3032850164456087794/56949, 65101863541841998860/18983, 12805915948897213586026/56949}, {0, 435333974678/1081062867, 8758649278965684/6840605468087, 121506674717613094553198/389565640802086563, 6862528405920009844220693500/2465041519782003075143, 43315156830313855331385375635232278/140381649510065293126318707, 4668285636776559370806589625906204237684/888288284216523153138969338327, 18822520015282178948489676847676738394453040958/50587129497846777048111164848384323, 3080265567018842744851921886944794910436480903298540/320098493085875122901431414105626534503, 9693893189442393632845646504310679808582296387127728535078/18229289082747502374113617601901325513411347}}"
"{0.9793797139934302, 2.7908996072427623, 7.7891206177078045, 7060/56149, Sqrt[194115449/1576327026], 194115449/1576327026, 733011872592455603/75361615080943202, 10350720345423/(194115449*Sqrt[388230898]), {7060/56149, 7802/56149, 9286/56149, 12254/56149, 18190/56149, 30062/56149, 53806/56149, 101294/56149, 196270/56149, 386222/56149}, {0, 388230898/3152710201, 20701440690846/177021525075949, 1466023745184911206/9939581611489460401, 117348299975007796986390/558097567903521712055749, 10550290022087088179671802038/31336620340214840610218250601, 1021872563118403366825036174675446/1759519895482723085423144552995549, 103200119253595763038894654062584519926/98795282611459418523424143506147080801, 10647537488786991306553454745455943667200630/5547256323350834890671742233726652439895349, 1110067827864003371797574097206582020761415071478/311472895299826028276327654681517807847683951001}}","{11.565613414416763, 1.13222579148224, 1.2819352428975848, 506576/56149, Sqrt[27413616145/262721171], 27413616145/262721171, 10317218295513386944123/1503012700290809322050, (19295703436648733*Sqrt[3/27413616145])/109654464580, {506576/56149, 10429084/56149, 309972890/56149, 11405304952/56149, 476508899066/56149, 21437131470304/56149, 1007331038092610/56149, 48628190958347512/56149, 2390079866554134506/56149, 119004272708289527824/56149}, {0, 328963393740/3152710201, 347322661859677194/177021525075949, 742839717276963859976856/9939581611489460401, 1502475632588363288360250266970/558097567903521712055749, 3293028931657310089479556968022392480/31336620340214840610218250601, 7372918894741930951280770433700514741879314/1759519895482723085423144552995549, 16850264402646122708738092278776341525857291846936/98795282611459418523424143506147080801, 39047029871161033477877622078650062544259453537110012970/5547256323350834890671742233726652439895349, 91515547987887289594775193746189502270572262588860678079471120/311472895299826028276327654681517807847683951001}}"
"{1.1999013467070265, 1.6686075115317078, 2.7842510275400385, 25103/58249, (103*Sqrt[27563/141370323])/2, 292415867/565481292, 3046266545857556531/513042235640170134, (3661776318592*Sqrt[6/27563])/30118834301, {25103/58249, 40939/58249, 82457/58249, 195031/58249, 508793/58249, 1402159/58249, 3986417/58249, 11547511/58249, 33847433/58249, 99980479/58249}, {0, 1754495202/3392946001, 131823947469312/197635711612249, 18277599275145339186/11512082565701892001, 2444940876853060899299640/670567297369569507166249, 346815313587939499839847272522/39059874504480054222926838001, 50086053118983793046062227074020512/2275198630011458678431265386720249, 7335038564222144569413458352531755521026/132528044999537456559942777511067784001, 1083003881205323581257483163582889944799279880/7719626093178057307160106847242187350274249, 160731533638787091342463148801545664789981068827642/449660500301528660084769063745010170966124730001}}","{29.125878997328485, 0.9963699110519728, 0.9927529996497162, 1708938/58249, Sqrt[241604556085/282740646], 241604556085/282740646, 141286954882028319562253/28018925530094357053068, 299460591917141243/(241604556085*Sqrt[724813668255]), {1708938/58249, 99911136/58249, 257097864/1879, 763259063820/58249, 80915242774968/58249, 9062749732741956/58249, 1046409758202820704/58249, 122986509184187749740/58249, 14615929935140953237608/58249, 1749896258573895801235476/58249}, {0, 2899254673020/3392946001, 7187054206011389832/197635711612249, 42386086464608495868675900/11512082565701892001, 200156600223564788481583684756320/670567297369569507166249, 1054814671693723560596591191506353089620/39059874504480054222926838001, 5499220188927860224091819102997440685838959432/2275198630011458678431265386720249, 29171361408453226500290836119666883727981752453962060/132528044999537456559942777511067784001, 155413505869327713015741311575375878327189042328981742635440/7719626093178057307160106847242187350274249, 832737473938363848217991898487357511562803452575118406251769868420/449660500301528660084769063745010170966124730001}}"
"{0.9949818838086798, 1.6134126640325723, 2.603100424460682, 22047/57680, Sqrt[1265267631/207932795]/4, 1265267631/3326924720, 2004082169294361439/533634059352117387, 20649693869402/(421755877*Sqrt[1265267631]), {22047/57680, 30363/57680, 9399/11536, 80259/57680, 146787/57680, 279843/57680, 109191/11536, 1078179/57680, 2142627/57680, 4271523/57680}, {0, 1265267631/3326982400, 30974540804103/95950172416000, 6012246507883084317/11068811889909760000, 130020434043708992289207/159612267452498739200000, 9631225645537903471080619791/7365148469328101821644800000, 2228173193192227554081526382788149/1062054409277112282681180160000000, 59290714665448863620617132331247359679/17502656664886810418585849036800000000, 4836003868725997057778505733015761798095127/883359081876837321826027800887296000000000, 3608922504329357405652566150094656355662257360359/407617214741247813783402268441433866240000000000}}","{22.381809025679257, 0.9916583944827447, 0.9833863713480949, 1312793/57680, (3*Sqrt[188307080839/207932795])/4, 1694763727551/3326924720, 2961262822473214545910399/957408030740853385485867, 268192701868946546/(564921242517*Sqrt[188307080839]), {1312793/57680, 11852251/11536, 97478785/1648, 219143491547/57680, 15078616441643/57680, 218968130292655/11536, 16640797942848223/11536, 6575310839689370027/57680, 76727439537057973949/8240, 9018592380550270463599/11536}, {0, 1694763727551/3326982400, 1206867158410259457/95950172416000, 8883788467419643637731197/11068811889909760000, 6186821180273294712607582880193/159612267452498739200000, 16913258829248350137611598462199865151/7365148469328101821644800000, 145683131107207169234033721393542226398467971/1062054409277112282681180160000000, 152069989473663172793689334360336935604706354284799/17502656664886810418585849036800000000, 498982336656933146335085171686704827359110316858501692993/883359081876837321826027800887296000000000, 15351084601056152388485037804954004768427716441632535345593144759/407617214741247813783402268441433866240000000000}}"
"{1.1129723308042272, 1.2730598770428336, 1.6206814505363147, 40581/59093, Sqrt[60657307/79361899], 60657307/79361899, 5585452315974070183/890392751983124258, 115348692287757/(2668921508*Sqrt[667230377]), {40581/59093, 73033/59093, 178251/59093, 538957/59093, 1828491/59093, 6581173/59093, 24484371/59093, 92992237/59093, 358144251/59093, 1392984613/59093}, {0, 2668921508/3491982649, 230697384575514/206351730677357, 44683618527792561464/12193942820917057201, 7537137052281433239610050/720576663116451661178693, 1381879746158198254854751541048/42581036753540478014032505449, 256601492983644072465011756595024354/2516241204876967467283222844497757, 48512959870419230800318727713460895742184/148692241519794638544167487549905954401, 9265344107920387472662489424954861985471920610/8786670628129224575490489341786592563418293, 1782894007921329228819287875267224201369876857315288/519230727428040267839459486674195114350077188249}}","{29.348708045561672, 0.8157944076120706, 0.6655205154911291, 2605935/59093, Sqrt[1129851235122/872980889], 1129851235122/872980889, 2023733092329412010911837/425521271168902975451628, 1213471606181309063/(753234156748*Sqrt[1129851235122]), {2605935/59093, 191398341/59093, 19355801379/59093, 2322187020213/59093, 304497511514595/59093, 41914796897220021/59093, 5935840746102476499/59093, 855654082139798311413/59093, 124806254937782952024195/59093, 18356490990237309552216501/59093}, {0, 4519404940488/3491982649, 14561659274175708756/206351730677357, 97139188431811776523768176/12193942820917057201, 538507156659289170705312782295420/720576663116451661178693, 3294711574022639810637043231042558216728/42581036753540478014032505449, 19966200701377902956121733424272326350487956916/2516241204876967467283222844497757, 123313674262957387975280578789265690660990709335415936/148692241519794638544167487549905954401, 765403658037451749862327501180625861895518397144012500700780/8786670628129224575490489341786592563418293, 4785715555401719199771559875898205836609966096307261695027125792168/519230727428040267839459486674195114350077188249}}"
"{0.6217560723647395, 0.7814906230952247, 0.6107275939857625, 57674/56651, Sqrt[1015710699/64185583]/5, 1015710699/1604639575, 1008933409701742645/229259605347348578, (4677798370375*Sqrt[3/677140466])/338570233, {57674/56651, 94574/56651, 195530/56651, 70082/8093, 1406714/56651, 4403774/56651, 14638730/56651, 50817134/56651, 182243354/56651, 95725682/8093}, {0, 2031421398/3209335801, 84200370666750/181812082462451, 18160801374631367610/10299836283580311601, 1915939525331688339693270/583496025301108232508251, 303459260155756465045671214698/33055633329333082479824927401, 43658051414094648847516254566100630/1872634683740048455564561962194051, 983187530087046168873283155641638668390/15155232495508212150883999960036454743, 1089431116799550911260580652318815059241447670/6009913532721250085918106372152176383519851, 177013985910033594568056707046614587763448986590698/340467611542191538617346644088792944302783079001}}","{12.096420424837598, 0.4351244783291754, 0.189333311641237, 3619407/56651, (2*Sqrt[310030358161/64185583])/5, 1240121432644/1604639575, 3182645211757867919156045/1537901167703007028830736, 161538998294657859/(2480242865288*Sqrt[620060716322]), {3619407/56651, 275023387/56651, 23266098309/56651, 2111902932607/56651, 201570330604437/56651, 19991227781092567/56651, 2044637226604325949/56651, 214510912317763603327/56651, 22993540152642272004357/56651, 2510248419390616429105447/56651}, {0, 2480242865288/3209335801, 323077996589315718/181812082462451, 12730580847031471676624180/10299836283580311601, 6297782276140251307274968641870/583496025301108232508251, 87316946457122966531520282276598502228/33055633329333082479824927401, 85979739533358353486998280695102624241336238/1872634683740048455564561962194051, 102059339990833423016757622406956080676567687026140/15155232495508212150883999960036454743, 1059152005954888797562214630041039427041839140960262029550/6009913532721250085918106372152176383519851, 6561625031435759137715757116807950571076112095536311901420526068/340467611542191538617346644088792944302783079001}}"
"{1.092853576348129, 1.0982180699955582, 1.2060829292647686, 23830/26299, Sqrt[1369767930/4786327]/17, 1369767930/1383248503, 180488562717581577/52118449501569025, (387508086416*Sqrt[3/228294655])/45658931, {23830/26299, 6805/3757, 1270/289, 326707/26299, 1031950/26299, 3520015/26299, 12643570/26299, 6713101/3757, 25518010/3757, 689249095/26299}, {0, 684883965/691637401, 17437863888720/18189372008899, 1624397064458234193/478362294462034801, 100709610751112986866000/12580449982057053231499, 7831756413033827421778256985/330853254078118442935192201, 594696623952644395257408995544720/8701109729000436930752619694099, 6696146271488564022885625967538550599/32690069251854641548837592190729943, 3719050557012518165462367790241641351857360/6018012918781676526650158859168047396699, 297893931613958837503913878532643930420359152905/158267721751039310974372527837260478485787001}}","{32.46074126744361, 0.7636070256854973, 0.5830956896762518, 2928113/52598, Sqrt[4999277446673/9572654]/17, 4999277446673/2766497006, 57122047435324256966353889/24992774988813310358768929, 5572448148705191640/(4999277446673*Sqrt[4999277446673]), {2928113/52598, 258053979/52598, 26962460771/52598, 3113618431431/52598, 386041594801883/52598, 50463649436703159/52598, 6861626720919479291/52598, 960531677215422597111/52598, 137376454435092899328443/52598, 1174293966714201256924167/3094}, {0, 4999277446673/2766549604, 696556018588148955/18189372008899, 57122047435324256966353889/7653796711392556816, 10642853282935511568275714742315/25160899964114106462998, 1036611822283205495480907069570756130673/21174608260999580347852300864, 551546624174785410143465698691937986543596785/139217755664006990892041915105584, 3347175761674473098787039612308467141293136886241527/8368657728474788236502423600826865408, 3522581842536375497324093264697466417104725207138100241995/96288206700506824426402541746688758347184, 581285383770964715997938434819297286010267959267736724975042693073/162066147073064254437757468505354729969445889024}}"
"{1.0636333435679692, 2.008199317987402, 4.032864500765067, 15225/57727, Sqrt[467402159/185130489]/3, 467402159/1666174401, 355523255572994111/62418508067960366, 3881120006097/(66771737*Sqrt[934804318]), {15225/57727, 20209/57727, 30177/57727, 50113/57727, 89985/57727, 169729/57727, 329217/57727, 648193/57727, 1286145/57727, 2562049/57727}, {0, 934804318/3332406529, 54335680085358/192369831699583, 4977325578021917554/11104933274521827841, 460619220223231845033510/641054483138321555777407, 44820689829660994594083008578/37006152148125888450362373889, 4430845262787164665286006572986438/2136254145054863162574068757490303, 441550541861295041497915273982481805954/123319543031582085785913267163642721281, 44146861559093541176922003656967825336459270/7118867260584139066163415173555603371388287, 4420164988901304322526858901062349052825261271938/410950850351740595872415467723844315820131643649}}","{24.686827228684336, 1.1215362393251145, 1.2578435361195204, 1132968/57727, Sqrt[807280367095/185130489]/3, 807280367095/1666174401, 3927784374935865862865281/1303403182194075917478050, 1094402369908758303/(807280367095*Sqrt[1614560734190]), {1132968/57727, 50204882/57727, 2740013262/57727, 165605403710/57727, 10678929066198/57727, 720934841120942/57727, 50340737117741382/57727, 3604765915103198510/57727, 263063883481894037718/57727, 19476022929143125790702/57727}, {0, 1614560734190/3332406529, 2188804739817516606/192369831699583, 7855568749871731725730562/11104933274521827841, 20645138511072583640930779746630/641054483138321555777407, 64881384629346237836041973811471678770/37006152148125888450362373889, 200081431180903803270720443389085412327133206/2136254145054863162574068757490303, 640757865058787305950133428417599872292740421923922/123319543031582085785913267163642721281, 2070524798174157300571346374512348547346486298014532453510/7118867260584139066163415173555603371388287, 6778835302680498355679897145034564991947914644529639161574624050/410950850351740595872415467723844315820131643649}}"
"{1.1514107340704376, 1.179602935637679, 1.39146308576503, 23287/28142, 5*Sqrt[10060737/263986031], 251518425/263986031, 755971385018530967/189784554343441875, 7990568885086/(3772776375*Sqrt[3353579]), {23287/28142, 23041/14071, 56387/14071, 162646/14071, 525521/14071, 1828966/14071, 6675437/14071, 25113106/14071, 96326561/14071, 374183566/14071}, {0, 754555275/791972164, 11985853327629/11143840319644, 2267914155055592901/627219908550842896, 40760108222762059057305/4412805666609455194808, 13796563930047777673217260335/496740708278893152369146944, 582458385681730017384429682467759/6989638506192305546986266649024, 100987895301312470020783259500993338441/393404813682527725406575032073666816, 1103319750125616386175459811950571308961905/1383899783331711906048979319077141441984, 777214422136006391893640571599714752435797243795/311565661620168291680243007979751315682509824}}","{30.35020758752254, 0.7549095957364513, 0.5698884977349724, 2997483/56284, Sqrt[1706767553233/263986031]/2, 1706767553233/1055944124, 15008317955176750543543655/8739166442306884466256867, 828465269866149902/(1706767553233*Sqrt[5120302659699]), {2997483/56284, 250607757/56284, 23820772299/56284, 2420539910061/56284, 256714639446963/56284, 28042821747173637/56284, 3129301223911773819/56284, 354807502426500129021/56284, 40727698780697883419523/56284, 4721254214583493183560117/56284}, {0, 5120302659699/3167888656, 1242697904799224853/89150722557152, 45024953865530251630630965/10035518536813486336, 14289790918036104037974687602745/141209781331502566233856, 479115504890811790085297028436849595079/31791405329849161751625404416, 494607719678060763578327273834844324586555863/894673728792615110014242131075072, 5787636354576542605881922756882896822272751698214825/100711632302727097704083208210858704896, 1975094465764335090466098512360441750374343759346631584705/708556689065836495897077411367496418295808, 76675419209228587711047413757676896944214819140216372768770554459/319043237499052330680568840171265347258890059776}}"
"{1.6316662882554742, 1.4838599961466783, 2.2018404881644202, 42811/57771, Sqrt[2017711573/3783935]/21, 2017711573/1668715335, 25248328372340449455/8142319983636268658, 154423028462275/(2017711573*Sqrt[4035423146]), {42811/57771, 691/393, 271339/57771, 261259/19257, 2392291/57771, 2539939/19257, 25144699/57771, 4074157/2751, 299084371/57771, 356899219/19257}, {0, 4035423146/3337488441, 308846056924550/192810044725011, 16832218914893632970/3712943031269536827, 6867655831968840046364110/643501295578417236097851, 1056906826143116557171960706206/37175713346860742146608950121, 55427005200540384226850791815273290/715892711920497311517248552480097, 3902614512591997607358232357293990425090/17724787654439592935855556910854721623, 4625341922150874882231911463927765740580057230/7167850953092408064481179648078916860176331, 89353252551534860697318852238786204096070372266574/46010435267900167365904692161018567325471868689}}","{72.2890776031909, 1.1748186063204298, 1.380198757756677, 3025805/57771, (4*Sqrt[394880791639/3783935])/21, 6318092666224/1668715335, 88288263604399669209329631/39918294938993493070418176, 18231664930479740627/(25272370664896*Sqrt[789761583278]), {3025805/57771, 377207963/57771, 53594185139/57771, 8155400424839/57771, 1301659829987435/57771, 215329947562143143/57771, 36609238886296694939/57771, 6356031622758267773399/57771, 1121479341384381381661355/57771, 200367730026568233483351623/57771}, {0, 12636185332448/3337488441, 36463329860959481254/192810044725011, 117717684805866225612439508/3712943031269536827, 2063503721095176137316772517525510/643501295578417236097851, 15744977611851489435626927108508979845268/37175713346860742146608950121, 37242436299392236793824774977612823785516650938/715892711920497311517248552480097, 120007313532221715429698391747997727832996281519854532/17724787654439592935855556910854721623, 6296977274359266445658974538110550087636623074777398983914550/7167850953092408064481179648078916860176331, 5330323607220559573603652357664705412903919840679485954691883769732/46010435267900167365904692161018567325471868689}}"
"{0.6782803457346092, 0.8981667442687239, 0.8067035005102793, 47920/56993, Sqrt[926211021/101504533]/4, 926211021/1624072528, 1244683636044059621/571911236947908294, 5077861195823/(308737007*Sqrt[1852422042]), {47920/56993, 72794/56993, 125242/56993, 238238/56993, 488530/56993, 1062014/56993, 2427682/56993, 5815118/56993, 14558290/56993, 37949534/56993}, {0, 1852422042/3248202049, 30467167174938/185124779378657, 7468101816264357726/10550816551127798401, 374315449471605623898930/601322687698426614268193, 48070518555296119624054191102/34271183939996428026987123649, 4228552767002172087940856600124738/1953217586292216422542077138127457, 496115626949617891098393060958638696846/111319729895552290569940602333298156801, 55270907615484173467193400999843503371308210/6344445365937211696452624748781661850559393, 6619929409918974641076945223829165239177646912862/361588974740859506215924442307313253848931485249}}","{17.63555590285725, 0.5732237645813866, 0.3285854842808569, 3058879/56993, Sqrt[384304405151/101504533]/2, 384304405151/406018132, 4546290368358488291189635/2363038013095423285324816, 641992528400341083/(3074435241208*Sqrt[768608810302]), {3058879/56993, 218117593/56993, 17892390349/56993, 1588356459685/56993, 148564032362029/56993, 14446365354558253/56993, 1449207854825831749/56993, 149216363624618379685/56993, 15710297637487807340029/56993, 1686310504343706401178013/56993}, {0, 3074435241208/3248202049, 1283985056800682166/185124779378657, 18185161473433953164758540/10550816551127798401, 21462745126922535992481733314750/601322687698426614268193, 149118804609137295200732045468809349308/34271183939996428026987123649, 308891673790217403426780341642928175411234926/1953217586292216422542077138127457, 1541557904980895029273448802850366473184043319335260/111319729895552290569940602333298156801, 4362298393243581559132725678384805504968346218962321168190/6344445365937211696452624748781661850559393, 18754058059785621370239523392008306143664635518527339761633771708/361588974740859506215924442307313253848931485249}}"
"{2.4665980422989597, 1.4526778085817402, 2.110272815545847, 68441/58554, Sqrt[9884708813/380945818]/3, 9884708813/3428512362, 429591673404258097209/97707468317799868969, 1497384616720732/(9884708813*Sqrt[9884708813]), {68441/58554, 82937/19518, 1122197/58554, 1891633/19518, 30494381/58554, 18848579/6506, 964092677/58554, 1852393313/19518, 32347575581/58554, 63205348537/19518}, {0, 9884708813/3428570916, 374346154180183/50189135353866, 143197224468086032403/3918366175347026352, 13515621423455596401396955/86038504886726167880628, 29220398821879278090447215878213/40303188921098912272658335296, 660995389277388490222610333269034911/196659410340502142434436347076832, 2183217583554211915902449658575179182888689/138182341356933149377271830400841851136, 37808803050459815585006054098416454088448331555/505695550988366476789798422330680859463584, 18725398042053608570004864221837798643145757016964757/52640884075684996767910856570934554746721240064}}","{114.21836239459981, 1.320325197393829, 1.7432586268730537, 639410/9759, 2*Sqrt[356355329710/190472909], 1425421318840/190472909, 177728189774106951463101/50795648405089123473640, 838302161790189697/(1425421318840*Sqrt[178177664855]), {639410/9759, 114925280/9759, 25902084337/9759, 6280032932710/9759, 524081887094775/3253, 133665079192122930/3253, 103608200108280620237/9759, 27040868476273872544430/9759, 7115620761431650578432325/9759, 1885311730366732779406291750/9759}, {0, 712710659420/95238081, 838302161790189697/929428432479, 592427299247023171543670/3023430690854187, 3181264487669775231899741078825/88516980336138032799, 6152293192575220213420007591021528710/863837211100371062085441, 3946957583262791446654506012887133973836439/2810062447709507064963939573, 23183852777128419593336274523085092377372351093410/82270198281591238340949258878721, 45720986662050119843995306535634463702912249194229006225/802874865030048894969323817397438239, 10097925253237980070159498330361530678459712817708040285796750/870583978647583018445070125997955530489}}"
"{0.7213182284518859, 0.7985823077091921, 0.6377337021861389, 21773/19250, Sqrt[906963163/44466730]/5, 906963163/1111668250, 2109657518978168793/822582179038964569, (7528947442752*Sqrt[3/906963163])/906963163, {21773/19250, 3457/1650, 87917/19250, 92381/8250, 572493/19250, 965023/11550, 428567/1750, 6128861/8250, 44687213/19250, 12296521/1650}, {0, 906963163/1111687500, 313706143448/891666015625, 703219172992722931/411949699218750000, 159333692555934698996/82604496978759765625, 164872596153039579989581583/30530622083349609375000000, 147398305551361374653703416413/15305064455845832824707031250, 189626992752639583601570715981945157/8081074032686599731445312500000000, 74072456005136136045861093149166753409/1417870736854842856526374816894531250, 2731005731703614219888454493530404215961495227/20961800973661996790885925292968750000000000}}","{13.391985600556644, 0.4109669074098269, 0.1688937989859972, 4579133/57750, Sqrt[3541381381061/133400190]/5, 3541381381061/3335004750, 30991851506399398535855337/12541382086125515689485721, 630900870081791524/(3541381381061*Sqrt[3541381381061]), {4579133/57750, 60630403/8250, 43566689567/57750, 4817074670161/57750, 80655148826249/8250, 6305421841388651/5250, 8851041109379422967/57750, 15123466243690289813/750, 156995699454479488699343/57750, 21582577725340047390184201/57750}, {0, 3541381381061/3335062500, 157725217520447881/48149964843750, 10330617168799799511951779/3707547292968750000, 3017746289687809754198431799509/80291571063354492187500, 70817265569997219686005723727300017481/7418941166253955078125000000, 44978339741853543104093837268141771952207201/178518271812985794067382812500000, 669290142265068252818698568978310069983938299485159/17673308909485593612670898437500000000, 662912910175561684759605880998379772091841613110115810989/446527195416221951120138168334960937500000, 7658948246821616063317376457739436537368713841452058149928576301/45843458729398786981667518615722656250000000000}}"
"{0.7408189022624326, 0.7557363982770058, 0.5711375036807012, 75963/58564, Sqrt[3295622651/723]/2178, 3295622651/3429683532, 37531264566354874853/10861128657784267801, 118708300824642/(3295622651*Sqrt[3295622651]), {75963/58564, 154805/58564, 381393/58564, 1100273/58564, 3623193/58564, 13337105/58564, 53721513/58564, 231679553/58564, 1048991193/58564, 446351155/5324}, {0, 3295622651/3429742096, 59354150412321/100429708055072, 37531264566354874853/11763130845074473216, 1135001607111053987398125/172223998702735362355456, 991253750242693298871586466111/40344505040107975043939700736, 93171944962794867882375897732379371/1181367796584441725236642316951552, 39424492956605820053762784976055508884873/138371247278342490393517441299901382656, 1031083525597701249670690339076581405735149765/1012946715701106200925744429035928071733248, 1764390849738666770594658262799562092258836345928771/474577691666556668408122373936480732743887486976}}","{15.59919291603347, 0.4494265799203164, 0.20198425073887258, 4522883/58564, Sqrt[4131814339979/723]/2178, 4131814339979/3429683532, 36233289022491287191818437/17071889740056099397720441, -2227319907123422766/(4131814339979*Sqrt[4131814339979]), {4522883/58564, 419853237/58564, 42673191677/58564, 4587979495353/58564, 513369680323613/58564, 59239589306377137/58564, 7007823240707427797/58564, 846197807375062050873/58564, 103951751945238488786093/58564, 12957000568168736746492737/58564}, {0, 4131814339979/3429742096, -1113659953561711383/100429708055072, 36233289022491287191818437/11763130845074473216, -10113375444813464718368426566395/172223998702735362355456, 415375255553611395323489182974436649519/40344505040107975043939700736, -349195560306643520548243110144465644152922973/1181367796584441725236642316951552, 5524654117654156559010465690241476779205939525420617/138371247278342490393517441299901382656, -1523046444201243014952757606103282025606995949674143222275/1012946715701106200925744429035928071733248, 80559895106489197349300243458855495240347346010584555771077293459/474577691666556668408122373936480732743887486976}}"
"{0.9363161461840164, 1.200462552591616, 1.4411103401747782, 38323/58984, (5*Sqrt[28219389/289921106])/2, 705484725/1159684424, 10380570577260619/5239038917982375, 239024367974/(111392325*Sqrt[9406463]), {38323/58984, 60781/58984, 105697/58984, 195529/58984, 375193/58984, 734521/58984, 1453177/58984, 2890489/58984, 5765113/58984, 11514361/58984}, {0, 2116454175/3479112256, 34060972436295/102605978653952, 8875387843557829245/12104222089849409536, 141604917699985102925895/178488858936919393017856, 50324844326892551709547045275/42111947422141013911060873216, 1902423101065721615601495233341845/1241965553373782782265007272886272, 310754331070053925222149428473448215545/146512192400398407258238377967847735296, 3056596567493918187561641923943865673622535/1080234394568137456714991560756941352337408, 1958901743562392581622551711850589229067230058775/509732364233656157975016497757499429810157387776}}","{30.13495277137591, 0.8241782865939014, 0.679269848092859, 2616751/58984, Sqrt[1550381284605/289921106]/2, 1550381284605/1159684424, 3309992035978016415359843/1442209276592070006003615, (77441324160738098*Sqrt[5/103358752307])/930228770763, {2616751/58984, 194943199/58984, 17314376341/58984, 1697849551459/58984, 176649461717461/58984, 19072811784531499/58984, 2110025121833642941/58984, 237395410055998376899/58984, 27037870613723558802181/58984, 3108238102741844581031899/58984}, {0, 4651143853815/3479112256, 2904049656027678675/102605978653952, 49649880539670246230397645/12104222089849409536, 33704051107251805059010486404555/178488858936919393017856, 727294918509758686477975823964909908355/42111947422141013911060873216, 1328721226603709103672564736463948309439468105/1241965553373782782265007272886272, 12456616539523982474476172189608168096774892459659545/146512192400398407258238377967847735296, 6404070550143991815359872401343051233009992557907305899195/1080234394568137456714991560756941352337408, 230700729703374606342999439849981375934325665040516100345674026895/509732364233656157975016497757499429810157387776}}"
"{0.6255395458647725, 0.8549298436675072, 0.7309050375933484, 47103/55037, 3*Sqrt[45045115/757254083], 405406035/757254083, 96225882366600193/36523122936538050, 4818932015701/(1621624140*Sqrt[45045115]), {47103/55037, 69777/55037, 119697/55037, 233253/55037, 501513/55037, 1161477/55037, 2851737/55037, 7343253/55037, 19659273/55037, 54290277/55037}, {0, 1621624140/3029071369, 28913592094206/166711000935653, 6928263530395213896/9175273358495534161, 401724065989729711061070/504979519831518713618957, 51318080241840726170404910400/27792557832967295441446536409, 4885140767177477921335268702744166/1529619005453021039210893024342133, 569514246483167350238966096765173827816/84185641203117918935049919380717973921, 63623908224356317690218914967716331889383390/4633325134896000904428342412956575130690077, 7430592053905624513146429083706208617332780102160/255004315449271201777022681381891025467789767849}}","{20.91084297354037, 0.6293479533565965, 0.3960788463941368, 2905659/55037, 2*Sqrt[208998450103/757254083], 835993800412/757254083, 3110736798680600674056581/1397771268654597782739488, 307440625318961385/(3343975201648*Sqrt[208998450103]), {2905659/55037, 214161917/55037, 18128055135/55037, 1678695065909/55037, 166131563302239/55037, 17331719292946757/55037, 1887956816743734255/55037, 213161063740306555829/55037, 24797847065252569176639/55037, 2957959940412377745986597/55037}, {0, 3343975201648/3029071369, 1229762501275845540/166711000935653, 24885894389444805392452648/9175273358495534161, 31459421433072607634934105281700/504979519831518713618957, 271419782572500017722975298623609750168/27792557832967295441446536409, 643743291342371154338577831902141745088260180/1529619005453021039210893024342133, 3840882044505857002010150993255691186576859546615528/84185641203117918935049919380717973921, 12756520664638372980032812923550647154434677681006579356740/4633325134896000904428342412956575130690077, 64555918276721526236123922871907904241050035672171459013953714488/255004315449271201777022681381891025467789767849}}"
"{0.750015923667189, 1.3250548704048326, 1.7557704095835678, 11294/26439, Sqrt[2143082/6689067], 2143082/6689067, 216055347851312601/50154529209380761, 195726214006/(11786951*Sqrt[223952069]), {11294/26439, 13295/26439, 18236/26439, 30935/26439, 64784/26439, 157835/26439, 419996/26439, 1172495/26439, 3362024/26439, 9794675/26439}, {0, 223952069/699020721, 3718798066114/18481408842519, 72018449283770867/162876656129119947, 11301258526096360920650/12918887734193406836199, 695974616296572964583379289/341562472804339483342265361, 14753807762199251851788502252558/3010190072824643866695384626493, 413453390579673657474575335082959343/34108463715176039653525403202792183, 192055705095977461879618323382164266559850/6312555705158775186796906946950357684359, 1429565786758085076202464014719244172274658801/18544184476521428573747046974491167424085289}}","{14.20805570081045, 0.6901369721609716, 0.47628904034351366, 788695/26439, Sqrt[53866388714/127092273], 53866388714/127092273, 175525448083082888798211/87773031950904333857329, 27156321916306994/(296265137927*Sqrt[296265137927]), {788695/26439, 11577656/8813, 249071812/3777, 31632931758/8813, 5450915513860/26439, 108230690358466/8813, 19833577886706904/26439, 411178982535394478/8813, 11107895607859102180/3777, 1650844867279550329626/8813}, {0, 296265137927/699020721, 27156321916306994/18481408842519, 58508482694360962932737/162876656129119947, 43728971779335333416855253910/12918887734193406836199, 123300877433155643364157052312952127/341562472804339483342265361, 17419415083280124586056050440166760123038/3010190072824643866695384626493, 13755955390314334926173689733833830057198814253/34108463715176039653525403202792183, 56808220209164905851136760671658772199622714719359230/6312555705158775186796906946950357684359, 9080768209807126499953956991726138499837004628490390068703/18544184476521428573747046974491167424085289}}"
"{0.5292884484391136, 0.6526967075517655, 0.42601299204891485, 76291/61405, 2*Sqrt[154968134/942628155], 619872536/942628155, 3816836244478862873/1536967843548285184, 10415323194471/(4958980288*Sqrt[154968134]), {76291/61405, 27033/12281, 273793/61405, 613689/61405, 1481401/61405, 756117/12281, 10070233/61405, 27723369/61405, 78251161/61405, 44994261/12281}, {0, 2479490144/3770574025, 20830646388942/231532098005125, 15267344977915451492/14217228478004700625, 430888333543710644871054/873008914691878641878125, 25648499422217125057687204684/10721422481330961600905253125, 7098728587487710655685760133320086/3291744737330638485517935340703125, 1256775200342761310642423299539105723428/202129585595787856203228819595875390625, 97104583232944248146726423818785639726151038/12411767203509353310159265667284728361328125, 13368359206363800263705527694757984635609117261516/762144565131491840010329708299618745027353515625}}","{13.603728128643056, 0.4200743040212602, 0.17646242089894618, 946759/12281, 4*Sqrt[12357029266/188525631], 197712468256/188525631, 251632624587218829169795/78180440207759615363072, (23758304963151759*Sqrt[5/12357029266])/790849873024, {946759/12281, 429330909/61405, 8857336543/12281, 5071069380213/61405, 126286168770343/12281, 83922307430027469/61405, 2343122631977950111/12281, 1695660722425028539173/61405, 50387413935242795851159/12281, 38147987925088955702951229/61405}, {0, 790849873024/754114805, 190066439705214072/9261283920205, 402612199339550126671672/113737827824037605, 47843778530493182978606404200/279362852701401165401, 314756098710752147665129933356180664/17154275970129538561448405, 260199388974653351166620395755951769075032/210671663189160863073147861805, 291755863182981162752511595068032556086399958232/2587258695626084559401328890827205, 54865792324253843262223580130708666699882412272936456/6354824808196788894801544021649780921, 291076124938279234375120650914078727199586361907875408266104/390218017347323822085288810649404797454005}}"
"{1.377142967862263, 1.3069884175136026, 1.7082187235147113, 45427/56348, Sqrt[3525038659/943829]/58, 3525038659/3175040756, 110091305577708534805/12425897547444518281, 436649477204634/(3525038659*Sqrt[3525038659]), {45427/56348, 99181/56348, 318349/56348, 1326577/56348, 6362077/56348, 32849161/56348, 176752069/56348, 975113137/56348, 5468754637/56348, 31032350041/56348}, {0, 3525038659/3175097104, 218324738602317/89455185808096, 110091305577708534805/10081241619829186816, 6655835334399945810207105/142014450698533754676992, 6943303202567100508852749776119/32008921071843920034156580864, 927494865494572550476367787136373727/901819342278130603042327509262336, 505230169761833733739277932812777001707625/101631432597376206440458140983828217856, 17426608924302537209911961959901140570917209385/715840995499619310063366916019594052468736, 38864378656521966796634892197886522024145427945919979/322689667315300391067604791870976685348066689024}}","{51.55001448024807, 0.9986496442388804, 0.9973011119384423, 2912601/56348, Sqrt[8460199113043/943829]/58, 8460199113043/3175040756, 304831939820304328505698933/71574969032333563892719849, 33138575120060931702/(8460199113043*Sqrt[8460199113043]), {2912601/56348, 300692903/56348, 41501229933/56348, 6670908934775/56348, 1163020076528661/56348, 212277533464195103/56348, 39836007970103787693/56348, 7610758580087765091815/56348, 1471908355734234590034501/56348, 287151206470458528902801903/56348}, {0, 8460199113043/3175097104, 16569287560030465851/89455185808096, 304831939820304328505698933/10081241619829186816, 543553101793442095559958035797815/142014450698533754676992, 17681680255735381971119470546099217093863/32008921071843920034156580864, 70587649382384044072506105764483651280151027161/901819342278130603042327509262336, 1154840694392456100034968367485826241149981373476838953/101631432597376206440458140983828217856, 1185659727662214124408461353345367480577944730149078709421295/715840995499619310063366916019594052468736, 78498299282362929436324328560173182780094667016239232756366380029883/322689667315300391067604791870976685348066689024}}"
"{1.2936886212809724, 1.1459666954094785, 1.3132396669877204, 63523/64483, 2*Sqrt[662383142/2078996403], 2649532568/2078996403, 20948015915892255373/7020022828892674624, 195005631778047/(10598130272*Sqrt[331191571]), {63523/64483, 144755/64483, 398305/64483, 1221335/64483, 3985873/64483, 13553135/64483, 47533225/64483, 170954135/64483, 627874273/64483, 2346734015/64483}, {0, 5299065136/4158057289, 390011263556094/268124008166587, 83792063663569021492/17289440418606029521, 11945061440090157374427030/1114874986512972601602643, 2126259789631327479737007043156/71890483755316012269143228569, 366243153429134288658649875630794454/4635714063994042419151162807814827, 66569237542846793655468823602706104926692/298924749988527837314124431336323489441, 12252696950758127045966070214980203102280986550/19275564653510240533526685705860147569624003, 2298549318386917926943842303771236108217613787601076/1242946235552300840323401274370979895732064585449}}","{65.09608205299902, 1.0131495089528146, 1.0264719274913294, 4089338/64483, Sqrt[780231854114/188999673], 780231854114/188999673, 190578324167157301642568723/73660171287074591625724516, 15068084420964458985/(8582550395254*Sqrt[4291275197627]), {4089338/64483, 525530544/64483, 81585876116/64483, 13986575981460/64483, 2526056955095108/64483, 469468499886239484/64483, 88773819458872493996/64483, 16984888938220162836660/64483, 3278514392434931236980788/64483, 637388975786408708711970924/64483}, {0, 17165100790508/4158057289, 60272337683857835940/268124008166587, 762313296668629206570274892/17289440418606029521, 5126293392063972546155375358865260/1114874986512972601602643, 47287486873052328954285780705046104655508/71890483755316012269143228569, 382295855772693877688795708117121074927845628100/4635714063994042419151162807814827, 3349117070110836841654190221439905876384724271838474172/298924749988527837314124431336323489441, 28701219304077284186255309252136877526508493630622598625475100/19275564653510240533526685705860147569624003, 251901461245872836971142847897778114757899256086116359856884757875108/1242946235552300840323401274370979895732064585449}}"
"{1.0460731508032324, 1.2913588224852133, 1.6676076084103966, 9383/14958, Sqrt[293629738/49719561]/3, 293629738/447476049, 75226421464543257/21554605759487161, 2012680221226/(146814869*Sqrt[146814869]), {9383/14958, 15701/14958, 62317/29916, 35269/7479, 349381/29916, 229588/7479, 2513377/29916, 1768669/7479, 20311021/29916, 14781238/7479}, {0, 146814869/223741764, 1006340110613/1673364652956, 25075473821514419/16686792319277232, 539575314806232056405/187200779633811627192, 71974449154431541978909069/11200597047050217278151744, 401040723962791376185677515861/27923088438296191674432297792, 82867148995590525233323484474028017/2506041341160206610396949862236416, 360538010938620180351894756140006077205/4685670797634296309789697004916538816, 11249622580591513189829003449678087071438941/62300678925345603734963811377370300097536}}","{31.33555759049794, 0.867687247139895, 0.7528811588492091, 2490259/59832, Sqrt[4668831571007/99439122]/6, 4668831571007/3579808392, 42827558317510435647886653/21797988238431691682994049, 4472439180690455534/(4668831571007*Sqrt[4668831571007]), {2490259/59832, 181679059/59832, 15306514723/59832, 1398540767755/59832, 134794310385019/59832, 13482391227162019/59832, 1384946531045972323/59832, 145118195287677084475/59832, 15441551117422760195659/59832, 1663547203908677341954579/59832}, {0, 4668831571007/3579868224, 2236219590345227767/107095337789184, 14275852772503478549295551/4271818833734971392, 25014850381109544482741880749335/191693598345023106244608, 545946322837402651951593859792074187387/45877645504717689971309543424, 306417837077639122320753950480642608948924279/457491880973044804393898767024128, 8451629041772852874129470524921639503855693080480633/164235925334275300418974506171525758976, 4154552198573735405138006565707364698330152160421484911895/1228320485575044971833510331656841151381504, 16251234735956910826588618969952228381694951672772838166772054463/65326996704823191781993413478837439795073908736}}"
"{0.9354770396451734, 1.1524212486829088, 1.3280747344158748, 40119/56956, Sqrt[2137544123/810982245]/2, 2137544123/3243928980, 14205041533916507621/4569094877771839129, 92068598514978/(2137544123*Sqrt[2137544123]), {40119/56956, 65789/56956, 127593/56956, 282593/56956, 686769/56956, 1777649/56956, 4806993/56956, 13408433/56956, 38239569/56956, 110786609/56956}, {0, 2137544123/3243985936, 46034299257489/92382231485408, 14205041533916507621/10523444752965796096, 352908309468004145535645/149843329837479970610944, 176587780960059244628529556223/34137906776894036824467705856, 10755387129948202478196531766566459/972179309192388380687191327367168, 2735920455194252720429021394811337436041/110742889468723345220839338483048841216, 43808905225248788754984601637763360987299445/788434001572575856299765670330066225037312, 45353006921595467202075252578698112679136835217923/359248375948541043771275628154554015305801138176}}","{55.257932390870856, 0.9440890707105988, 0.891304173435202, 3531085/56956, (3*Sqrt[411595762321/270327415])/2, 3704361860889/1081309660, 196015364650751509802243095/41166890389227044963610963, 17430571363149742778/(11113085582667*Sqrt[1234787286963]), {3531085/56956, 414032707/56956, 65981486179/56956, 12521250880495/56956, 2650378304739235/56956, 600860873833193767/56956, 142184352355917932779/56956, 34568130996735224549455/56956, 8553301850271870123163795/56956, 2141748572529439283940900727/56956}, {0, 11113085582667/3243985936, 26145857044724614167/92382231485408, 588046093952254529406729285/10523444752965796096, 1386775515694081871004040961395515/149843329837479970610944, 58735524659873453864779218801197697497967/34137906776894036824467705856, 311986689172740830074066420501703939284387933917/972179309192388380687191327367168, 6769748093526204066927497032081525385503299053912851785/110742889468723345220839338483048841216, 9262422671422356836555368833260976009565708224836062461170115/788434001572575856299765670330066225037312, 817792473484410292717107614174898814355826379113764685282561876496467/359248375948541043771275628154554015305801138176}}"
"{0.6383392399721063, 0.7991472436080171, 0.6386363169662915, 32231/32246, Sqrt[221142993/346596131], 221142993/346596131, 53761936134868271/16301407784332683, 3794839874050/(663428979*Sqrt[73714331]), {32231/32246, 26395/16123, 104843/32246, 121291/16123, 622271/32246, 853765/16123, 213421/1402, 7307431/16123, 44786711/32246, 70400185/16123}, {0, 663428979/1039804516, 5692259811075/16764768211468, 1451572275641443317/1081193431493994256, 15920754024935387366175/8716040847988834694744, 5112768683467683578382954759/1124229812736991854266860096, 161921274763931983320515890544625/18125957270758519666344585327808, 24367923779318167647744527731597221417/1168979236305758450321894996960993536, 225152984080291168308613274602781119766295/4711863056739435873634978259000524695232, 142592476818769258382708199508101333542849042139/1215509889020958793449868071517847354579608576}}","{13.809917658940329, 0.43910613296427775, 0.19281419600684196, 2309553/32246, Sqrt[1028461734161/1039788393], 1028461734161/1039788393, 2919273263919893901852641/1057733538633451434373921, 170754763402677144/(1028461734161*Sqrt[1028461734161]), {2309553/32246, 197311195/32246, 18864942195/32246, 85406564273/1402, 219283046441703/32246, 25929368367566395/32246, 3213834305985219435/32246, 413656770150658270639/32246, 2384530453697521428681/1402, 7440192455453771453444995/32246}, {0, 1028461734161/1039804516, 21344345425334643/4191192052867, 2919273263919893901852641/1081193431493994256, 116144588275805657148093657855/2179010211997208673686, 11921128001074429524099540095311312241/1124229812736991854266860096, 1716475723483153737154754433918615177023553/4531489317689629916586146331952, 57357893003083815598102099629767661280363664808641/1168979236305758450321894996960993536, 2821344115566212228689993269905041995540039458217910455/1177965764184858968408744564750131173808, 301635285486215525491017378372613321138046800837186298674471121/1215509889020958793449868071517847354579608576}}"
"{0.844003520746911, 0.9652770353579436, 0.9317597549894208, 49973/55169, Sqrt[1163421069/23777839]/8, 1163421069/1521781696, 777282423788854337/300788574176245058, (6023091678292*Sqrt[2/1163421069])/387807023, {49973/55169, 87443/55169, 179363/55169, 414143/55169, 1036523/55169, 2739743/55169, 7521563/55169, 21211343/55169, 60969323/55169, 177620543/55169}, {0, 2326842138/3043618561, 72277100139504/167913392391809, 13991083628199378066/9263613944863710721, 1085589735655543607339280/511064317724186056766849, 136939405855313350443181902738/28194907344525620565770292481, 14339542628024898097660459564930944/1555484843290133960992981265884289, 1676050318388402197246146387918362739186/85814543319473400494021783457570339841, 189372370763762174496434702535385407590349360/4734302540392028031854687771570698078688129, 21892948334294064438414816979739399557191938310738/261186736850887794489391269669783842303145388801}}","{31.749829874370604, 0.7040267535537937, 0.4956536697194942, 3533932/55169, (9*Sqrt[38209540621/23777839])/8, 3094972790301/1521781696, 20039054056383210515702327/6385904381802371813113734, (1163228467533673357*Sqrt[2/38209540621])/9284918370903, {3533932/55169, 338570954/55169, 40648132804/55169, 5582304212042/55169, 831908586532852/55169, 130394028813546074/55169, 21100767319231723924/55169, 3486382389125137484522/55169, 584203016953960550566132/55169, 98868674778907150451052794/55169}, {0, 6189945580602/3043618561, 13958741610404080284/167913392391809, 120234324338299263094213962/9263613944863710721, 555663004822269823514950452675420/511064317724186056766849, 3583802604076449195309977322194577565722/28194907344525620565770292481, 20096154154197265188958146917749228972779760524/1555484843290133960992981265884289, 122896049541765953288457356385695863665884765602875882/85814543319473400494021783457570339841, 729548655851453220814510415108493562687916532033714157181820/4734302540392028031854687771570698078688129, 4443930219471348326539356247614601127977752666956934961712554381242/261186736850887794489391269669783842303145388801}}"
"{1.1938121960680572, 1.1634493355924036, 1.3536143564904053, 53422/60573, Sqrt[1931514943/1834513878], 1931514943/1834513878, 15399747850399600413/7461499950064586498, 81908054100739/(1931514943*Sqrt[3863029886]), {53422/60573, 110890/60573, 254938/60573, 630370/60573, 1643242/60573, 4455010/60573, 12436618/60573, 35474050/60573, 102771562/60573, 301034530/60573}, {0, 3863029886/3669088329, 163816108201478/222247687352517, 10266498566933066942/4487403055334670747, 2894901558903672715036030/815446395812361033474093, 391716340055076347129454377386/49394034533542144880626235289, 15574678137286900496714264858184266/997314951266749447284724316720199, 6017517803396182672480782363005787474026/181231075629242442811132818110077842081, 759579334752598295487979088870883366408351710/10977709944090102488398748191381745128372413, 10817419102997795331252291053497616081529861472154/73883647160374419781086374910729605295655796961}}","{35.379983407929416, 0.7779443351240091, 0.6051973885515365, 3541112/60573, Sqrt[3794365876537/1834513878], 3794365876537/1834513878, 53974363249956108277398999/28794424810056792654224738, 67290422422055947/(64311286043*Sqrt[7588731753074]), {3541112/60573, 332296666/60573, 36238320722/60573, 4268251005334/60573, 528069200916122/60573, 67678396970741926/60573, 8909616905378694842/60573, 1197792354391465005574/60573, 163732943563604406484922/60573, 22681994277418592679477286/60573}, {0, 7588731753074/3669088329, 7940269845802601746/222247687352517, 35982908833304072184932666/4487403055334670747, 275542105571158423179457052458730/815446395812361033474093, 2107614553944531236184678050749284920974/49394034533542144880626235289, 2700346569475941186047703938145095619830620222/997314951266749447284724316720199, 49657525299938933696500459264890310793358103466646398/181231075629242442811132818110077842081, 230283512426285036360839291482268799873361514220722890515050/10977709944090102488398748191381745128372413, 144125793657249320811622981361245666038143740264414739887926551486/73883647160374419781086374910729605295655796961}}"
"{0.9783942448461715, 1.223506790592362, 1.496968866625622, 20199/30905, Sqrt[407168546/636735715], 407168546/636735715, 328561236433551439/124339668638815587, (1467878654187*Sqrt[3/203584273])/203584273, {20199/30905, 32964/30905, 61209/30905, 125844/30905, 279549/30905, 660264/30905, 1641609/30905, 4264044/30905, 11488149/30905, 31874064/30905}, {0, 610752819/955119025, 13210907887683/29517953467625, 985683709300654317/912252351916950625, 47873992039272201691071/28193158935993359065625, 602019794301149157721173609/174261915383374952384628125, 188779605318253730690962106470839/26927822474616014517234661015625, 1810330969401694665313697120837382579/118886336225429704093591028383984375, 872394806364395846016581737313673317176287/25719275547328335035087015125449259765625, 61411125988643032218380335227605202765716850141/794854210790182194259364202452009373056640625}}","{42.268212517394446, 0.9434692436976649, 0.8901342138034438, 2935061/61810, Sqrt[7668011071789/3820414290], 7668011071789/3820414290, 150081104809997490849134137/58798393797078688511660521, 16881117422564327532/(7668011071789*Sqrt[7668011071789]), {2935061/61810, 263429771/61810, 28709428379/61810, 3467469785399/61810, 445245359269811/61810, 59486201364059831/61810, 8171057507139553379/61810, 1145873640197593673159/61810, 163334707382921378050931/61810, 23594933572245786090874391/61810}, {0, 7668011071789/3820476100, 4220279355641081883/59035906935250, 150081104809997490849134137/14596037630671210000, 85684404219372425327463712618263/112772635743973436262500, 898189303301736357004477191812716516769/11152762584535996952616200000, 6440578458139777430163142966126066941371844729/861690319187712464551509152500000, 23213520943902941050358025806044508318542532733413959/30434902073710004247959303266300000000, 63011629996115426137771793311063520443067725275490768751823/823016817514506721122784484014376312500000, 6444518268127507955370620289031280482304658457494496823342972112541/813930711849146566921588943310857598010000000000}}"
"{0.5917278400455244, 0.7578474400578112, 0.5743327424021778, 32146/31201, 5*Sqrt[47478882/1946973601], 1186972050/1946973601, 264855836066143511/117408553956766875, (325020397426*Sqrt[3/7913147])/989143375, {32146/31201, 52141/31201, 95920/31201, 194845/31201, 426796/31201, 993001/31201, 2432320/31201, 6231685/31201, 16592596/31201, 45600961/31201}, {0, 593486025/973502401, 2925183576834/30374248413601, 794567508198430533/947706924752764801, 15064427403073241298090/29569403759211014556001, 1587566544953680518102051765/922594966691142865161787201, 63473987312447323083213606396714/28785885555730348535912922458401, 4608982986457694609638044419021437173/898148415224342604669019093624569601, 248756771122170474955322158827077249596170/28023128703414713608278064740180196120801, 16041713034926258369252495667192868786747154805/874349638675242479291883897958362299165112001}}","{17.628750438701292, 0.5337194055265787, 0.2848564038356446, 1930919/31201, Sqrt[2124110643794/1946973601], 2124110643794/1946973601, 3729129052220148713751511/1127961506769740287678609, 594482310280829151/(1062055321897*Sqrt[1062055321897]), {1930919/31201, 153536858/31201, 14325637139/31201, 1513813690610/31201, 176161681516859/31201, 21995695239964658/31201, 2884340463348768659/31201, 391074405270778449170/31201, 54251239633479983610539/31201, 7647767495046708708422258/31201}, {0, 1062055321897/973502401, 594482310280829151/30374248413601, 3729129052220148713751511/947706924752764801, 5478232904242085487153411915075/29569403759211014556001, 19485949168275654003476741959610959327/922594966691142865161787201, 41120342295260996445720776282811499487066691/28785885555730348535912922458401, 122386221364942677440029517531399519214075323810671/898148415224342604669019093624569601, 299707272561620207456105419911652688376710020928177984115/28023128703414713608278064740180196120801, 842438821737127676627125138294963990569736733372896650003869407/874349638675242479291883897958362299165112001}}"
"{0.8642685819877316, 0.8261100728885635, 0.6824578525279478, 19742/15589, Sqrt[212785070/194410419], 212785070/194410419, 1050134526862517926/282984287593155625, (9024390867258*Sqrt[2/21278507])/2659813375, {19742/15589, 84127/31178, 16436/2227, 735271/31178, 1278902/15589, 9329707/31178, 17507492/15589, 133853791/31178, 37007966/2227, 2023068787/31178}, {0, 531962675/486033842, 4512195433629/3788390781469, 525067263431258963/118114447784640482, 8563117462454258104725/920643063257380236949, 771801731474655196273667195/28703809426238601027595922, 15240475309200920389194205295889/223731842572816775709596414029, 186378510568486471294402704320519909/996501626819325919010542428085166, 27181756644520542769562359688230686522525/54370623511702651130093710689968784709, 2310845423943677042665032251619556089830613515/1695167299847865256934061711891846769657202}}","{23.057773249465814, 0.5464123781328172, 0.2985664869767608, 2407823/31178, Sqrt[1730944768549/972052095], 1730944768549/972052095, 9217603365795688302219817/2996169791767151179565401, 1387411309145054268/(1730944768549*Sqrt[1730944768549]), {2407823/31178, 241470151/31178, 28650741299/31178, 548690094985/4454, 80493713830649/4454, 88312229569032691/31178, 14526190905546612899/31178, 2475159351329345442775/31178, 432840325985364311508023/31178, 11024346665775703786168333/4454}, {0, 1730944768549/972067684, 346852827286263567/7576781562938, 9217603365795688302219817/944915582277123856, 2305502429446283671929535465995/3682572253029520947796, 78727106357541104725773268999131449869/918521901639635232883069504, 55812966415494151871104404355641018379923477/7159418962330136822707085248928, 119098978156681391709391912942039784132422252539751/127552208232873717633349430794901248, 169404902745115759628786292583507132132953004851004298115/1739859952374484836162998742079001110688, 9752747345234551885765646686060367671169547331378726191918729589/867925657522107011550239596488625546064487424}}"
"{0.9402359163439655, 1.1666755965070261, 1.3611319474850252, 40181/58168, Sqrt[2197527119/93984946]/6, 2197527119/3383458056, 17495881681680606365/4829125438740440161, 110091243880866/(2197527119*Sqrt[2197527119]), {40181/58168, 65535/58168, 130001/58168, 300207/58168, 764441/58168, 2064375/58168, 525331/5288, 16550367/58168, 48123401/58168, 141358215/58168}, {0, 2197527119/3383516224, 55045621940433/98406185858816, 17495881681680606365/11448182038071218176, 482169644718891135975585/166479463197631654715392, 253047212147086957674716885099/38735109661119352365939687424, 16249689426244998304490720536244883/1126571929383995244210989869039616, 4293647759731529617067218867560665431865/131060871976816470730529717404592766976, 71199679826365943647484789254513609233782145/952943600143432558681681575248794008682496, 76033732521649196941869466569640358247945727353479/443446586665145480587168430952574799176347418624}}","{28.33144160306844, 0.7749095900983978, 0.6004848728264669, 2744421/58168, Sqrt[1507560736501/281954838]/2, 1507560736501/1127819352, 17946658466261590836406015/6818218122718312661169003, 2374850385614785894/(1507560736501*Sqrt[4522682209503]), {2744421/58168, 207236433/58168, 19220106243/58168, 1997662287261/58168, 222759221539131/58168, 26020709485043133/58168, 3139904925173406363/58168, 388056922163285270061/58168, 48845526584028342299931/58168, 6237902347326731996922333/58168}, {0, 4522682209503/3383516224, 3562275578422178841/98406185858816, 53839975398784772509218045/11448182038071218176, 46057233269883414116800448217945/166479463197631654715392, 990197826223829902493458920232436561883/38735109661119352365939687424, 2203003127393750915042498811277915589407751691/1126571929383995244210989869039616, 22293399143324735391268475772158511790925042513642745/131060871976816470730529717404592766976, 13582807835910644235301149219306979701881236968646848419865/952943600143432558681681575248794008682496, 551093263207507972736400322697537358213850415529664618576826184663/443446586665145480587168430952574799176347418624}}"
"{1.292825238926775, 1.1575661432626796, 1.3399593760280344, 57847/59956, Sqrt[1494599441/299555165]/2, 1494599441/1198220660, 20728455200358124775/6701482467112537443, 94952729327438/(1494599441*Sqrt[4483798323]), {57847/59956, 130597/59956, 349555/59956, 1064005/59956, 3593347/59956, 13267717/59956, 52875955/59956, 224295685/59956, 998318947/59956, 4602588037/59956}, {0, 4483798323/3594721936, 142429093991157/107762574197408, 62185365601074374325/12922025797159588096, 2396968978351353645840345/193688244673625065970944, 1936688307778686732325296321543/46451089590607457821415673856, 201030548250706658201709903458017527/1392510763747230370570399070855168, 89306625415749349873934193894595763265705/166978750702457888195837693384384905216, 2552646511378167531048355616797998120820493025/1251422247139570643083705593069272672141312, 4769600224831267046957888107178577354113049135092763/600242177996000779813813220304490498647236018176}}","{48.6241799373431, 0.9351726235058211, 0.8745478357547602, 3333507/59956, Sqrt[647869909629/59911033]/2, 647869909629/239644132, 68593944046906501072193447/31480156485201647018823075, 7998771462159277006/(9718048644435*Sqrt[1079783182715]), {3333507/59956, 347426739/59956, 44015835711/59956, 6018644736771/59956, 854396923108047/59956, 124083137763201459/59956, 18313168376308402431/59956, 2736678218989041490851/59956, 413114728501294417866927/59956, 62888294285444178820549779/59956}, {0, 9718048644435/3594721936, 11998157193238915509/107762574197408, 205781832140719503216580341/12922025797159588096, 233164621983370108479493041447225/193688244673625065970944, 6028958966026176217978119677351241205095/46451089590607457821415673856, 16628063516629438667924382136960287370115426679/1392510763747230370570399070855168, 203754049313531386960554421383879736464941789917615401/166978750702457888195837693384384905216, 150494308365366824749679796953514216368224354585781390864385/1251422247139570643083705593069272672141312, 7358266555993237022778127835983141539146115145078135034775097108155/600242177996000779813813220304490498647236018176}}"
"{0.7348034055560124, 0.8093230849338098, 0.6550038558067787, 71943/64130, Sqrt[3390112981/33988370]/11, 3390112981/4112592770, 26496250931034894217/11492866023944706361, 3972389721876/(178426999*Sqrt[3390112981]), {71943/64130, 133571/64130, 26073/5830, 136711/12826, 159033/5830, 4703651/64130, 13103283/64130, 7493575/12826, 109261683/64130, 323517731/64130}, {0, 3390112981/4112656900, 18868851178911/65936171749250, 26496250931034894217/16913946777117610000, 200038763414452406325459/135586425852069041162500, 58227883335099985997635318841/13912251983829100175601800000, 6914151754482861705838594260499413/1115240899653700242826679292500000, 3951296048290842977806309518608400695953/286081595579167186289899772112100000000, 28482686985894688017211069191401279547730299/1146650795280749478548204524096810812500000, 61320689103413658624027678157126429138264464891109/1176555448021671424948741698085255638490000000000}}","{24.29991551014621, 0.5687680168972071, 0.32349705704518167, 4817211/64130, Sqrt[577446227513/2614490]/11, 577446227513/316353290, 101269926842215579576205417/56352060618060215529913561, -4236007824406311108/(7506800957669*Sqrt[7506800957669]), {4817211/64130, 478907263/64130, 4775400447/5830, 6079131354187/64130, 727839625089741/64130, 89204451021755083/64130, 11123546254386104637/64130, 1406022870628318723867/64130, 179717451341627078384781/64130, 23190907127947592912809003/64130}, {0, 7506800957669/4112656900, -1059001956101577777/65936171749250, 101269926842215579576205417/16913946777117610000, -16394910646545704204304124572837/135586425852069041162500, 327716250734628328183488149032008594409/13912251983829100175601800000, -770277774514925277531492611392432104209994891/1115240899653700242826679292500000, 28810599794772129969481575253910519176754954387478353/286081595579167186289899772112100000000, -4166061680323574291882506816224428931989611375729843406157/1146650795280749478548204524096810812500000, 530963559421450624340540823201709901919716608092046586393131817141/1176555448021671424948741698085255638490000000000}}"
"{0.7737058223952863, 1.2552538073027726, 1.575662120748106, 30756/62635, Sqrt[248407449/653846765], 248407449/653846765, 2261001433337508007/370237564312125606, 12502161646757/(745222347*Sqrt[165604966]), {30756/62635, 38898/62635, 12318/12527, 26166/12527, 359406/62635, 1160958/62635, 818742/12527, 3026790/12527, 57481806/62635, 221952318/62635}, {0, 1490444694/3923143225, 75012969880542/245726075897875, 13566008600025048042/15391052763863400625, 2274748393326852678858054/964018589864584098146875, 88485277828884035186759706834/12076260875233644997485903125, 89695504610803277579866966972793286/3781982999601296772087647711171875, 18741317644607162691473562117557348755578/236884505180027223319709814389250390625, 3982961559245932209794224985096726085946019238/14837260981951005132630024224270698216796875, 855652759551823453900189831731828508694779714426266/929331841604501206482281567287195182809072265625}}","{18.898567090886505, 0.8112739232818464, 0.6581653785971193, 1798502/62635, 2*Sqrt[266109245027/1961540295], 1064436980108/1961540295, 2894455922764968020814283/1133026084621438787691664, 810301522556451573/(2128873960216*Sqrt[532218490054]), {1798502/62635, 85630772/62635, 4823786882/62635, 61056286228/12527, 21133474602242/62635, 1566595075763492/62635, 122117577130517282/62635, 1973205520914654868/12527, 817327565762292187202/62635, 68911621367135414360612/62635}, {0, 2128873960216/3923143225, 1620603045112903146/245726075897875, 11577823691059872083257132/15391052763863400625, 26069153195473273820671934936778/964018589864584098146875, 22132667677192033860819445073877102596/12076260875233644997485903125, 356687115191158250622951908190811624561886178/3781982999601296772087647711171875, 1351733858738181662833553403672286127373189415745548/236884505180027223319709814389250390625, 4833952077955349940622742355773950639467103271652745989786/14837260981951005132630024224270698216796875, 18039814043730984666263581793919928840588591476522879486390055684/929331841604501206482281567287195182809072265625}}"
"{1.3208825136056965, 1.007989622107901, 1.016043078277229, 84698/65151, Sqrt[728872838/47162085]/3, 728872838/424458765, 6769718500060414626/3320347587338589025, 170188835163371/(7288728380*Sqrt[1822182095]), {84698/65151, 221984/65151, 659654/65151, 112064/3429, 7270718/65151, 25839704/65151, 94551014/65151, 353555216/65151, 1343754638/65151, 5170511624/65151}, {0, 7288728380/4244652801, 340377670326742/276543374637951, 36105165333655544672/6005692467012381867, 12063436970679717287776430/1173830609754971073050751, 2413583674612148622049063713760/76476238056146120380329478401, 122537230231602626074663726322919994/1660834461865325296299615282434517, 65959871354438510890004099867929090831376/324615078074963425137648705797673651201, 11104273834422821266451629329009737467771637710/21148996951661942111142950831424236049396351, 216950923287823301800627187565771350474047704680960/153097588933080798942563821068680044761580184889}}","{41.13171575721831, 0.7318461163236033, 0.5355987379779411, 5003321/65151, Sqrt[268151115910/9432417]/3, 268151115910/84891753, 20323581579466643230734507/11235159525590352363765625, 8604957014187644951/(67037778977500*Sqrt[134075557955]), {5003321/65151, 196675297/21717, 80973895163/65151, 1329938932279/7239, 1852531963464371/65151, 98689697966468357/21717, 48466089396313542563/65151, 2694736698875026165717/21717, 1369120993439346914793971/65151, 8697039752328087233999613/2413}, {0, 13407555795500/4244652801, 17209914028375289902/276543374637951, 108392435090488763897250704/6005692467012381867, 1005930034844053459483558161946790/1173830609754971073050751, 10405426875986154624628904602830659619040/76476238056146120380329478401, 16338711091610937192716153836482214934644662754/1660834461865325296299615282434517, 400609918693087858055578545399113010556901481208805312/324615078074963425137648705797673651201, 2330481154040291627250647411157138100516125800738435551478470/21148996951661942111142950831424236049396351, 1928726353778774817174331234149083724170327574133547908556866893920/153097588933080798942563821068680044761580184889}}"
"{0.8001825650129035, 0.9981503151482939, 0.9963040516306384, 4639/5776, Sqrt[107202059/115518]/38, 107202059/166807992, 56918545305149845/11492281453839481, (609720253734*Sqrt[5/107202059])/107202059, {4639/5776, 37189/28880, 4103/1520, 201637/28880, 118129/5776, 1854469/28880, 6082997/28880, 20616517/28880, 14361649/5776, 256146949/28880}, {0, 107202059/166810880, 304860126867/481749821440, 11383709061029969/5565173937274880, 7219229715954994311/1607222233084985344, 2216706155588342136252119/185666312365977506938880, 16959912978617982294727534617/536204310112943040039485440, 546723064985527030345712319984029/6194232190424717998536135802880, 226609298760623605880154695466213927/894447128297329278988618009935872, 154546029369910465704966003917036363094179/206653064521814956617530305015583866880}}","{26.68232225231139, 0.7319779043205887, 0.535791652413561, 2876437/57760, Sqrt[1477668115277/192530]/76, 1477668115277/1112053280, 15245993992027805120292239/6550509176718844082360187, 1682605514340911102/(1477668115277*Sqrt[4433004345831]), {2876437/57760, 43998941/11552, 20112870487/57760, 2036032289581/57760, 219888875681887/57760, 4962329473548137/11552, 2887399079911378687/57760, 343585220005139920381/57760, 41562082886218074232447/57760, 1018030520513055169562633/11552}, {0, 4433004345831/3336217600, 2523908271511366653/96349964288000, 45737981976083415360876717/11130347874549760000, 30009698636353549796622695211957/160722223308498534400000, 136358687123066611984270343702864620791/7426652494639100277555200000, 1239968698519113355123280025244332679544648199/1072408620225886080078970880000000, 12096000468165746683605634767020132124921826959566553/123884643808494359970722716057600000000, 6277290821075711626597359608356689246362230802970878210277/894447128297329278988618009935872000000000, 233420742129129586742078344134506750447308419646333893306892951359/413306129043629913235060610031167733760000000000}}"
"{0.8813158703034213, 1.152198385469154, 1.3275611194777253, 34544/52035, 8*Sqrt[12376033/1353794595], 792066112/1353794595, 927332739058102059/313684362889398272, 13763716262887/(3168264448*Sqrt[24752066]), {34544/52035, 17792/17345, 96188/52035, 65752/17345, 445724/52035, 360552/17345, 2770508/52035, 2466392/17345, 20409404/52035, 19229512/17345}, {0, 1584132224/2707641225, 55054865051548/140892111142875, 2472887304154938824/2443773667773166875, 627248756746300782875996/381485288407730215021875, 13783558530836438011279564424/3970117396459248347732653125, 2490361633095806172510031535734948/344308431207928312957114342265625, 859031528339980290171755183296118222168/53748267653713649294170334399375390625, 100530355206044653287859622152260078683660092/2796791107360989741022153350471498451171875, 1329590744209332068711881461788683617180997703624/16170113919058789019343083287976046878525390625}}","{24.306460205452428, 0.7426457594839521, 0.551522724079496, 764421/17345, Sqrt[483405450301/451264865], 483405450301/451264865, 1448640820796495885007969/467361658761425161981202, (247530432061154733*Sqrt[3/966810900602])/483405450301, {764421/17345, 31361537/10407, 4489800829/17345, 1321048993069/52035, 46718032101221/17345, 3124184887197281/10407, 599969518254328509/17345, 212409281357646804829/52035, 8507543374673017221781/17345, 622049616600139501128785/10407}, {0, 966810900602/902547075, 165020288040769822/5218226338625, 965760547197663923338646/271530407530351875, 333229123794081539512839027654/1569898306204651090625, 300025436855639562513436641467920462/16337931672671803900134375, 648345773193073836736798208084603759830646/472302374770820731079717890625, 2805595862610704286314863761865147840171041629894/24576254071199656741733120438671875, 1311479613299944390897128340852369933329853345218928198/142091708954986015395120324669587890625, 5708812448349983557574572665006809614848263484525270097184198/7393742075472697311085086094182005888671875}}"
"{1.1546800559473787, 1.3575578071908931, 1.8429631998649463, 18016/28755, (2*Sqrt[299085847/20415695])/9, 1196343388/1653671295, 1334914459741922871/178904687751414818, (7004189013998*Sqrt[2/299085847])/299085847, {18016/28755, 6418/5751, 80056/28755, 250634/28755, 876496/28755, 645082/5751, 12187096/28755, 46791194/28755, 181598176/28755, 142046986/5751}, {0, 598171694/826850025, 28016756055992/23776072468875, 889942973161281914/227893654614166875, 230933238562915595676304/19659246115291105471875, 4238334892325536860716411534/113060324409039147568753125, 656204682091519867679114767341512/5418416047303201147232493515625, 185404783703856814917139114499614842878/467419660320610646966011053125390625, 17610435463069048378193909207699685251696288/13440652332519159153507647832620607421875, 187010227851708431754404333350456080680011179974/42942884202398713495456934825222840712890625}}","{30.030288498976308, 0.8626990892713603, 0.7442497186296345, 1160257/28755, Sqrt[2003777601142/20415695]/9, 2003777601142/1653671295, 4554637795967962579132677/1003781168709597009926041, 1458557988717583091/(1001888800571*Sqrt[1001888800571]), {1160257/28755, 81658324/28755, 7870637917/28755, 892852459036/28755, 109818816538417/28755, 14105604883489384/28755, 1860470045056823557/28755, 249958381010554570276/28755, 34060065816674718272377/28755, 4694721424817529606175744/28755}, {0, 1001888800571/826850025, 1458557988717583091/23776072468875, 1518212598655987526377559/227893654614166875, 11271720599702279286900253927003/19659246115291105471875, 6325477411337828781062302716517649861/113060324409039147568753125, 29208920610695927838725281895061645162747581/5418416047303201147232493515625, 250458360694977358496191218860633334187560464978933/467419660320610646966011053125390625, 723416379358732855273592629468411423360801869466375448771/13440652332519159153507647832620607421875, 235518318886868420554708766306607780640930006481145130622374601/42942884202398713495456934825222840712890625}}"
"{0.8372968930677702, 1.4311281228602728, 2.048127704041568, 23292/56975, (2*Sqrt[138890642/64921873])/5, 555562568/1623046825, 16958322000065581/3507383715485848, 12284596231569/(1111125136*Sqrt[69445321]), {23292/56975, 29024/56975, 42948/56975, 78176/56975, 170772/56975, 422384/56975, 1124868/56975, 3127616/56975, 8926452/56975, 25904144/56975}, {0, 1111125136/3246150625, 49138384926276/184949431859375, 5969329344023084512/10537493880187890625, 690475930400120989105428/600373713823705068359375, 18206436224488416579230225456/6841258469021119253955078125, 12458880708251573155657437420205188/1948903506362391347470452880859375, 1755553689369118594976468319686262445888/111038777274997247022129052886962890625, 251640957143474166667492479907617093037625076/6326434335242968149085802788234710693359375, 36471864957741331266716988669799131367989603917584/360448596250468110294163613859672641754150390625}}","{21.24305284959259, 0.8413352503509142, 0.7078450034830354, 341974/11395, Sqrt[41389171118/64921873], 41389171118/64921873, 1422197900250926541139/428265871458771342481, 10360136236000077/(82778342236*Sqrt[20694585559]), {341974/11395, 87636928/56975, 5608063874/56975, 415175800624/56975, 6804793777258/11395, 2984437258295248/56975, 273533084145091394/56975, 25785426006984730864/56975, 495135860536888843594/11395, 240642042407558562327568/56975}, {0, 82778342236/129846025, 20720272472000154/1479595454875, 22755166404014824658224/16859990208300625, 13806643363468318251715995066/192119588423585621875, 450940954839763382153834804958088/87568108403470326450625, 8423040893997891237011206131088196766546/24945964881438609247621796875, 6662917709534669724232227081206056266629685424/284259269823992952376650375390625, 5227237700611156722543724311331813467670827298876554/3239134379644399692331931027576171875, 4159299842388328604977536942712047379184744085180218108056/36909936256047934494122354059230478515625}}"
"{0.8814083789580077, 1.7825249451222667, 3.1773951799831397, 1182/4261, Sqrt[28854377/7375791]/4, 28854377/118012656, 7296877877675087/1665150144116258, (92893155969*Sqrt[13/57708754])/28854377, {1182/4261, 17806/55393, 22686/55393, 32446/55393, 51966/55393, 91006/55393, 169086/55393, 325246/55393, 637566/55393, 1262206/55393}, {0, 57708754/236029573, 185786311938/1005722010553, 1122596596565398/4285381486966333, 6917110549436214570/18260010515963544913, 47384974778769346481734/77805904808520664874293, 336567321404453672001186858/331530960389106553029362473, 2436759728547512023563691591078/1412653422217983022458113497453, 17781092198747886602002667973169290/6019316232070825658694021612647233, 130192110187113923468222992384456412614/25648306464853788131695226091489859813}}","{23.576733849863565, 1.1201124650031495, 1.2546519342554319, 1040915/55393, Sqrt[679697947351/95885283]/4, 679697947351/1534164528, 2571675465219955810634677/923978599266325535834402, 771831991444045995/(679697947351*Sqrt[1359395894702]), {1040915/55393, 3392403/4261, 2254132895/55393, 126978101847/55393, 7611580907855/55393, 476607456076359/55393, 2370775787785355/4261, 2042610803288583927/55393, 10615589052927483275/4261, 728274512162704807683/4261}, {0, 1359395894702/3068384449, 1543663982888091990/169967019783457, 5143350930439911621269354/9414983126865033601, 11614523228296214265831242549430/521524160346434806260193, 32400720757011960637211874775637544962/28888787814070063223170870849, 87330776024904940182139861859311349111979150/1600236623384783012121104048938657, 246787313740915827829842882007545701264397339522314/88641907279153285390424316582859027201, 703683520753629243140782254065037025265427809113677227910/4910141169914137937631774168474310093744993, 2040615906114338600445169334820362364548994860315270472550680722/271987449825053842779236866514297459022816397249}}"
"{0.6322226596915029, 0.9658957099467241, 0.9329545224934862, 41211/60814, Sqrt[1584454013/410920198]/3, 1584454013/3698281782, 5692512057972679001/2510494519311804169, 28214540110356/(1584454013*Sqrt[1584454013]), {41211/60814, 53981/60814, 6117/4678, 130601/60814, 232761/60814, 437081/60814, 845721/60814, 1663001/60814, 3297561/60814, 6566681/60814}, {0, 1584454013/3698342596, 7053635027589/56227751658286, 5692512057972679001/13677737957388019216, 37957037276582993890185/103974744517574375075228, 30515093318570647380017370773/50584960904734144366599324736, 549426161099386488858026231567079/769068453115125563877592833623776, 187194062129248568758641890440758218801/187080515630972984166607722335985254656, 913783900533573109489635439161505716520785/711069654848874441194255126633787954790624, 1193548556474618514673156173671407593111232249133/691887839839671204268598900337714890922192126976}}","{22.476130305692184, 0.707833802362306, 0.5010286917666801, 1364057/30407, Sqrt[1864448914282/205460099]/3, 1864448914282/1849140891, 1381874982299654410309325/869042438491832145893881, -101451537370254744/(932224457141*Sqrt[932224457141]), {1364057/30407, 91849770/30407, 6761304440/30407, 522789008436/30407, 41785160350352/30407, 3424099899393720/30407, 286286496001498820/30407, 24346089776271147876/30407, 2101320467286347605832/30407, 183782884422146912525520/30407}, {0, 932224457141/924585649, -101451537370254744/28113875829143, 1381874982299654410309325/854858622336751201, -199295348774972850602032936500/25993686129393593768807, 2365641606183681026821740949271520641/790390014136471005728114449, -219336052624226097918679217547900528159384/24033389159847673871174776050743, 4409388613466906803880344758617367138510320052965/730783264183488219400811415374942401, 178803596826991548744257301475952942912805077608258500/22220926714027326287320472707305873587207, 8838316474129572345168610186126126369896100313885414780428841/675671718593428910418553613611049698166203249}}"
"{0.5468997346380057, 0.8408126157022136, 0.7069658547239982, 44571/57616, Sqrt[1404415639/207471615]/4, 1404415639/3319545840, 4488221155630888909/1972383287067778321, 13877473014870/(1404415639*Sqrt[1404415639]), {44571/57616, 58855/57616, 87423/57616, 144559/57616, 258831/57616, 487375/57616, 72651/4432, 1858639/57616, 3686991/57616, 7343695/57616}, {0, 1404415639/3319603456, 6938736507435/95631136360448, 4488221155630888909/11019767105087143936, 39232522361085145692195/158728725381675221254144, 18179117739041404159937298979/36581256966362398191115042816, 483937267030513456347775062368145/1053832850686967967089642153443328, 82497132073751875316770202483684865049/121435267050360692783673644625581572096, 650061559571894390313898243589098757838675/874576793296697709428017588593438482235392, 395498446071416200473762343487412681929608451119/403116932180660281811237291075196412739794763776}}","{14.009184967886402, 0.5332407899326759, 0.28434574004802415, 2838633/57616, Sqrt[2291171945791/207471615]/4, 2291171945791/3319545840, 10174078368437525462517373/5249468885179717042615681, 262529429091450498/(2291171945791*Sqrt[2291171945791]), {2838633/57616, 179620405/57616, 12847064949/57616, 987414095269/57616, 79729420952733/57616, 6678591245813245/57616, 575660171393985909/57616, 50771193443594147509/57616, 4563338206818943112013/57616, 416742815747140857591085/57616}, {0, 2291171945791/3319603456, 131264714545725249/95631136360448, 10174078368437525462517373/11019767105087143936, 1167222204867877641579515752065/158728725381675221254144, 56374594229618934974404849177013516731/36581256966362398191115042816, 26732576018134027231081810071302334257603139/1053832850686967967089642153443328, 364468584834003538330816459181174352084990831391993/121435267050360692783673644625581572096, 68091260088706961029936724312890867311082577085807056385/874576793296697709428017588593438482235392, 2672041933896951497337757825083302042265859617587069360442287671/403116932180660281811237291075196412739794763776}}"
"{1.3374535440263686, 1.5480054537435735, 2.396320884819847, 32353/57967, (20*Sqrt[1045094/67627])/91, 418037600/560019187, 2547798840338134423/524266305041280000, (11335436900609*Sqrt[3/522547])/16721504000, {32353/57967, 8761/8281, 143251/57967, 379027/57967, 1066363/57967, 3088387/57967, 9074491/57967, 3838981/8281, 79948123/57967, 238534147/57967}, {0, 2508225600/3360173089, 204037864210962/194779153450063, 30573586084057613076/11290763188039801921, 4073775172613918785676610/654491669721103197954607, 569942213777818330701629223660/37938918618723189075834703969, 79689340506383123417916227039905002/2199205295571527101158910284971023, 1601779539594758530218127679029669045068/18211619052627815924696936069845041463, 1581013614738330063118994928695353871412315570/7389710451365736239948351052124952629400047, 223295943083672596142422946013090738964539783365820/428359345734317632621086065438527129068432524449}}","{41.237467265589196, 1.0412748907082479, 1.0842533980194735, 2204662/57967, Sqrt[2634980085134/202881]/91, 2634980085134/1680057561, 20439209041799078350437395/3471560024526390943898978, 10679552404299587115/(5269960170268*Sqrt[1317490042567]), {2204662/57967, 174763136/57967, 19918730854/57967, 2716850475176/57967, 402267836081182/57967, 62010344308414256/57967, 9779407361540197414/57967, 1565271646765763195576/57967, 253218029766781534730542/57967, 41301566539119923933163776/57967}, {0, 5269960170268/3360173089, 21359104808599174230/194779153450063, 163513672334392626803499160/11290763188039801921, 1084477342738537669679584352533950/654491669721103197954607, 7758391757503067327087420383333163460088/37938918618723189075834703969, 55588804595956887885783128028023257542370849470/2199205295571527101158910284971023, 57864182698990501999198280025757782683479989854878360/18211619052627815924696936069845041463, 2976593152348300787515227723271793506328446808971951872848670/7389710451365736239948351052124952629400047, 22055062946950881626848416077836951995422630913043452588853121450008/428359345734317632621086065438527129068432524449}}"
"{1.1812354776580147, 1.3314255711122025, 1.7726940514114546, 38633/57977, Sqrt[330714455/420159319], 330714455/420159319, 773278780106675152/109372050745947025, 31582486736601/(661428910*Sqrt[661428910]), {38633/57977, 71377/57977, 183545/57977, 587305/57977, 2090633/57977, 7814857/57977, 29936585/57977, 116282185/57977, 455609033/57977, 1795486537/57977}, {0, 2645715640/3361332529, 252659893892808/194879976033833, 49489841926827209728/11298556370513535841, 8678878461098971280365920/655056402693263267453657, 1616369401590239637783145411720/37978205058947324457160671889, 303317874301078082965952547692351928/2201862394702589030052804274108553, 57534593462858350122576733640669052881488/127657376057672004195371433399991577281, 10975515076739996700966615759940193130368037840/7401191691695649787235049594231311676020537, 2102272953715442077224761380031992969242638940602200/429098890709438687714526470324748757040642673649}}","{29.06312171355056, 0.7641768535100198, 0.5839662634404743, 2885428/57977, Sqrt[2430920495089/420159319]/2, 2430920495089/1680637276, 30869640117222162302829421/11818748906887497746235842, (1802921687383474695*Sqrt[2/2430920495089])/2430920495089, {2885428/57977, 227461506/57977, 21812883796/57977, 2345858809290/57977, 272089994637508/57977, 33256678744810506/57977, 4220152714783546996/57977, 550483019472530976810/57977, 73310002700805888055588/57977, 9919601088841681091602506/57977}, {0, 4861840990178/3361332529, 7211686749533898780/194879976033833, 61739280234444324605658842/11298556370513535841, 215100677417182102546297056176220/655056402693263267453657, 1253513072351178191435442915350924313338/37978205058947324457160671889, 5853911251053221180189854221186734633587869180/2201862394702589030052804274108553, 31651925174202322588934955838813452237617597506226042/127657376057672004195371433399991577281, 162996060289010973854148736523618302823240290999119533783580/7401191691695649787235049594231311676020537, 876344043304609534186935897780845792804032110414178155581155282298/429098890709438687714526470324748757040642673649}}"
"{1.483985817503741, 1.328353672682159, 1.7645234797281804, 52078/61923, Sqrt[2392759378/1917198003], 2392759378/1917198003, 4764949060656594831/1431324360251736721, 194764428686359/(4785518756*Sqrt[1196379689]), {52078/61923, 40360/20641, 333406/61923, 340592/20641, 3352678/61923, 3843000/20641, 41033326/61923, 49976512/20641, 559114678/61923, 706194440/20641}, {0, 4785518756/3834457929, 389528857372718/237441138337467, 25413061656835172432/4901022536423656347, 11736035864117004178465750/910458055568886215925843, 2079682408661207778122595664576/56378294174992141148775976089, 123375398933165361850458710314899746/1163704370066012785451884922453049, 68123225680043577255864933475873556836256/216180197122793129140611210159180459681, 12737000826771255567487038681029179395568496150/13386526346434718935774067966686931604826563, 268313361403389739254282654484260098662422998116544/92103763438919677851104178966794985085075028961}}","{69.29509674628686, 1.1202157082543636, 1.2548832330198254, 3419410/61923, Sqrt[7336157764198/1917198003], 7336157764198/1917198003, 71042383628197907336055417/26909605370601299085291602, 25895525684428769581/(14672315528396*Sqrt[3668078882099]), {3419410/61923, 425765552/61923, 63185991898/61923, 10287830594648/61923, 1773446136429610/61923, 316853415214094312/61923, 57925954395225417418/61923, 10753480676301499075928/61923, 2017919924118067267564330/61923, 381699937332762328379532872/61923}, {0, 14672315528396/3834457929, 51791051368857539162/237441138337467, 189446356341861086229481112/4901022536423656347, 3968969177469424137149748387763210/910458055568886215925843, 34274412486125013750846744836612281304416/56378294174992141148775976089, 92741674662306761646204336629113465105115545094/1163704370066012785451884922453049, 2353374014632922195374059637958520313269508614734895656/216180197122793129140611210159180459681, 19841633113125346492460172992568031280670343782704834455896890/13386526346434718935774067966686931604826563, 18802011168962023652214556346454684458919564618679402603028549253104/92103763438919677851104178966794985085075028961}}"
"{1.1841101313755524, 1.163960752428078, 1.3548046331929373, 54407/62250, Sqrt[4010322101/155000010]/5, 4010322101/3875000250, 61518759495925149897/16082683353769054201, 10360017361484/(138286969*Sqrt[4010322101]), {54407/62250, 1493/830, 288011/62250, 285893/20750, 2789387/62250, 639217/4150, 34225691/62250, 41851013/20750, 470098667/62250, 119186449/4150}, {0, 4010322101/3875062500, 75110125870759/60305660156250, 20506253165308383299/5005369792968750000, 1165208898585294309624091/116844101104614257812500, 333471559487979758115454883801/11637672470019580078125000000, 24716523947552963771747231735508559/301852129691132858276367187500000, 54674538545190261826230739480367978386193/225483540879276245132446289062500000000, 638414596661323361398559347043240843180356291/877271901233434141218423843383789062500000, 214845642566583747267237128673932284766725277585501/97084757069833378294838905334472656250000000000}}","{47.125825264879765, 0.8932688145990665, 0.7979291751352214, 735299/12450, Sqrt[431405143469/155000010], 431405143469/155000010, 831092517656500207661817/186110397811508473353961, 389531020657211908/(431405143469*Sqrt[431405143469]), {735299/12450, 130129821/20750, 56086723969/62250, 3168382471673/20750, 351196621738949/12450, 113083626327446761/20750, 67148336340660112969/62250, 4492901771313707517993/20750, 545913854531892565255301/12450, 185361592009008904241343401/20750}, {0, 431405143469/155002500, 97382755164302977/482445281250, 277030839218833402553939/8008591668750000, 168276750753849691412132671837/37390112353476562500, 493845921149516147730950992601581409/744811038081253125000000, 367146576512246517513001315822894242936697/3863707260046500585937500000, 8029782467301313678570613906395438379550211031153/577237864650947187539062500000000, 915070269701782812734894257881889521450221960057897557/449163213431518280303833007812500000, 2983875279271403303290733701525862603027989315320120491887349/9941479123950937937391503906250000000000}}"
"{0.5622518880990335, 0.7982543812508043, 0.6372100571861044, 55694/63119, Sqrt[988240314/1991972521], 988240314/1991972521, 543994357536586255/162769819702469766, (2669828572093*Sqrt[3/164706719])/658826876, {55694/63119, 80456/63119, 138314/63119, 279032/63119, 90782/9017, 224768/9017, 4124234/63119, 11251112/63119, 31580354/63119, 90465296/63119}, {0, 1976480628/3984008161, 48056914297674/251466611114159, 13055864580878070120/15872321026914601921, 1009865718828338485342770/1001845030897822758651599, 150236159220044384699417853048/63235456505239674703330277281, 17419804211419486356418774265068434/3991358779154223027599503771699439, 335543369275439721786999328327335729480/35990082111633629039864725509413841463, 303795847577817000060794453301608864979732690/15901605949629421219570551266000845815121679, 40535732112528895388769021025838619320817536134968/1003693465934659437958073625358707387004665256801}}","{14.99587564953888, 0.49002468858267223, 0.2401241954205449, 3941813/63119, Sqrt[169589279922/181088411], 169589279922/181088411, 2653413549008733675166735/1160007795866653050485388, 83229781911517804/(310913679857*Sqrt[932741039571]), {3941813/63119, 305278187/63119, 26949056129/63119, 2595136402211/63119, 265519126411313/63119, 28378215336051347/63119, 3132904134305916209/63119, 354553389321934295651/63119, 40917646237233162426353/63119, 4797609198748037125341107/63119}, {0, 3730964158284/3984008161, 1997514765876427296/251466611114159, 31840962588104804102000820/15872321026914601921, 39700736552215656780240106236960/1001845030897822758651599, 361114231748137496020124029373556770964/63235456505239674703330277281, 708052445529884513535994144739593010491446336/3991358779154223027599503771699439, 688441278186464231144695007365534193219362452805260/35990082111633629039864725509413841463, 12579628582438865754048087390184364655480119661739940427360/15901605949629421219570551266000845815121679, 72002895856638460222131738968855173430604272735199810395700231444/1003693465934659437958073625358707387004665256801}}"
