"{1.2817287389641159, 0.3897176410074267, 0.1518798397123935, 209028/24769, Sqrt[3317886541/2130134]/12, 3317886541/306739296, 55315505034935989423/22016742197897889362, -12365108460447/(3317886541*Sqrt[6635773082]), {209028/24769, 2031914/24769, 21628986/24769, 246028478/24769, 2955328098/24769, 37244442014/24769, 490256655666/24769, 6715297580078/24769, 95371225869858/24769, 1399240878908414/24769}, {0, 6635773082/613503361, -24730216920894/15195864748609, 110631010069871978846/376386373958296321, 2435148650113616558336970/9322714096573041574849, 2743650699477371655021222198542/230914305458017666767434881, 204212978303808679208159358246580746/5719516431889639588162594567489, 90843544289634119466200484467727115449326/141666702501474482959199304842135041, 12089993005842344717549500484676113537813660970/3508942554259021468416407581634842830529, 3715739550550307002175081097912783777367951354562702/86912998126441702751205999389513422069372801}}","{48.55605844825439, 0.29449129513338795, 0.0867251229093402, 13867781/24769, Sqrt[1042368686845/1065067]/6, 1042368686845/38342412, 38818022962169136433836109/17384519669039514816864400, -4446665651023626861/(16677898989520*Sqrt[1042368686845]), {13867781/24769, 8437694249/24769, 5449125558137/24769, 3676271985372881/24769, 2564335865545466921/24769, 1836805374830502049889/24769, 1344682641115408728087497/24769, 1002615454503093219801798161/24769, 16155821011063440097586792743/527, 582815306022675507597295685384129/24769}, {0, 16677898989520/613503361, -17786662604094507444/15195864748609, 621088367394706182941377744/376386373958296321, -1378018360999520617124302931621940/9322714096573041574849, 30384938405115741523334223468286513745440/230914305458017666767434881, -104469843756129427479355047863653702725692826564/5719516431889639588162594567489, 1702009237792759012796264375679560288827949469003600304/141666702501474482959199304842135041, -7844572960812894344880778409137964904562325656320425281477140/3508942554259021468416407581634842830529, 103845220079215253526000138379907307421705921781005203675119821120960/86912998126441702751205999389513422069372801}}"
"{1.505481102210956, 0.3615001399864575, 0.1306823512102284, 82588/7169, (6*Sqrt[99036021/8222843])/5, 3565296756/205571075, 652028335792906778/264819603298835907, -454704854567/(84888018*Sqrt[99036021]), {82588/7169, 1075757/7169, 29957615/14338, 217736630/7169, 6529639811/14338, 50145566402/7169, 1570982142755/14338, 12511632828650/7169, 404483050919411/14338, 3312676763790722/7169}, {0, 891324189/51394561, -28646405837721/736895215618, 1956085007378720334/2641400900382721, -140586753910125222086445/37872406109687453698, 6308620855600919313232000614/135753639700174677780481, -628685260546044205364355545827581/1946435686021104530016536578, 24652527442977195033687883573103116314/6976998716542649187844275363841, -2869690194257536672032894503168086618441725/100036207597788504055311220166752258, 107377154622619017514787599687235586069370673214/358579786134272892786263068687723468801}}","{84.80888699282217, 0.33442601357206275, 0.1118407585537015, 21745021/28676, Sqrt[52881604246411/8222843]/10, 52881604246411/822284300, 6648598985890436891850385861/2796464067674033907206380921, -206458574322573258642/(52881604246411*Sqrt[52881604246411]), {21745021/28676, 18333363877/28676, 16447899355687/28676, 15364430348990545/28676, 14751115306484674711/28676, 14433634449066404561017/28676, 14313214874229893083092607/28676, 14331347267627570664781400785/28676, 14452395958042844044741853775751/28676, 14654294460879722711614691640761257/28676}, {0, 52881604246411/822312976, -103229287161286629321/11790323449888, 6648598985890436891850385861/676198630497976576, -17772022476525667557445407944635365/4847667982039994073344, 1380537969794766453735452321255283702796591/556046908211915480188850176, -10232079113057167832758198865554482622480464518211/7972600569942444154947733823488, 357005035818938032237092897109394919867720621062851888201/457244587887339057174562430244683776, -732014471590652212503382488790939560448484074171606106985451485/1638993225282166850442219031212068995072, 100671088163032114248100825802526818946488338012511367745352389460410771/375998157825531332826248583512298324021477376}}"
"{1.8300681286406437, 0.3615347020332019, 0.1307073407742361, 343087/24504, Sqrt[15384761927/150105378]/2, 15384761927/600421512, 524138594865017147565/236690899550468753329, -612782699877610/(15384761927*Sqrt[15384761927]), {343087/24504, 5431499/24504, 92608615/24504, 1658635091/24504, 30809861407/24504, 589437282059/24504, 11564495169895/24504, 231976641319811/24504, 4746302974108207/24504, 98850052421593019/24504}, {0, 15384761927/600446016, -306391349938805/7356664588032, 174712864955005715855/120178472710090752, -9099533437991213107546925/2208639971466047840256, 23537594969815138994779443333427/216482055443216145110532096, -343456961178443454656995787494737125/884112714430094736631413080064, 1215451388943385247118120316911602456082905/129985787726370248558496876683329536, -15150061091460395864744427735446823990423471005/398146467805872071334675933281038368768, 7598442889667786588079074062514144225774710723129703/8672160930768968209764354728105390389592064}}","{73.16173549714983, 0.28912938414100053, 0.08359580077375425, 21445517/24504, Sqrt[38444992411391/150105378]/2, 38444992411391/600421512, 2993891212898532944911631805/1478017441511911576986554881, -144841862688075122222/(38444992411391*Sqrt[38444992411391]), {21445517/24504, 20337707795/24504, 20304220574477/24504, 20945219757880691/24504, 22074653706036775397/24504, 23608855826120335275755/24504, 25517198583627718511152877/24504, 27799344331057405167323688131/24504, 30474468554167509512005692375797/24504, 33576173515418332673718925637175515/24504}, {0, 38444992411391/600446016, -72420931344037561111/7356664588032, 997963737632844314970543935/120178472710090752, -6031187810151390826104157903753975/2208639971466047840256, 340007856920910371688035576001329529164731/216482055443216145110532096, -608180284976383801718211031054252842285131922967/884112714430094736631413080064, 47131045301187343336943740968884749042860793560293300345/129985787726370248558496876683329536, -70609794773635032692865302238746865083275686205969734607010935/398146467805872071334675933281038368768, 801797445653109594532032536100539710610212888078681169870537234382719/8672160930768968209764354728105390389592064}}"
"{2.0131657088859782, 0.42323160244209673, 0.17912498930570503, 312531/27808, Sqrt[17495516279/48328566]/4, 17495516279/773257056, 771475532546556063245/306093089868754005841, -244191249485130/(17495516279*Sqrt[17495516279]), {312531/27808, 4141655/27808, 5488527/2528, 942174155/27808, 15486968301/27808, 265020769355/27808, 4680443372397/27808, 84754030760315/27808, 1565968616977101/27808, 29414115419115755/27808}, {0, 17495516279/773284864, -122095624742565/10751752749056, 771475532546556063245/597969480891498496, -7202013316618451619958605/4157083831157697544192, 44022260919801561028944725047619/462400748707333013235564544, -1222723258117212161955788107185037215/6429220010026758216027289419776, 2798488520736603484671133512342352981156505/357567500077648184942573728370262016, -24139878629194532741548895545620034580835574365/1242904630269905090860386279815030767616, 188922623548083796118902929294856161896963643120969359/276501535668364166133164973352771004686925824}}","{97.15415976837623, 0.3625518159991488, 0.13144381928428067, 130087/176, (53*Sqrt[20851939/203918])/2, 58573096651/815672, 8213029953427507646741/3430807651287387415801, (-1789478144386202*Sqrt[79/62555817])/3104374122503, {130087/176, 2148589301/3476, 1913736810241/3476, 3540832446757567/6952, 76343391064988791/158, 3244161994631928316627/6952, 793907781122010196469903/1738, 3142044655619050612967868307/6952, 784179731833756891729888141751/1738, 3155709552395540514355105946041027/6952}, {0, 175719289953/2447104, -33977433121257/2725888, 935661640263893276211/75801493504, -16310870346483824992615095/3335265714176, 7813057369206190378770661256133/2348027062779904, -357598514367151557065591517274753173/206626381524631552, 77935941195725176672562260454731264523031/72732486296670306304, -976061184062300537328989788638115256133689175/1600114698526746738688, 830771564477302875294561300962809290740257829366313/2252961495525659408072704}}"
"{0.9346761029214953, 0.3094736846958889, 0.09577396151925044, 271647/27835, 4*Sqrt[220847098/387379695], 3533553568/387379695, 2681124860307932033/780375051120345664, -69373096058481/(14134214272*Sqrt[110423549]), {271647/27835, 2904947/27835, 32947347/27835, 391553627/27835, 4837815507/27835, 61794107147/27835, 812525360547/27835, 10962284598107/27835, 151374226022067/27835, 2135324621365547/27835}, {0, 7067107136/774787225, -277492384233924/21566202407875, 171591991059707650112/600295244023200625, -19999161457455928069207572/16709218117385789396875, 1478286839736534485631902919856/93020217259486689572403125, -1336974806555163300368059881886795812/12946088737089060021239204921875, 420165019635353637803179568924592319184288/360354379996873985691193269000390625, -91115125491770553718576480581121309746538643124/10030464167212987391714364642625873046875, 27099580035569857561949884337357064079339416996309584/279197970094373504048369339827491176259765625}}","{28.4488490946516, 0.20770872709866728, 0.043142915312948636, 18354664/27835, Sqrt[2422342298654/129126565], 2422342298654/129126565, 37943945024073118746041153/8801613317772516795317574, -3990854427287784517/(4844684597308*Sqrt[3633513447981]), {18354664/27835, 12625390492/27835, 8983019033362/27835, 6585701916483016/27835, 4958346146541229714/27835, 3821552913402570028912/27835, 3006135796958507795353162/27835, 2406932138196958927980961096/27835, 1956914775876240076809432673954/27835, 1612304589320398630590862737180832/27835}, {0, 14534053791924/774787225, -23945126563726707102/21566202407875, 910654680577754849904987672/600295244023200625, -8361919122166990091879475117778254/16709218117385789396875, 31053596714205764700271138407270159327024/93020217259486689572403125, -2247063733211119872785754104602972156416689935206/12946088737089060021239204921875, 37526273666832277133285890142936215116708021708576759768/360354379996873985691193269000390625, -603542355486655258193754158218334541996682118206335118585028958/10030464167212987391714364642625873046875, 10026039284589540280783155492199071895889592848247527036482647594791616/279197970094373504048369339827491176259765625}}"
"{1.8061626910741055, 0.4000681218011182, 0.16005450208147437, 63465/5624, Sqrt[3223227971/39535314]/2, 3223227971/158141256, 26906163374059231525/10389198553036776841, (-6579130287246*Sqrt[5/3223227971])/3223227971, {63465/5624, 4154029/28120, 59603799/28120, 182953781/5624, 2957223075/5624, 248920609609/28120, 4328022958239/28120, 15444484359557/5624, 281370368987619/5624, 26067593387714089/28120}, {0, 3223227971/158146880, -3289565143623/444709026560, 1076246534962369261/1000417426149376, -1885966484385711315075/1406586901166022656, 12307164916203846668151535391/158212894643154228346880, -81902659591758890711975654777733/444894659736549690111426560, 6491918692770226617980253279674190937/1000835026543342182874665189376, -16205883764893916394869469542481595383507/703587023659969554560889628131328, 93219028159762948960112980911356756935263500411/158278936842546750994017730744423546880}}","{78.58562470132291, 0.33595013601981566, 0.11286249389173264, 2447478/3515, Sqrt[5408312505958/98838285], 5408312505958/98838285, 17156740543657348451671052/7312461040525425446374441, -1321302396715764888/(2704156252979*Sqrt[2704156252979]), {2447478/3515, 7585988761/14060, 3149981683413/7030, 5492663499826681/14060, 2480223074061613401/7030, 4597240173964105166761/14060, 2171632973415712378212693/7030, 4162849309926922258993076281/14060, 106151700316406759207326722219/370, 3941693715769898980505275009658761/14060}, {0, 2704156252979/49420900, -165162799589470611/43428615875, 4289185135914337112917763/610606339202500, -856173715770631963041649164978/536570320574196875, 2029921828839803990259686728917296179/1508835741454641612500, -3495658878664681338228817890426291076102233/6629447039016331584921875, 31919083017321596086283079187302443742382871929547/93210025368569622084001562500, -14019358730527993738205073732427900988782503735416753256/81908309792630555406316373046875, 118334269234060272692634641838488663489828981383957244760033911/1151630835684385609012808205039062500}}"
"{2.0850529219384715, 0.4432433186122301, 0.19646463949438292, 304706/28711, Sqrt[276367739/12489285], 276367739/12489285, 42792128206368190747/18483748772713253282, (10876698479969*Sqrt[6/3040045129])/3040045129, {304706/28711, 3869110/28711, 55022192/28711, 846281482/28711, 13784612096/28711, 234659383330/28711, 4137645973352/28711, 75075919169482/28711, 1394771145418736/28711, 26426864705268850/28711}, {0, 18240270774/824321521, 391561145278884/23667095189431, 770258307714627433446/679505969983753441, 42707370153774150544304100/19509295904203545044551, 46762410173897152887266026079094/560131394705587981774103761, 3778887906213261210679766293534267284/16081932473392136544716293082071, 3462101748845179436914510355923021433919366/461728363243561632335349490679340481, 333709157171334707858929443414453735484141078020/13256683037085898025980219226894544549991, 285660239493434668655286639007523024418308927564043414/380612626677773218223918074223369268574791601}}","{87.4848326997934, 0.3508686796370184, 0.12310883035022464, 20402899/28711, (97*Sqrt[2723230319/45794045])/3, 25622874071471/412146405, 3156957298089512597031635255/1313063351364921720832207682, (-14849161637251699023*Sqrt[2/2723230319])/2485418784932687, {20402899/28711, 16283794913/28711, 14036480168461/28711, 12791980743111701/28711, 12151625426750716189/28711, 11910604199816282496893/28711, 11956672739864025386500741/28711, 12226386378632670353048862581/28711, 12684075883484981549679594062989/28711, 13310981032882490828765184957374573/28711}, {0, 51245748142942/824321521, -59396646549006796092/23667095189431, 6313914596179025194063270510/679505969983753441, -27769958740701477728590920466900260/19509295904203545044551, 1091624892004480455237164341169917503132262/560131394705587981774103761, -9120608643293719730149504832968968968139225831852/16081932473392136544716293082071, 233366818871316800253374339735672066876093464888205930110/461728363243561632335349490679340481, -2747386909420595057238022498819674814968626066887624822246371060/13256683037085898025980219226894544549991, 57240747555522893464396516707562441650386272582858539529364130346368982/380612626677773218223918074223369268574791601}}"
"{0.7427738642526831, 0.2734168790389153, 0.07475678974338085, 281056/28287, Sqrt[2952507547/44451449]/3, 2952507547/400063041, 49777257469885170087/17434601630183914418, (4206421985758*Sqrt[2/2952507547])/268409777, {281056/28287, 1000430/9429, 4885720/4041, 137641958/9429, 749681488/4041, 23259949550/9429, 965605264840/28287, 4612954183478/9429, 29220977726368/4041, 1035496515489470/9429}, {0, 5905015094/800154369, 185082567373352/22633966635903, 33184838313256780058/213415671409929387, 9039061079080774279156720/18110667291518017710207, 2783550723843067230245481276214/512296445675170166968625409, 140532893527851411343899070407417944/4830443186271179504347168981461, 15540486544963605782516094149733171151922/58559462747165509131200729562251703, 21384204808075780536597934092804522216497465120/11595300659103495297559925259891897459327, 586395330532096081454344620841779079204835638088726/36444029971562285720230845091840233714664761}}","{17.71635510157552, 0.16707644060912344, 0.027914537006613952, 5984248/9429, 2*Sqrt[124952300177/44451449], 499809200708/44451449, 272327948690526853917417/124904618556184913850632, 46228744848448943/(499809200708*Sqrt[249904600354]), {5984248/9429, 11712008440/28287, 2614378640348/9429, 5381759219579320/28287, 419564457305160796/3143, 2703335036615259117280/28287, 656815970404149174723388/9429, 1459296647909152283426389480/28287, 365331465613659943815314027108/9429, 833314523464500657806204652979120/28287}, {0, 999618401416/88906041, 184914979393795772/838295060589, 242069287724912759037704/878253791810409, 986331261607892139085161216020/74529495026823118149, 5941095412446913245565280775622099936/702738608607915181026921, 156871692837727375495329261437488874923156/245411938539408601551956967, 2598873001453923764573369442100582220275406347048/8925386792739751429843122932823, 17113569170222284493847801261190771904804020163717147300/589102304481201813623935642935116469, 2214932397679008587134335648347189461730664621759348635745328/205727615887157477802225525082785673563}}"
"{1.1532026075258448, 0.36431184893806834, 0.13272312327667393, 79485/9148, Sqrt[2515488753/62762141]/2, 2515488753/251048564, 1845480318736102117/703075962941055001, 4918374612990/(838496251*Sqrt[838496251]), {79485/9148, 782287/9148, 8448705/9148, 98110951/9148, 1206275145/9148, 15521746207/9148, 207260468625/9148, 2854372205911/9148, 40362845830425/9148, 584090021634127/9148}, {0, 838496251/83685904, 2459187306495/382779324896, 1845480318736102117/7003330528297216, 5091782080193378709555/16016616918215732992, 6205765885589896835044031551/586080046271350101643264, 49090104502344152655386150005365/2680730131645155364916289536, 26441839084036650490195860730985819017/49046638488579762556508433350656, 71845590652280832712979675499967302746715/56084831111690958483367393536475136, 130242998551608152517546272726795398878471466051/4104512280077991105646759328573396353024}}","{50.51340449383785, 0.2973263816522956, 0.08840297722644654, 3920371/6861, Sqrt[5434572584138/188286423], 5434572584138/188286423, 15850099959505166486214006/7383644793066094772300761, (-738377881789756217*Sqrt[2/2717286292069])/2717286292069, {3920371/6861, 4876243091/13722, 1611599892181/6861, 2227309789315331/13722, 794979135025967671/6861, 1162477091482740930551/13722, 432623206045309056979201/6861, 652819913037086088865163291/13722, 248887443350496908012341439131/6861, 382758447492742171190103276470111/13722}, {0, 2717286292069/94146642, -738377881789756217/645940110762, 2641683326584194414369001/1477265033312694, -8040627664167336723290316843865/30406546180675180602, 36421579956892768366271217773812626959/208619313345612414110322, -22689172553274708815602326094011000921072359/477112369621415591070306414, 227951207712288414861474528296093837144809777771003/9820403903917597111000116919362, -553475635999343381139374222019952065751751883273743416865/67377791184778633778571802183742682, 185723456817048472751209981495366557024383234509282107346374511/51364336146529578483864570531406504578}}"
"{1.3162270734004387, 0.364118242413467, 0.13258209445827232, 146661/14773, Sqrt[5703342538/436468285], 5703342538/436468285, 31664551619748705005/8132029026440070361, 62184897197946/(2851671269*Sqrt[2851671269]), {146661/14773, 1649030/14773, 20488626/14773, 25344172/1343, 4120065606/14773, 65413060820/14773, 1101204227526/14773, 19399131617612/14773, 353501714673846/14773, 6602789637429860/14773}, {0, 2851671269/218241529, 62184897197946/3224082107917, 31664551619748705005/47629364980257841, 1828312008638154415422270/703628608853349085093, 536333388315439869260263101449/10394705438590526034078889, 44246419974023627607057875966209266/153560983444297841101447427197, 10614404466326172515778556861691935638965/2268556408422612006591682841981281, 1039736875258883548294544739136243966289477190/33513383821627247173378930624589464213, 225688215010794822962459652125390766715528485531329/495093219196899322492326942117060154818649}}","{56.17614874442168, 0.2928989811334115, 0.08578981314899055, 9673529/14773, Sqrt[3211078257962/87293657], 3211078257962/87293657, 204300881619613340992151369/64443897367226703852459025, -17361992575622918112/(8027695644905*Sqrt[8027695644905]), {9673529/14773, 6877740402/14773, 5135722130828/14773, 3969015958908864/14773, 3150920977356367604/14773, 150505227607088140236/869, 2119134239436365062302368/14773, 1786520810205577012465147824/14773, 1530365170355613272950998451004/14773, 1329969013573444796664219777007572/14773}, {0, 8027695644905/218241529, -17361992575622918112/3224082107917, 204300881619613340992151369/47629364980257841, -934797332392806485383323967475220/703628608853349085093, 8247673896072159564680049644109677425925/10394705438590526034078889, -52322659776040697636158525410914855902296591672/153560983444297841101447427197, 428906855588834672677785474746497169301944681934293009/2268556408422612006591682841981281, -3154742162017409958945405735353347474528382805542508357134460/33513383821627247173378930624589464213, 25604973565907665251332087558561225602965666525041992851537917435645/495093219196899322492326942117060154818649}}"
"{1.9201577344156906, 0.3821067721471768, 0.1460055853207345, 130763/9943, Sqrt[3744690427/148289902], 3744690427/148289902, 106462359978605330151/28045412788130884658, (61958211745869*Sqrt[3/7489380854])/3744690427, {130763/9943, 5912327/29829, 32939955/9943, 1812087407/29829, 12060928803/9943, 779193187247/29829, 5961584511795/9943, 432182302244687/29829, 3624136226514243/9943, 282113691001657967/29829}, {0, 7489380854/296589747, 41305474497246/982997284807, 70974906652403553434/29321826008508003, 1301445758870376028854990/97182305334198357943, 1071788629790426356828720042514/2898850985813802819081747, 34085218430788687667707822717257846/9607758450648880476709936807, 20620286162061837589495583635742361213914/286589826824405455739780705016003, 856211268788223377350653445504505283165436350/949854216038354482140213183324705943, 454520586542715696059354088158762398931744339501474/28333201410208075847760419045392653573747}}","{74.5141574089452, 0.2997523196799375, 0.08985145315350344, 24737305/29829, Sqrt[27490669547923/444869706], 27490669547923/444869706, 5104410958564456330796862081/1511473824386201922387227858, -66510911848298842007/(27490669547923*Sqrt[54981339095846]), {24737305/29829, 7452653433/9943, 21449216445061/29829, 7201202250471721/9943, 22713020621301987565/29829, 8270371907510378564753/9943, 459458211984636925898041/489, 10858748955249298729424975961/9943, 38769073321118129843614119968125/29829, 15675999206427048298654237891426273/9943}, {0, 54981339095846/889769241, -133021823696597684014/26540926689789, 3402940639042970887197908054/263896434076572027, -53108477897229542370933837409183910/23615300196210200980149, 2395559068882132017281161383743015057327266/704420789552754085036864521, -6275802482493070490246752530073919849408393510338/7004055910523033867521543932303, 613825991861862094599255647788980668349172950667673238482/626771951264974731702900401869998561, -6295376980186982664839466877976270218493734144664236742626729990/18695980534282931271965816087380187076069, 18499269790134523001171121341970340788642788212060419044579270864671154/61964711484125061879052036452273733365784689}}"
"{1.4326662952124674, 0.3358934620963388, 0.1128244178790646, 98411/7750, (2*Sqrt[546319102/4804845])/5, 2185276408/120121125, 3922490448430572527/1193858244840345616, -25365407550813/(2185276408*Sqrt[273159551]), {98411/7750, 556251/3100, 41633329/15500, 649744041/15500, 10462962457/15500, 34521023337/3100, 2902617935269/15500, 49590552834201/15500, 858768383858017/15500, 3009841374329313/3100}, {0, 273159551/15015625, -25365407550813/465484375000, 3922490448430572527/3607503906250000, -122513673662981490768273/13979077636718750000, 2561402547050537815689772457/21667570336914062500000, -2112495970354659506107318400966799/1679236701110839843750000000, 202415612126611172500184399423071391933/13014084433609008789062500000000, -4535783177286411359151729268834585473956793/25214788590117454528808593750000000, 213673425702710177433194558542256382444187981027/97707305786705136299133300781250000000}}","{54.59946494181531, 0.25418847664882077, 0.0646117816610481, 6549051/7750, (4*Sqrt[346389297503/4804845])/5, 5542228760048/120121125, 33351998620263259724762647/7679074907175797890240576, -4753210063391870073/(5542228760048*Sqrt[692778595006]), {6549051/7750, 2356706239/3100, 11007885033753/15500, 10576138796615177/15500, 335154728577529107/500, 2078240400847847097709/3100, 10545277919217005706622653/15500, 10831132809511747897257486017/15500, 11237391632116079383187554768797/15500, 2351876849852018074932892866027469/3100}, {0, 692778595006/15015625, -4753210063391870073/465484375000, 33351998620263259724762647/3607503906250000, -71985200514920279984624080706373/13979077636718750000, 79895029934693237793516032563999998787/21667570336914062500000, -4144217825474347511692037969008793896163468019/1679236701110839843750000000, 22525304524062884720187161664039516672194314980895693/13014084433609008789062500000000, -30496459789459271841371292968555233164632456282900031218973/25214788590117454528808593750000000, 167615482142727970827013781692104959491834364557000893545145081529/195414611573410272598266601562500000000}}"
"{1.1222289654615256, 0.3175665306588149, 0.10084850139467602, 162389/14593, 2*Sqrt[1329651377/425896705], 5318605508/425896705, 12976709724814761125/3535945568715992258, (29595509350194*Sqrt[2/1329651377])/1329651377, {162389/14593, 1989275/14593, 26747987/14593, 392254343/14593, 6221160479/14593, 105737695355/14593, 1908444847067/14593, 36259820007503/14593, 719338259277239/14593, 14791084064992835/14593}, {0, 2659302754/212955649, 118382037400776/3107661785857, 25953419449629522250/45350108441011201, 3039408054492694930714860/661794132479676456193, 534322148836500293851328488774/9657561775275918525224449, 85271281238084333137104233052882816/140932798986601479038600384257, 15102529199690227206962635656432705077170/2056632335611475383610295407462401, 2654829772880603770732195259395750441396211700/30012435673578260273025040881098817793, 482152406452302810775680156038034557556467513061694/437971473784527552164254421577875048053249}}","{29.806875134479398, 0.20316551641912917, 0.041276227061851446, 10538069/14593, Sqrt[1833442015234/85179341], 1833442015234/85179341, 44390450787662047683249109/21009435145158194300467225, 3257075859234279882/(4583605038085*Sqrt[4583605038085]), {10538069/14593, 7923970622/14593, 6191083208114/14593, 5009575502793596/14593, 4181484065900380754/14593, 3585688079910898759712/14593, 3146571725018448246956894/14593, 2815925017504799396492692796/14593, 2562336721381376651870561190074/14593, 2364882877988173956426267026702552/14593}, {0, 4583605038085/212955649, 3257075859234279882/3107661785857, 44390450787662047683249109/45350108441011201, 75956957505407863991238939336930/661794132479676456193, 598820118526509847839330473624324545045/9657561775275918525224449, 1565252199320351297206474903391337721824890682/140932798986601479038600384257, 9627137957519469293011982755741024156789533586606069/2056632335611475383610295407462401, 31442036663058490488923113693495951822496044857841873419090/30012435673578260273025040881098817793, 169923989181931673022124798556485575780609027308457293720315387605/437971473784527552164254421577875048053249}}"
"{2.0867437836549962, 0.41699486565457394, 0.17388471798227617, 180503/15041, (2*Sqrt[2832603785/2677209])/13, 11330415140/452448321, 35342192146679166569/16047288405592652450, (4308052222704*Sqrt[2/2832603785])/2832603785, {180503/15041, 28571/169, 39632033/15041, 661861471/15041, 11610730253/15041, 211242457939/15041, 3952469177273/15041, 75615771198631/15041, 1473080539564613/15041, 29133451978748059/15041}, {0, 5665207570/226231681, 17232208890816/3402750713921, 70684384293358333138/51180773488085761, 53748081758665246135380/769810014034297931201, 1192177021879574837672122616350/11578712421089875183194241, -7139998114332365798236065556832544/174155413525612812630424578881, 23400774653597499794153191479054226544218/2619471574838742314774216090949121, -324143613039772438674919637509717291806332820/39399471957149523156518984223965728961, 501197906958409175471992293178616218847171402186230/592607457707485977797202041712668529302401}}","{92.25283942528965, 0.34473935429434804, 0.11884522239928402, 23350959/30082, (7*Sqrt[1322454238889/5354418])/13, 64800257705561/904896642, 8010477924991473393124686449/4199073398707117756170324721, -76249577656647875496/(453601803938927*Sqrt[1322454238889]), {23350959/30082, 20280152381/30082, 19002321948795/30082, 18742397518470725/30082, 1472367132936006423/2314, 118471382005538510189/178, 21300299361541091230935675/30082, 22941321925714418331050434565/30082, 24938754914894439681418124959179/30082, 27305980199904992248566785499572501/30082}, {0, 64800257705561/904926724, -9531197207080984437/3402750713921, 8010477924991473393124686449/818892375809372176, -2411884002783085983894624550644585/1539620028068595862402, 1408354531790926489479530025314281074900041/741037594949752011724431424, -1682621753385835329231052369058161187350467622167/2786486616409805002086793262096, 320079770324234197179382305505195710921343766208320240609/670584723158718032582199319282974976, -133985614766908084130187388865046302681770720033471201636915665/630391551314392370504303747583451663376, 85446815575864658800811921970322375232018958380166594681776812621969721/606830036692465641264334890713772574005658624}}"
"{2.061491225124994, 0.4007955851583229, 0.16063710108240248, 207218/16147, Sqrt[13794862018/521435071], 13794862018/521435071, 130808916643986997127/47574554523914758081, -11425374644787/(985347287*Sqrt[6897431009]), {207218/16147, 3086439/16147, 50266001/16147, 875387637/16147, 16137572033/16147, 313145190849/16147, 6369339540701/16147, 135234116837637/16147, 2983697163078473/16147, 68073644663683209/16147}, {0, 6897431009/260725609, -79977622513509/4209936408523, 130808916643986997127/67977843188420881, 24919448120282423678355/1097638233963431965507, 3737687939203782631030934058059/17723564563807535947041529, 121348131618897981265062007109469591/286182397011800282936879568763, 132924886198193173907083475113301007094727/4620987164549539168581794396816161, 9381511110529056980423930977873461161767987755/74615079745981408955090234125390551667, 5356149391288327693223195502031823337896074227669059/1204809692658361810397842010422681237767049}}","{94.68339972760788, 0.3439970197563784, 0.11833394960127021, 12919816/16147, Sqrt[39503771873626/521435071], 39503771873626/521435071, 960092399300369398551742973/390136998060871162628596969, -55641446840250308106/(19751885936813*Sqrt[19751885936813]), {12919816/16147, 11560880127/16147, 10994423240446/16147, 10862283531059991/16147, 11032439937675795286/16147, 11458278494207208411207/16147, 12130941011972545166896366/16147, 13061692439615155053773490231/16147, 14275268731922916212169249678406/16147, 15807648677779826663298663089355687/16147}, {0, 19751885936813/260725609, -55641446840250308106/4209936408523, 960092399300369398551742973/67977843188420881, -5133274728451983504561866538735570/1097638233963431965507, 64927115670791296956683917004425792289333/17723564563807535947041529, -487587784219816661279776503352110231645237208986/286182397011800282936879568763, 5486981527677719759009142887824623789652585965093050093/4620987164549539168581794396816161, -49847607456195669254370353327365023904272869875301485275825570/74615079745981408955090234125390551667, 539347526592530645921348539031671321201079681468616540887969303358053/1204809692658361810397842010422681237767049}}"
"{0.8261568315022743, 0.27577807760718004, 0.07605354808871181, 49654/4571, Sqrt[93752831/10446694], 93752831/10446694, 40771701837502613/17579186641029122, -94453246437/(93752831*Sqrt[187505662]), {49654/4571, 4062826/31997, 50308918/31997, 652061650/31997, 8768293798/31997, 17363788318/4571, 246986078314/4571, 25151119203250/31997, 373296401205478/31997, 5642648861934226/31997}, {0, 187505662/20894041, -188906492874/95506661411, 81543403675005226/436560949309681, -131171185854480659250/1995520099294551851, 7316839643810155489569046/1303074624839342358703, -26190905513008869722072955954/41694478770984437451419891, 5744988313466351930229361483439638/27226494637452837655777188823, 105178514195943787715838594349911944430/871166148914578446471902710769531, 36923614579719249117933831516943887673249882/3982100466688538078823067290927526201}}","{22.691676162227374, 0.18170138245248924, 0.03301539238514576, 21991729/31997, Sqrt[3991734512531/5223347]/7, 3991734512531/255944003, 68132881229134357124151721/31867888837062200392051922, -7643191305631654401/(15966938050124*Sqrt[3991734512531]), {21991729/31997, 15614060145/31997, 11402655830875/31997, 8530152097942677/31997, 6513066391578031219/31997, 5059799112544315297605/31997, 3988970493439836684633235/31997, 3184384218617537940997895397/31997, 2569515447497019439897619282899/31997, 2092662982752749793556437341872965/31997}, {0, 15966938050124/1023808009, -15286382611263308802/32758784863973, 545063049833074856993213768/1048182839292544081, -1313860962596085828345443332638810/33538706308843532959757, 24684606365267643168405871048534808627384/1073137985764066524113344729, -98429442060467863356433524108505516116002000682/34337196130492836572054691293813, 189317081079504536909801539572041587020886217030821064/156955323512482755970861993904019223, -7175650280019879163309969967164041655677509882624682746979930/35154696405002375199597698532628321548317, 79862685302006304781406349003174334230128132315018420054885205895544/1124844820870860999261527559948508404581499049}}"
"{0.74045485792303, 0.26253215925009615, 0.06892313464051784, 347059/32305, Sqrt[518845694/65223795], 518845694/65223795, 55671515438328242363/17228854667669864704, -197439400030881/(16603062208*Sqrt[518845694]), {347059/32305, 3985497/32305, 47960041/32305, 598631253/32305, 7702108969/32305, 101700240717/32305, 1373524805281/32305, 18923139902133/32305, 265375074535609/32305, 3781729728318237/32305}, {0, 8301531104/1043613025, -394878800061762/33713918772625, 222686061753312969452/1089128145949650625, -27717950236056434209980954/35184284754903463440625, 1932301174484320766603669474764/227325663801431277289878125, -1760485237925004962609833007211834426/36718777845526187064247564140625, 75957465223812124917523218554218709669444/169457159757103353301502508508984375, -115101210311349949664590530535300901387287622778/38320194821672566798835269761679181640625, 33196086425140095478952182550422174543928443839870716/1237933893714132270436373389651045962900390625}}","{19.705035801859136, 0.16560694093417438, 0.027425658885575122, 3315827/4615, Sqrt[175891214401/3105895]/2, 175891214401/12423580, 3475797284010746733178/631382026601194893649, -318239622885688813/(703564857604*Sqrt[75381949029]), {3315827/4615, 2447721883/4615, 12878186798843/32305, 9803535281463457/32305, 7534873871363360699/32305, 5835561196705894905961/32305, 649749508824540210254069/4615, 509184113211936414843120631/4615, 2806634417030546994270209249099/32305, 2219549181955071546296527704086041/32305}, {0, 301527796116/21298225, -1909437737314132878/688039158625, 500514808897547529577632/453614388150625, -5513043870768832266169227048054/14654012809205940625, 1929913608899112690481208481851956272/13525653822897083196875, -2437178153693635606084913397459124374364122/44586351709050027823984375, 4432968351212353808194933324319072618679603578448/205766013137265878407687890625, -57274695096444652096458719251209659193130045339681894998/6647271054399374201960357306640625, 15299165798056345507150272317591866899046257609988025038079184/4382450845150444563149578424306640625}}"
"{1.2014315918578544, 0.34112921824991393, 0.11636914354379742, 82037/7946, 4*Sqrt[97893471/126273859], 1566295536/126273859, 32766573536141521/15726164782650816, 274474894627/(522098512*Sqrt[195786942]), {82037/7946, 1891069/15892, 23620279/15892, 312798415/15892, 4326153319/15892, 61854158179/15892, 907892853379/15892, 13613620295455/15892, 207803313512239/15892, 3220560745794139/15892}, {0, 195786942/15784729, 823424683881/501701826536, 1277896367909519319/3986522713655056, 1959533936741682945765/15838454741351537488, 1370326731140224219561041519/125852361374779316879648, 15944926951838869437694729759971/2000045726967992903851366016, 6943293622066426891414609642753802829/15892363346487671614002954363136, 15047265310991338205150331471240333112605/31570179787797759661216868842369664, 4914754067196164597288425314800434598808666777/250856648593840998268029239821469350144}}","{40.53125833862174, 0.2460222858254039, 0.06052696512275673, 5320957/7946, Sqrt[3427241662930/126273859], 3427241662930/126273859, 6473239898692649916133553/2936496354030797934046225, -445602870325069902/(1713620831465*Sqrt[1713620831465]), {5320957/7946, 3778782309/7946, 5624383675307/15892, 1085997321675489/3973, 3455835890745202619/15892, 703888675451265636762/3973, 2338843717933807686562607/15892, 493537016056618419245697789/3973, 1688643572887852834224030566099/15892, 365171598393742131829007333812032/3973}, {0, 1713620831465/63138916, -222801435162534951/250850913268, 6473239898692649916133553/3986522713655056, -1133892474170899302568876464075/7919227370675768744, 32254568369805600467106986190772354265/251704722749558633759296, -18988205422089270579227883744013779523471821/1000022863483996451925683008, 186629992708326654399214266008655631385188833510113/15892363346487671614002954363136, -37433605707593707509951710653105408420656867486744528915/15785089893898879830608434421184832, 1183927256634348913825639100493422451388502618770043415549064265/1003426594375363993072116959285877400576}}"
"{0.8844999365352193, 0.2896943606547416, 0.08392282259515949, 338137/32083, Sqrt[1599192283/171547801], 1599192283/171547801, 60367532625453334289/15344495748040512534, -94363321739569/(1599192283*Sqrt[9595153698]), {338137/32083, 3862849/32083, 46466353/32083, 582968785/32083, 7587582817/32083, 102058777489/32083, 1414309740433/32083, 20138467083025/32083, 293932087425217/32083, 4387624934726929/32083}, {0, 9595153698/1029318889, -566179930437414/33023637915787, 362205195752720005734/1059497375252194321, -56044254229945652954520270/33991854290216150400643, 23208164033669037749567481917238/1090560661193004753303829369, -5160994066391097823238156941465959054/34988457693055171500246757645627, 1839444213674018456113615233078232236171894/1122534688166289067242416725544651041, -483125828937374199615910832201467127545547936430/36014280400439052144338455805649039348403, 162335231933672321535017394476159004705814094121628278/1155446158087286109946810677612638129414813449}}","{25.074855621945126, 0.19386905094637452, 0.03758520891484796, 21404074/32083, Sqrt[8609269911019/514643403], 8609269911019/514643403, 660783864135301522416145039/148239056801554200355236722, (-19896671815147011186*Sqrt[2/8609269911019])/8609269911019, {21404074/32083, 14816348958/32083, 10523460108244/32083, 7622576149880634/32083, 5609834517417052804/32083, 4184103504720395093058/32083, 3156808301121285349265404/32083, 2405769622293475369310860794/32083, 1849709414669179452347104900564/32083, 1433385189057754007778926488820658/32083}, {0, 17218539822038/1029318889, -79586687260588044744/33023637915787, 1321567728270603044832290078/1059497375252194321, -14095124421208494728198574890653080/33991854290216150400643, 196462295755361891544129480145241745315518/1090560661193004753303829369, -2621973524723399321831591556701406726661253862024/34988457693055171500246757645627, 37115885529286754466622666843404836656292308100930871998/1122534688166289067242416725544651041, -528680142135539087616710475503112900596836827562149210076310520/36014280400439052144338455805649039348403, 7666683628332487292055169433919018302264108174508296761172716900983998/1155446158087286109946810677612638129414813449}}"
"{0.9925868754635341, 0.31301042516240535, 0.09797552626034976, 342295/33787, Sqrt[5739523862/63418199]/3, 5739523862/570763791, 26162534434999110667/8235533540616848761, -105144972290103/(11479047724*Sqrt[2869761931]), {342295/33787, 3807527/33787, 45273661/33787, 568531739/33787, 7482051085/33787, 102549683987/33787, 1455722904421/33787, 21294358958939/33787, 319552856675485/33787, 4900266482310947/33787}, {0, 11479047724/1141561369, -210289944580206/38569933974403, 418600550959985770672/1303162359193154161, -22385556826815204074904390/44029946630059099637707, 22048888607525958848340394117984/1487639806789806799459206409, -1997406191178665210563292109566264646/50262886152007202333328206940883, 1383280315424930816824231472368790364830272/1698232134417867345236160127911613921, -172188610091350582230011391877815101257118302950/57378169125576483993494142241749699548827, 95936338976723560775739286032155827501919926199832544/1938636200245852664688186583921997098656217849}}","{51.28321846359749, 0.26864646656414126, 0.07217092399739827, 24008368/33787, (2*Sqrt[5199776813974/63418199])/3, 20799107255896/570763791, 272312740665331909034939995/54075357830283204403345352, 42601516365562878033/(20799107255896*Sqrt[2599888406987]), {24008368/33787, 18291057168/33787, 15045527354056/33787, 13418380159105824/33787, 12952701687290649928/33787, 583495838369063175936/1469, 14738053191138230291749816/33787, 16925541678547368440582370144/33787, 20088490186041964821434989524328/33787, 1878100609005186551178367165661376/2599}, {0, 41598214511792/1141561369, 340812130924503024264/38569933974403, 8714007701290621089118079840/1303162359193154161, 135911213343319615147402582238794440/44029946630059099637707, 2842449634290796687243106397795422504448512/1487639806789806799459206409, 52741626938227356331449477592304326255333731535224/50262886152007202333328206940883, 1065814749960976308837675267974349179167485959220436190240/1698232134417867345236160127911613921, 20906201347166313679826162283984255504818298331367569342043378280/57378169125576483993494142241749699548827, 421575312238296828746202102984362545492590367653499930184735599132269632/1938636200245852664688186583921997098656217849}}"
"{1.6940172840114198, 0.36956098554014183, 0.13657532203340092, 204001/16447, 2*Sqrt[2841800767/540991171], 11367203068/540991171, 252063323419567531/95571971589606962, (-27065745450216*Sqrt[2/2841800767])/2841800767, {204001/16447, 2875905/16447, 43843771/16447, 707570949/16447, 11956979551/16447, 210109966305/16447, 3819381611731/16447, 71521644627549/16447, 1374865244421031/16447, 27050947072990905/16447}, {0, 5683601534/270503809, -108262981800864/4448976146623, 85197403315813825478/73172310683508481, -2767076405970683926602060/1203464993811663987007, 1715232211350855506009776079594/19793388753220437594304129, -59505163919675409843849442191050304/325541864824216537113520009663, 40536197456674253420548083417715484149118/5354187050763889385906063598927361, -1100580229854720196979395053669742492897153140/88060314423913688729997028011558306367, 1062491287671564499654053989649537420122270873498354/1448327991330108438542261119706099464818049}}","{61.962189007429146, 0.2781141299094259, 0.07734746925527704, 13175507/16447, 2*Sqrt[6713323601701/540991171], 26853294406804/540991171, 123507518558118114400674593/45068713781155686890093401, -32228745036741179931/(13426647203402*Sqrt[13426647203402]), {13175507/16447, 11371109133/16447, 10298075574506/16447, 9646060374073491/16447, 9268126240023676442/16447, 9087945634791216796023/16447, 9063309857820178592074886/16447, 9170274985738880836515511251/16447, 9395644696486735264488854446082/16447, 9733140890228828676137274651807663/16447}, {0, 13426647203402/270503809, -32228745036741179931/4448976146623, 494030074232472457602698372/73172310683508481, -2563084598514672823941186035665395/1203464993811663987007, 27112048149806687594449022430868266446312/19793388753220437594304129, -192813904102703179900370236284594059627861365551/325541864824216537113520009663, 1822894482980155649071654135762184816368712645335778132/5354187050763889385906063598927361, -14876664992086950792914827488506514189969438110151190230067035/88060314423913688729997028011558306367, 135938061194760256904775735237011895620883916554202341763741070919872/1448327991330108438542261119706099464818049}}"
"{0.9478820516106055, 0.2993635606875073, 0.08961854146750287, 114505/10826, Sqrt[3524963759/351596002], 3524963759/351596002, 27372274250576470449/12425369502263410081, (-1835760891372*Sqrt[3/3524963759])/3524963759, {114505/10826, 3958909/32478, 16248271/10826, 631535593/32478, 2837670975/10826, 118429760449/32478, 563504153351/10826, 24657413504713/32478, 122122559768815/10826, 5532451244785489/32478}, {0, 3524963759/351606828, -152980074281/317207959994, 9124091416858823483/41209120498740528, -806562744066728035725/18588747438306873172, 34198443768545271138840652199/4829802714410645015041728, -20952521034418534249852903957651/4357287015517470244403478944, 166860476031562401344478328652747321843/566063870759905594390944756572928, -61994523830645413891784062713294124928405/127670988850973707601590998638719136, 991493514353516184405546905920029032259827377439/66343974014430785207751559260613121584128}}","{26.82970285119226, 0.1981284446431136, 0.03925488057669933, 7399293/10826, 23*Sqrt[12187828123/351596002], 6447361077067/351596002, 69534281935832827488501945/41568464858078546313322489, (265196823231580464*Sqrt[3/12187828123])/148289304772541, {7399293/10826, 15767224439/32478, 3864278009101/10826, 8780913585520799/32478, 2272884623930123733/10826, 5404311396172666533479/32478, 1451781800491093944909581/10826, 3558011602496577696759320879/32478, 979744886281582687763361848773/10826, 2450613183781112038126462287172919/32478}, {0, 6447361077067/351606828, 11049867634649186/158603979997, 23178093978610942496167315/41209120498740528, 38582531269755748340136558895/4647186859576718293, 99323549216050745718995517835358054107/4829802714410645015041728, 635105903356348939400979255567802964835303/1089321753879367561100869736, 466123536381330365681309357121964150605024112736035/566063870759905594390944756572928, 1138146653911652031062708425860030047598592593908417995/31917747212743426900397749659679784, 2318686140698665975709558942243463304730481545573551245785315947/66343974014430785207751559260613121584128}}"
"{1.1994649289583283, 0.320925334753689, 0.10299307048676735, 186442/16009, Sqrt[7159982210/512560153], 7159982210/512560153, 33417445180087874929/12816336311879121025, -9256491666906/(715998221*Sqrt[3579991105]), {186442/16009, 2394941/16009, 32919748/16009, 476212145/16009, 7176698092/16009, 111900515081/16009, 1795880563348/16009, 29543629452305/16009, 496473799327612/16009, 8497809768109721/16009}, {0, 3579991105/256288081, -46282458334530/4102915888729, 33417445180087874929/65683580462662561, -964246087051454372915910/1051528439626764939049, 433183618439870174933457005005/16833918789984879909235441, -19672948889704698450952541722658490/269494205908867942466950174969, 960443354662097945592955789867151009887/616333248913580984421915050154103, -428684884286764040503292597302541967841159950/69068152873002625857273066265419244489, 119960455916434234623908315975589513785781242326405/1105712059343899037349084517843096685024401}}","{32.783721186487114, 0.21017599430022396, 0.044173948580087774, 23762177/32018, Sqrt[24941645951617/1025120306], 24941645951617/1025120306, 1874612274445843349039411713/622085702775812685504914689, -85918678421850402480/(24941645951617*Sqrt[24941645951617]), {23762177/32018, 18414101497/32018, 14738478462245/32018, 1727978995192903/4574, 10131931476498799277/32018, 8637025065733478460937/32018, 7479342847282334705626325/32018, 6571666501691120038193003041/32018, 5853780212383946913295127956157/32018, 754669561932055032225186873715711/4574}, {0, 24941645951617/1025152324, -10739834802731300310/4102915888729, 1874612274445843349039411713/1050937287402600976, -370602934315310235494154725279835/1051528439626764939049, 198794965131655256014603407512642626352257/1077370802559032314191068224, -104046345676232281066239975712745641832786585985/2155953647270943539735601399752, 3575289348091166087632069990828359450409355961450225079/157781311721876732012010252839450368, -3906375942331799687841607636976830043530134230048393847392475/552545222984021006858184530123353955912, 3536485028864735877533573557372682791274559219965215408424965380602497/1132249148768152614245462546271331005464986624}}"
"{1.4931574449560652, 0.35201351109499907, 0.12391351199342902, 199319/16541, 2*Sqrt[820449183/182397607], 3281796732/182397607, 2039224867755180529/673136861885367489, -50309171649629/(4922695098*Sqrt[546966122]), {199319/16541, 2699399/16541, 39148418/16541, 597657401/16541, 9520313954/16541, 157365499829/16541, 2688129063278/16541, 47290118610521/16541, 854063338703114/16541, 15786980375477309/16541}, {0, 4922695098/273604681, -150927514948887/4525695028421, 73412095239186499044/74859521465111761, -4910839238481524541788535/1238251344554413638701, 1638430945209173472210764252568/20481915490274555997753241, -158763849388931875631026538732022507/338791364124631430758836359381, 6287879344922092031564938479694163698572/800563993426504070883130317217303, -5328424093527078783522727137662484363265922895/92694903106874626855345010039639862461, 1314359546418532000539547974654309661746294003049488/1533266392290813202814261811065682964967401}}","{48.0531793555193, 0.24817939690143934, 0.06159301304636216, 25809669/33082, Sqrt[41028268736537/1094385642], 41028268736537/1094385642, 6761490220225092070340720177/1683318835517499398318752369, -272568114520936471536/(41028268736537*Sqrt[41028268736537]), {25809669/33082, 21376194989/33082, 18363206886393/33082, 16194923762188253/33082, 14575855818130109049/33082, 13335616283431984605869/33082, 12368600688398759268760713/33082, 11605715515823579630219764733/33082, 10999712505260768821754106317529/33082, 10517067973603023294416758206031949/33082}, {0, 41028268736537/1094418724, -34071014315117058942/4525695028421, 6761490220225092070340720177/1197752343441788176, -3291990270437227534585370780249505/1238251344554413638701, 2204987376829590318118190493486122225150537/1310842591377571583856207424, -2734620629043748581062418012055457173289917825641/2710330912997051446070690875048, 132095564969925673996872021508184913469338258904844578391/204944382317185042146081361207629568, -306552493204828778567597030674288694083535948521218062448014085/741559224854997014842760080317118899688, 423926040998802990761934116534887891328413392018682771479562795738172537/1570064785705792719681804094531259356126618624}}"
"{1.0527915871131288, 0.3099576365898772, 0.09607373648038237, 386856/35303, Sqrt[7188877079/623133253], 7188877079/623133253, 390772436482143795503/103359907313943144482, (235141345760379*Sqrt[2/7188877079])/7188877079, {386856/35303, 4646498/35303, 60597564/35303, 853326482/35303, 12892832676/35303, 207287544938/35303, 3513269704764/35303, 62190570272162/35303, 1140270396051156/35303, 21505910855137178/35303}, {0, 14377754158/1246301809, 940565383041516/43998192763127, 781544872964287591006/1553268199116672481, 117975673818561958549044660/54835027233415888596743, 66920819394163523919087254192038/1935840966421281115130818129, 15295205886201108966305412410845536876/68340993637570487207463272408087, 7152875970215630889995678989237040376920206/2412642098387150909885075905822695361, 2054150394086056375394984985508662706731964498980/85173503999361588571672834703258614329383, 866967807190990058701204697733789453750312775341057718/3006880211689462161345766083529138861670208049}}","{31.278406494264257, 0.20660386738695202, 0.04268515801924526, 25868982/35303, Sqrt[751691556633/32796487], 751691556633/32796487, 180076739398987096466122567/45328780193137043402912162, (2447952688583485560*Sqrt[6/13187571169])/90453550648171, {25868982/35303, 19765133526/35303, 15739802989668/35303, 13066142384074194/35303, 11300606251536491172/35303, 10162853790238300533306/35303, 9471532543053140609474508/35303, 9107728642223083214640425874/35303, 8993113316940179988196211591892/35303, 9076391395770671533208243401172586/35303}, {0, 28564279152054/1246301809, 88126296789005480160/43998192763127, 3241381309181767736390206206/1553268199116672481, 13910828935226206320239519202246720/54835027233415888596743, 498250195432493266955874943180302531998574/1935840966421281115130818129, 2364126073029235144190441671884362695682267328240/68340993637570487207463272408087, 85342159916216788463292884341942204532839021497703068606/2412642098387150909885075905822695361, 433825798912488672148500483840660705649889918952569438736639840/85173503999361588571672834703258614329383, 15441371461740226931294301214228478694719014750473265116669661348276494/3006880211689462161345766083529138861670208049}}"
"{1.1864959129726393, 0.3096651482589654, 0.09589250404624702, 202215/16343, Sqrt[2614007618/178056985], 2614007618/178056985, 20253650851813059443/5124776870221525443, (18193243811793*Sqrt[3/1307003809])/1307003809, {202215/16343, 2741964/16343, 40477023/16343, 647697432/16343, 11178913335/16343, 206620707384/16343, 4051818050223/16343, 83437870443432/16343, 1786527473217255/16343, 39430801058988504/16343}, {0, 3921011427/267093649, 163739194306137/4365111505607, 60760952555439178329/71339017336135201, 6768689836407588727537785/1165893560324457589943, 1623264424530168694569540939837/19054198456382610392438449, 260197489081812610293306539596372317/311402765372661001643621572007, 54707992365577074532747828276276950574809/5089255394485398749861707351310401, 10040482006584556647616566409382517311577233265/83173700912074871768989883242465883543, 2032712334601029346116497520623904616958936498863797/1359307794006039629320601661831619934743249}}","{29.046193465964503, 0.1912940044387427, 0.03659339613420971, 12972339/16343, 2*Sqrt[3078903044347/534170955], 12315612177388/534170955, 56124600484510746338148871/18959287912978449297312818, 4025915041993307685/(3078903044347*Sqrt[6157806088694]), {12972339/16343, 10673645305/16343, 9100556959563/16343, 8033292002719021/16343, 7330095748822600479/16343, 6898311444532966189465/16343, 6676872678898963869516603/16343, 6625537405406880310712766181/16343, 6718162884145865639941734826839/16343, 6938443880751372170476499981345425/16343}, {0, 6157806088694/267093649, 8051830083986615370/4365111505607, 112249200969021492676297742/71339017336135201, 306504942623584188140980546665330/1165893560324457589943, 2725599089156590858865717089516174454174/19054198456382610392438449, 10186313651263774329854030904018713175380523930/311402765372661001643621572007, 73945803710327399795595466301052411359747765691419822/5089255394485398749861707351310401, 325481542465823347415748819123996092764105738682593872827970/83173700912074871768989883242465883543, 2124308664798425033052736265080614017617566808498669712474110915454/1359307794006039629320601661831619934743249}}"
"{1.3693103360028913, 0.33610138631040987, 0.11296414187977936, 422633/34866, Sqrt[20176924109/135067010]/3, 20176924109/1215603090, 967959649079564960121/407108266500345443881, -64909773795332/(20176924109*Sqrt[20176924109]), {422633/34866, 5701703/34866, 83090141/34866, 1283176319/34866, 20703890213/34866, 345342270983/34866, 5908942918061/34866, 103133260677839/34866, 1828827458314613/34866, 32853529112264663/34866}, {0, 20176924109/1215637956, -16227443448833/10596108243474, 322653216359854986707/492591880022619312, -6168388435006397196771605/6440515683325741849572, 68340851919175678468704129112069/1796440158518682522617418816, -739665350981768994940389761332057961/5219556880576032069464910369888, 6351330811130105919295883595148060613764721/2183820842377967209607562779478180096, -84827590615050237476415768974420847371071937405/4758818593146887795636080241830389201696, 80136489064620136329021364519612873584220025066696981/294970611677616693124706797709614844277924864}}","{47.040600814927565, 0.24769641892134764, 0.06135351594645974, 2056327/2682, Sqrt[3372521348549/10389770]/3, 3372521348549/93507930, 21620586766833352646509785/11373900246418765544405401, (-279831752552212552*Sqrt[13/3372521348549])/3372521348549, {2056327/2682, 7251152231/11622, 18568009757179/34866, 5483561256939047/11622, 14999916321326073331/34866, 4661696837446592365151/11622, 13269160540220002018998859/34866, 4256025967428860373244517687/11622, 12428820045134146683111432512611/34866, 4072376042302994096847453757336271/11622}, {0, 3372521348549/93510612, -34978969069026569/31349432673, 554374019662393657602815/224211142477296, -23450407855303973836390057625/112750178273270226, 1125441620678339017836396439584692149/4838335650062571938112, -19012552858119326882564825929095348893033/540684008894492414084016, 947383396132455849665104453872579321505048141805/34802748284520687709759941888, -17570476911156257935711056927099434327830360660497785/2916905340596390138674255129488, 103278888543032396938562122963568303279782797454116131670461/27815609327927176362397696914797568}}"
"{0.8694375259446577, 0.27800621600752473, 0.0772874561388225, 103157/9170, 4*Sqrt[102802717/168173215], 1644843472/168173215, 1837472184265882487/676377511845253696, -3811578918849/(1644843472*Sqrt[205605434]), {103157/9170, 357183/2620, 16035833/9170, 86118309/3668, 3002641967/9170, 86535524781/18340, 641627903873/9170, 557772520923/524, 151936643185427/9170, 4828565216031381/18340}, {0, 205605434/21022225, -3811578918849/771095213000, 1837472184265882487/7070943103210000, -9985530780841532513661/32420274128217850000, 628625239801118674822723403/59458782751151536900000, -115206017832115225393396010913387/5452370378280595933730000000, 3832715419367442895048478340403558859/7142605195547580673186300000000, -177492087265057219199345337867786270761781/114620956875549800852957149250000000, 32316256878726089362281810925520389261494434021/1051074174548791673821617058622500000000}}","{29.540589251537778, 0.19994485352078065, 0.039977944449446426, 5420733/7336, Sqrt[5873468680139/67269286]/2, 5873468680139/269077144, 109073213033623877187999445/34497634336573766693059321, (-4725546409577780118*Sqrt[5/5873468680139])/5873468680139, {5420733/7336, 20828135219/36680, 16485778876743/36680, 13353769472736599/36680, 2203885935951306867/7336, 9232252365649287167399/36680, 7832758048035812414393823/36680, 6715546646161890289698692519/36680, 1161760800305150249443237875411/7336, 5062316328126049870935965941759079/36680}, {0, 5873468680139/269084480, -2362773204788890059/987001872640, 21814642606724775437599889/14481291475374080, -2274557462307806370095848251135/5311737713167212544, 146922968631778579401508148074041034199/779338157275893424455680, -202646913376026308941248701076480513216838209/2858612360887977080903434240, 178380742616374448423043279698211845952964603087547/5991651508421199961573598167040, -93885780164305925769752369164650165765082496911398583455/7692082206511136510668185326845952, 11674577512024941197456808941737286588561138147376672883587417059/2257164602678627897690472302309676154880}}"
"{0.7976050247563026, 0.24590324878407946, 0.060468407762564874, 238747/18100, Sqrt[3446611891/13104038]/5, 3446611891/327600950, 37603963392447442357/11879133527182595881, -80970193730454/(3446611891*Sqrt[3446611891]), {238747/18100, 3339599/18100, 9765419/3620, 740004863/18100, 11564580127/18100, 185667487799/18100, 610694432867/3620, 51313732153583/18100, 879208991268127/18100, 15327819171464999/18100}, {0, 3446611891/327610000, -40485096865227/2964870500000, 37603963392447442357/107328312100000000, -564424915428096009040743/485660612252500000000, 128073434845150992185314290971/7032365665416200000000000, -31812040477429069821510309210149961/318214546360083050000000000000, 14240292762921251968234583655636203656873/11519366578235006410000000000000000, -235734346541781089926946376470553075871199583/26062566883256702002625000000000000000, 375283487658688940345244684113043159524361237884059/3773859684695570449980100000000000000000000}}","{18.27362678049286, 0.14548750499287255, 0.021166614109051116, 3906537/4525, (2*Sqrt[646030875587/6552019])/5, 2584123502348/163800475, 1853325832893244672111918/417355892211705872594569, (-327712526377273338*Sqrt[2/646030875587])/646030875587, {3906537/4525, 6887976473/9050, 6177056140929/9050, 5620573501467767/9050, 5180112107945107449/9050, 4829871981299773439903/9050, 4551906317259343551924789/9050, 4333395011931750756126490607/9050, 4165010872800425004830060625249/9050, 4039897395892901023213937717541983/9050}, {0, 646030875587/40951250, -163856263188636669/92652203125, 926662916446622336055959/838502438281250, -563300897023741607476309024047/1897111766611328125, 475178663100134362982520755025366907/3433772297566503906250, -1915124191517128929259753469288745884287527/38844549116221075439453125, 7419296092061143725422187424858541984206484608631/351543169501800732727050781250, -6561600692006343102466114853039799012025377870254057559/795366420997824157794952392578125, 24734608504985208895677529681158806008983200065712894990758343/7198066110030308628044319152832031250}}"
"{1.2928524982748113, 0.3187558098095655, 0.1016052662873519, 146609/11522, Sqrt[6551581859/398257930], 6551581859/398257930, 130998567287463963081/42923224855177895881, (71073045764832*Sqrt[3/6551581859])/6551581859, {146609/11522, 6165091/34566, 31150681/11522, 1514280307/34566, 1237203047/1646, 66843208333/4938, 2924727191961/11522, 170110259714467/34566, 1129756687214689/11522, 69052327456576171/34566}, {0, 6551581859/398269452, 2961376906868/191202526081, 43666189095821321027/52872852132126768, 9986629542113073096430/6345843773607964801, 420777823490388396895897097699/7019213948113053161963712, 132815364192005377537083821498307/842451907397485401376519684, 683447635697658408566651285018463305381/133120880599321053183912134386944, 474636789195636499420896934868719100072315/27960238291295938082018878351157764, 59492317499774714303102389073439236318719139368739/123708620387447730655112262283023266614272}}","{27.593418552152006, 0.18305356537938947, 0.03350860779810642, 14232076/17283, Sqrt[2714815497734/119477379], 2714815497734/119477379, 19759199351713214134753623/9212778983420882698918445, -1170645094233813256/(6787038744335*Sqrt[6787038744335]), {14232076/17283, 12112424117/17283, 10617085390900/17283, 9551212301114921/17283, 8788637635209219496/17283, 8246109313862040053597/17283, 7867708321528054271972740/17283, 7615253111119757260905674321/17283, 7462288434580230143302157343136/17283, 7390257503181021899209853865965477/17283}, {0, 6787038744335/298702089, -1170645094233813256/5162468204187, 32931998919522023557922705/29740979324321307, -67244391099740006401989661268300/1542040036986735446643, 1924626669094133423504493795914595008215/26651077959241748724330969, -1098347834988882191384797108421452015620056632/153536860123191714400870712409, 6772907041055159692000213693282664417526376150615085/1137247522932481028567249366813463, -149407136865612808970043369632055736208611964595776797862980/137585342571894487317094395646459567203, 161313746252574207315970760147211343937689834547006560773257966855/264209719518894713811260271106417855552161}}"
"{0.6912061010284701, 0.23187931885135812, 0.05376801851096981, 450991/35082, Sqrt[10935720521/136745738]/3, 10935720521/1230711642, 289762805248962339345/119589983313420511441, 301232593186256/(10935720521*Sqrt[10935720521]), {450991/35082, 6109361/35082, 86797165/35082, 1286500997/35082, 19789036861/35082, 314352553901/35082, 5134365098725/35082, 85899569637797/35082, 1467359833282861/35082, 25524392641091741/35082}, {0, 10935720521/1230746724, 37654074148282/5397132071421, 96587601749654113115/504912499545577392, 658002594101669023134995/1660625653974182443701, 11023664229240726785215724241241/1864258214167112591677391424, 28548367458286864737154578137776457/1362539722279388415442213457016, 527736080108928592960891808890061974733345/2294429689776264210746099159953694976, 1414511054771842065697642969674083199243959615/1257705974636420328771791417648367611688, 3287525618528405240928586961054313304269435356607329/313762424904497052259356348543573564823028736}}","{17.066611578158515, 0.14085151772320414, 0.01983915004493009, 15089630/17541, (2*Sqrt[2258592432391/68372869])/3, 9034369729564/615355821, 11625336634039545115512123/5101239775653893905976881, -582089998346766965/(4517184864782*Sqrt[4517184864782]), {15089630/17541, 1470929178/1949, 11829463407815/17541, 3583913016611884/5847, 9925894781506058855/17541, 3098246636987309028224/5847, 8816576777191732414344755/17541, 940077357083743415079547268/1949, 8204278103761761827685945661775/17541, 2676745733009137471233474472656664/5847}, {0, 4517184864782/307686681, -582089998346766965/5397132071421, 15500448845386060154016164/31557031221598587, -27335380360490610373933763931145/1660625653974182443701, 621581175865154591923042171974213687172/29129034596361134244959241, -241329956593344380405727808848440147287294355/170317465284923551930276682127, 9541677857897814360796937154284517705719103016591172/8962615975688532073226949843569121, -16760637370971299779461740554381480254298950159095123477465/157213246829552541096473927206045951461, 17810637501860314590873483806422884076433440981500142338463636868/306408618070797902597027684124583559397489}}"
"{1.3250577692651688, 0.3171972347260822, 0.10061408571787328, 439315/33358, Sqrt[19417701917/1112722806], 19417701917/1112722806, 1133535944956383010457/377047147737465474889, 648157080611316/(19417701917*Sqrt[19417701917]), {439315/33358, 6367749/33358, 99776029/33358, 1670452041/33358, 29630314765/33358, 552988317249/33358, 10790896264549/33358, 218885851381641/33358, 4590049666382365/33358, 99010322372967249/33358}, {0, 19417701917/1112756164, 162039270152829/9279830029678, 1133535944956383010457/1238226280519994896, 15114750231336858504113505/5163094033198248717596, 103784864722534172023485427696757/1377843926075417445772538944, 4838747959091151311241214001511158799/11490529421505943789020088523488, 12030588415342426984092288467554068145564337/1533204321770381091656528451866050816, 191028423976815949112892706620466340165507917545/3196539360351023278467404756084232695008, 1601630542374662118689868963048137048120052953291473997/1706082559721430952369851005655325347841229824}}","{47.906143320026885, 0.23792839523518436, 0.0566099212591901, 14114603/16679, Sqrt[22555209310706/556361403], 22555209310706/556361403, 228686831074867667060877889/127184366762439657911554609, 9678141208224398964/(11277604655353*Sqrt[11277604655353]), {14114603/16679, 12620638078/16679, 11859398046848/16679, 11626289376662200/16679, 11798055768221800328/16679, 12303094979778700268908/16679, 13104073830160996567966388/16679, 14187627431640711321775405000/16679, 15558289116641371095974427934928/16679, 17235048690265187391589878731652388/16679}, {0, 11277604655353/278189041, 9678141208224398964/4639915014839, 228686831074867667060877889/77389142532499681, 301571352935234417916201025074720/1290773508299562179399, 6263588869171286724442755434494249234333/21528811344928397590195921, 7236532396389414548715627948456884008025761284/359079044422060743406877766359, 201072104371219763359001656914161570789802936141004489/5989079381915551139283314265101761, 122093998643938494113794497100648515193783137991940194414440/99891855010969477452106398627632271719, 7073077884971190086610009317504963305038688568200484476874097582613/1666096249727959914423682622710278660001201}}"
"{0.9751659555766083, 0.2782628762078474, 0.07743022827546381, 114468/9089, Sqrt[4058137658/330430595], 4058137658/330430595, 9911076244258958342/4117120312819431241, (-11860339753413*Sqrt[2/2029068829])/2029068829, {114468/9089, 3106493/18178, 44603127/18178, 669140627/18178, 170436591/298, 166258117883/18178, 18283756383/122, 747415074407/298, 777416676748371/18178, 13481194244696123/18178}, {0, 2029068829/165219842, -11860339753413/1501683143938, 4955538122129479171/13648798095252482, -69978367755810262955145/124053925887749808898, 17694495976995792577936250179/1127526132393758013073922, -368291769872825507946395154172953/10248085017326866580828877058, 76041289183026131025380312934527064811/93144844722483890353153663580162, -1931724348110052849221128262839114747232985/846593493682656079419813648280092418, 359606328048788543549156940114371694425077064179/7694688264081661105846686249217759987202}}","{35.096814922453234, 0.20610601141118945, 0.042479687939829355, 15018705/18178, 3*Sqrt[1064613174629/330430595], 9581518571661/330430595, 72841992621051721317140371/30601832713028216530766307, -320146030552394492/(3193839523887*Sqrt[1064613174629]), {15018705/18178, 12935582487/18178, 11549660949243/18178, 10636523461500339/18178, 10060088633090180295/18178, 9736348451147740405167/18178, 9613042377510529766071083/18178, 9657997980531416999702263179/18178, 9852298941385450834461407942415/18178, 10186212570860513066326854979749447/18178}, {0, 9581518571661/330439684, -720328568742887607/1501683143938, 218525977863155163951421113/109190384762019856, -19354930773921552407996532878835/248107851775499617796, 6678498201962351883232017617447668206981/36080836236600256418365504, -2007133098911337916717190717572104274695623757/163969360277229865293262032928, 233586433119530779349420566966401744998299387364087793/11922540124477937965203668938260736, -25328132964659622979909824422785690530350985957619206580395/13545495898922497270717018372481478688, 8811706074648044964786829690071757753359711185612870170981866088701/3939680391209810486193503359599493113447424}}"
"{1.3917023266138908, 0.32995939865047075, 0.10887320475778027, 229093/17922, Sqrt[5713898603/321189123], 5713898603/321189123, 66178986582078906981/32648637245365351609, 11698092443294/(816271229*Sqrt[5713898603]), {229093/17922, 541211/2987, 49914853/17922, 135934805/2987, 13949953453/17922, 41166806261/2987, 4492702334173/17922, 13915492275005/2987, 1579190907194413/17922, 5051888903439461/2987}, {0, 5713898603/321198084, 40943323551529/2878256030724, 22059662194026302327/34389403055090352, 586983728260524720776845/462245161164996966408, 1027198272646109579674801031023/33137431113596302527856704, 9602273995989979250165894014066993/98981506736312155650707974848, 18678653875796385109839289410225764218121/10643679382369118721431929951355136, 173149042553645514551426005547341814491571605/23844502736352418215687881073523343424, 41544730366835825728759241051149542967284992100827/379858824925251590454718404088609209639936}}","{52.697022610601024, 0.25084116457304567, 0.06292128984436178, 5003267/5974, Sqrt[4725133840039/107063041], 4725133840039/107063041, 40419892399522416347184033/22326889806281706039521521, (1315846994556599772*Sqrt[3/4725133840039])/4725133840039, {5003267/5974, 13361763619/17922, 4184097695625/5974, 12332824347120379/17922, 144375376278167693/206, 13158072895195693628419/17922, 4696261265180225505719825/5974, 15344443309934631021983819659/17922, 5645688960129028974307526425737/5974, 18895026791567212713513957574824019/17922}, {0, 4725133840039/107066028, 109653916213049981/53301037606, 13473297466507472115728011/3821044783898928, 340144750810290642872601266765/951121730792174828, 46116918243838062191569116759616145839/136368029274058858139328, 3515945422616606959463035820452233591573591/67888550573602301543695456, 175080088780982013840142891959668191057813513431571/4866794413520401793064439849728, 4362935034437411544524330253289629552875313282719288045/605713121382726673161811742964064, 716125463775575005031776436973485311640218006548498266932992439/173689448982739638982495840918431280128}}"
"{1.547999056969124, 0.3520329347523495, 0.12392718715035195, 432845/34652, Sqrt[23217682579/300181613]/2, 23217682579/1200726452, 251497805813183339017/41466214179938468557, 5390982723730518/(23217682579*Sqrt[23217682579]), {432845/34652, 6076777/34652, 97134677/34652, 1773779617/34652, 36518215565/34652, 826244579257/34652, 19987819792997/34652, 505624162524817/34652, 13171090798229885/34652, 349852210722231337/34652}, {0, 23217682579/1200761104, 2695491361865259/20804386887904, 3269471475571383407221/1441827228879298816, 363664647676792346965077735/12490549283781365643008, 769941641368930490088069658677799/1731290055126367529046052864, 195464555604522830670330331746816999849/29996331495119443808251911921664, 206986720287820477664730320921777175931105321/2078865757937757933687090503819001856, 13685221082961578812277220572686286892639190181535/9004607030507398489765632517292006539264, 58778967834062978996383352713751948697145140900271290619/2496221142569138979738869583913620884788609024}}","{37.21159259426725, 0.21131302525271187, 0.044653194641453245, 14438565/17326, Sqrt[9308679263727/300181613], 9308679263727/300181613, 38338639336039783139243525/9627945514993449201992281, (3165669121412835670*Sqrt[3/3102893087909])/3102893087909, {14438565/17326, 6284798526/8663, 11465200678545/17326, 5488724079323550/8663, 11031196516240347225/17326, 5802591301729295138466/8663, 12722282566956206278272225/17326, 7223007533853124503802065270/8663, 16881713778126722016917838354345/17326, 10090827474284795483084972027988906/8663}, {0, 9308679263727/300190276, 14245511046357760515/2600548360988, 345047754024358048253191725/90114201804956176, 514373890814641553425246194704775/390329665118167676344, 18218797982232447586032708619158058709307/27051407111349492641344576, 65996517528574329650364982707414018644310146145/234346339805620654751968061888, 1082951849750721553637131078929784530006767497281338265/8120569366944366928465197280542976, 1047906446251061968606485930918553535099179879843114341134415/17587123106459762675323501010335950272, 67646937298616854918383120888598881551282222985098983842288956665287/2437715959540174784901239828040645395301376}}"
"{0.5352307573219459, 0.20632038337589992, 0.04256810059637832, 434239/34536, Sqrt[8026558007/298175190]/2, 8026558007/1192700760, 173817704599117792845/64425633439735812049, 107670759232358/(8026558007*Sqrt[8026558007]), {434239/34536, 1897441/11512, 77507251/34536, 364130537/11512, 15886395139/34536, 79237834281/11512, 3650635847251/34536, 19136917785097/11512, 922687247636899/34536, 5042480860793321/11512}, {0, 8026558007/1192735296, 53835379616179/20596153091328, 57939234866372597615/474205828774735872, 1919927378204735971469035/12282879376923208556544, 5746426361335082475139686889027/1696806088645679722835214336, 83762174839151271207269132579756323/9766815846244532484639493718016, 245406760193205385767380069348752213396505/2023840512395407043337057330272403456, 4094289855801260629447414730219463611052555355/8736919492010972206086076494785965719552, 1381539157144140786684681958189237261237222637333783/268211779178747498763901100287936099635953664}}","{17.578628102084988, 0.1463888690874151, 0.02142970099269236, 4721605/5756, Sqrt[286638214957/19878346], 286638214957/19878346, 4910281209616273139620653/2054036656843383462796225, (45360156483797658*Sqrt[3/1433191074785])/1433191074785, {4721605/5756, 11868285685/17268, 845444029319/1439, 8836713950313271/17268, 652662184672670240/1439, 7053196330620021308935/17268, 537072899102240357540054/1439, 5966759183423460363606187471/17268, 465783056395630400609310367520/1439, 5290982758664917418252563556623735/17268}, {0, 1433191074785/99394608, 7560026080632943/95352560608, 1636760403205424379873551/3293096033157888, -15120324679808749672356618285/1579588397238066944, 2544445023836264739798449307040070285/109105329774027759955968, -137689347320084524726379371318130407153627/104668379696550631051091968, 4537682462011911104786920194886592683406000254811/3614827161200072593980512206848, -100512921969373331090052853563378458664888304330086245/866956047494484077122992844275712, 8712772351725009590803556458713609952990682533686839217816185/119764776225078008350078723479623958528}}"
"{1.0449375440594284, 0.27734714917529263, 0.07692144115566202, 511768/37673, Sqrt[5036422393/354804314], 5036422393/354804314, 78109929880516751317/25365550520711846449, 522096639270141/(20145689572*Sqrt[5036422393]), {511768/37673, 7486852/37673, 116969338/37673, 1938370960/37673, 33863779498/37673, 620089306072/37673, 11835381906178/37673, 234218521711120/37673, 4782112058204218/37673, 100279179332945992/37673}, {0, 20145689572/1419254929, 1044193278540282/53467590940217, 1249758878088268021072/2014284553490795041, 171468105084653227423180650/75884141983658721579593, 125574698404726357001213852140792/2858783280950375018068007089, 26468856433309003754659847285649559842/107698942543243478055676031063897, 15919166905175857998553853343429851528234512/4057342262431611548791483118270191681, 4198202160872132966919251768920958309071514308410/152852255052586101877621543514592931198313, 2267875965806951536316694125725620998088704996340963112/5758403004596076216035636408825259497034045649}}","{41.198264571495365, 0.2142740949894297, 0.04591338778353914, 33804132/37673, (5*Sqrt[1049294470523/177402157])/2, 26232361763075/709608628, 252925269767767047538247951/105867200564436818835916250, (50026717126297539348*Sqrt[2/1049294470523])/131161808815375, {33804132/37673, 31725216038/37673, 31107389308440/37673, 31779176867526134/37673, 33688647617683696152/37673, 36882771143654680905638/37673, 41499027553604372571290280/37673, 47766467622544660827791478614/37673, 56014868479057920454847314956792/37673, 66691673984532250479626460886024838/37673}, {0, 52464723526150/1419254929, 200106868505190157392/53467590940217, 6576057013961943235994446726/2014284553490795041, 52277586215951195812082581393726560/75884141983658721579593, 1094424475228900585242664848245706941328310/2858783280950375018068007089, 11789454554701573339552755551866758513110025372672/107698942543243478055676031063897, 208379329151091363152977201818848415624481816339337073766/4057342262431611548791483118270191681, 2608671915025288295110948106629622765184546398626692278988628320/152852255052586101877621543514592931198313, 42794848869771451745870140073075858058601367776276364006009907500821270/5758403004596076216035636408825259497034045649}}"
"{1.4248405401639277, 0.33994817626479495, 0.1155647625457601, 144081/11686, Sqrt[7196937415/409676102], 7196937415/409676102, 144939660995548503489/51795908155426882225, (-112508194326468*Sqrt[3/7196937415])/7196937415, {144081/11686, 5945143/35058, 29220775/11686, 1361478739/35058, 7346392511/11686, 369189148243/35058, 2121826631295/11686, 112479643534819/35058, 676565440635871/11686, 37290561754331443/35058}, {0, 7196937415/409687788, -9375682860539/398967624214, 48313220331849501163/55948027878777648, -82096457032639288145615/27242027241308149772, 487536275527387717662135614575/7640407928206248917654208, -2757014549857732616115387090636969/7440483920751518737642256224, 6201212615694196301519980225792019513683/1043393941174826975617048874803968, -11803135237831343315613006254656867547605175/254022949928521417438767357311649376, 91360574563537469944510003058180214804916487933335/142488585257505661641092896202108861180928}}","{45.92982987470949, 0.2407699880515611, 0.05797018714634888, 4629414/5843, 2*Sqrt[169411516310/18621641], 677646065240/18621641, 23834337258555155900395857/6945463369745721835896200, (-3930469119928467537*Sqrt[3/931763339705])/7454106717640, {4629414/5843, 11641532656/17529, 3373078301005/5843, 9024733275068362/17529, 2735125305222111889/5843, 7573668277049617067986/17529, 2358556925755235103344305/5843, 6676401365970858305119227442/17529, 2117432031979097377765161717889/5843, 6086989049197077314129969365394866/17529}, {0, 3727053358820/102421947, -1310156373309489179/199483812107, 15889558172370103933597238/3496751742423603, -12722988209987617664272604150115/6810506810327037443, 122979140216724188455477763248878135410/119381373878222639338347, -121784397774999534086509686879043216372728439/232515122523484960551320507, 1159929741402438689044940663727161358205998536703638/4075757582714167873504097167203, -1219509240742220389341859472008777531175488573298580955355/7938217185266294294961479915989043, 11765634715698463915235531302488022356540597532119652148126637050/139149009040532872696379781447371934747}}"
"{1.2195088376058234, 0.3028534427423629, 0.0917202077809017, 512626/38555, Sqrt[12051053897/743224735], 12051053897/743224735, 921143209660086593621/290455800056797773218, (-467720789393727*Sqrt[2/12051053897])/12051053897, {512626/38555, 676454/3505, 114300184/38555, 366642710/7711, 30455777296/38555, 521141668414/38555, 9144415250224/38555, 32790743590790/7711, 2994888003951856/38555, 55601148460623934/38555}, {0, 24102107794/1486488025, -1870883157574908/57311545803875, 1842286419320173187242/2209646648468400625, -377198779746579418037258196/85192926531699186096875, 44695263026362232069922550586234/656922656485932423993003125, -68868938523745823671957048176176619564/126638265104075623035251177421875, 34378277917440243074611612622238377437146778/4882538311087635646124109145500390625, -12880590253524372195593402935882320743822072086212/188246264583983792336315028104767560546875, 6060100450454578408563157268149117206674387993905301266/7257834731035495113526625908579313296884765625}}","{69.21049495028375, 0.281665370631724, 0.07933538101310643, 6726912/7711, 4*Sqrt[560928060433/148644947], 8974848966928/148644947, 249824977245704429059257205/80547913979168588837757184, (-11884564378706037339*Sqrt[5/1121856120866])/35899395867712, {6726912/7711, 31669877216/38555, 31289826012618/38555, 32000963815416764/38555, 6725652377468281914/7711, 36137059973261925651596/38555, 39570518378747381882514498/38555, 44026580120505093419823745004/38555, 9930134834739781587676221725850/7711, 56635958770697165379279865888062476/38555}, {0, 17949697933856/297297605, -23769128757412074678/2292461832155, 199859981796563543247405764/17677173187747205, -117598952954794415395236685286598/27261736490143739551, 3307636120529882016567179645960822451956/1051076250377491878388805, -13317607766943508812146051648775193599700930878/8104848966660839874256075355, 66834910434541557383062325681100443433378365376134804/62496490381921736270388597062405, -60552588366295997954033816683791953515734522575457608954214/96382087466999701676193294389640991, 1477400307732049222137244427594393301119682676223835658539064055156/3716011382290173498125632465192608408005}}"
"{0.9653917554765485, 0.26608617055154055, 0.07080185015878353, 489569/35905, Sqrt[707048311/13428470]/2, 707048311/53713880, 21328562671840952317/7998677025407243536, -109667597518247/(5656386488*Sqrt[4242289866]), {489569/35905, 1429589/7181, 109840943/35905, 1757003677/35905, 29039438999/35905, 98656353305/7181, 8576837071463/35905, 152155272274957/35905, 2746921949169239/35905, 10071963865267961/7181}, {0, 16969159464/1289169025, -658005585109482/46287613842625, 767828256186274283412/1661956775019450625, -75062719600657712201475354/59672558007073374690625, 9836309702042603308000852633644/428508639048793903653378125, -7335575802838609304032123109942536866/76928013425234725553372707890625, 3790531919948162493063445067059516436018388/2762100322033052820993847076812890625, -729711579834328030734807035308612109582667507018/99173212062596761537784079292966837890625, 332777403353038926316353085801685182013515920608435916/3560814179107536723014137367013974314462890625}}","{29.455061963793888, 0.18194172799668154, 0.03310279238641845, 31948483/35905, Sqrt[383946174937/3662310]/2, 383946174937/14649240, 764557857733357014492522373/285394791921586595862883984, -62549307502976586003/(33787263394456*Sqrt[8446815848614]), {31948483/35905, 29368968929/35905, 27710292867853/35905, 26698985414097389/35905, 26168513536855281853/35905, 26016639972863505870149/35905, 26181030868082956406152213/35905, 26625075819580089797432057549/35905, 27329526028034002709538810816973/35905, 28287516162385951980099185529405269/35905}, {0, 33787263394456/1289169025, -125098615005953172006/46287613842625, 3058231430933428057970089492/1661956775019450625, -23929907268712499687314615072557078/59672558007073374690625, 81419899366643967066708079752917861483516/428508639048793903653378125, -4313310692929905946534095209913760263346740622398/76928013425234725553372707890625, 64859926946713003942507590618286372376500579005159183028/2762100322033052820993847076812890625, -789340219283241991421551150922219967650821370592166374805676166/99173212062596761537784079292966837890625, 11316470108307503596235678176967261442811125264627487840168705785327484/3560814179107536723014137367013974314462890625}}"
"{1.5295908375497795, 0.33668907595900543, 0.11335953387012893, 474194/35143, Sqrt[12744646877/617497653], 12744646877/617497653, 894200499695363441147/324852048038851706258, -422598415480785/(12744646877*Sqrt[25489293754]), {474194/35143, 7123730/35143, 115011458/35143, 1961546762/35143, 34941444074/35143, 644867215730/35143, 12259499449778/35143, 239065892834522/35143, 4766953133762234/35143, 96959317703056130/35143}, {0, 25489293754/1235030449, -845196830961570/43402675069207, 1788400999390726882294/1525300209957141601, -198269708380922062711041090/53603625278523827283943, 200442148848248256641340280873774/1883792203163162862239608849, -38406531120201814653331128362356466970/66202109395763032467686573780407, 28480272192160415753323475835811419525505174/2326540730495300250011909262364843201, -7277425139881933615181179082894079692956948261650/81761620891796336686168527207287684612743, 4594085213984877466313903456177297587593961363171168894/2873348643000398660162020551645711100345627249}}","{44.55615357852444, 0.22175001718810008, 0.049173070122922685, 31843383/35143, Sqrt[24930062734738/617497653], 24930062734738/617497653, 2669832156700873301270638919/621508027957972327351928644, -8228062478113147317/(3561437533534*Sqrt[12465031367369]), {31843383/35143, 30272349155/35143, 29814635746815/35143, 30248866125759107/35143, 31496669570648653023/35143, 33555272325783035889635/35143, 117282792901040334752265/113, 40351482155420528606439152387/35143, 45325481806770724325857145740863/35143, 51585861696296907875969190789511715/35143}, {0, 49860125469476/1235030449, -230385749387168124876/43402675069207, 10679328626803493205082555676/1525300209957141601, -163092751938334354454629166900723340/53603625278523827283943, 4606320631888910832830467842850398677257196/1883792203163162862239608849, -102634712965729669850042100169840748941699874921196/66202109395763032467686573780407, 2663212270495370230650286460788781904404915150675546807516/2326540730495300250011909262364843201, -66359616030525568370882495916430625597812461454706974677890050380/81761620891796336686168527207287684612743, 1721744289432860261108275932208787761370502535448273894743599906072221516/2873348643000398660162020551645711100345627249}}"
"{1.3495677179314858, 0.326577418309327, 0.10665281014958516, 486401/38439, (4*Sqrt[788496817/82084349])/3, 12615949072/738759141, 34067795661872365731/9947635686706103824, -92082458121575/(25231898144*Sqrt[1576993634]), {486401/38439, 6811255/38439, 102551573/38439, 1641911671/38439, 27733431581/38439, 490790750815/38439, 9046038804053/38439, 172826630035111/38439, 3409770537196301/38439, 69265427389785775/38439}, {0, 25231898144/1477556721, -368329832486300/56795802798519, 726779640786610468928/727724621257423947, -145318729381947629733509740/83919020149542357296199, 293990327908482197996364686136304/3225763215528258672108593361, -8547647217571053031053588430383921140/41331704080563578365727406734493, 48532601308269719407071535307112578821667744/4766248119458350166400587362401529281, -3524081371022743058583690370543678142915354032460/183209811463859522046272177623352384032359, 987335170141980002083266567485813728274897456415215696/782489104762144018659628470629338032202205289}}","{60.88432034653705, 0.26970380047719916, 0.07274013999184485, 10724626/12813, 3*Sqrt[464787715458/82084349], 4183089439122/82084349, 7756213954142116084300439/2916372875949001424021814, -2511363208558201169/(25098536634732*Sqrt[232393857729]), {10724626/12813, 28888733720/38439, 3040838523610/4271, 27058962402395576/38439, 9231128144030953006/12813, 29142191712065212161320/38439, 10452974901265742026794350/12813, 34352188542846058699304995736/38439, 4241409708754582605227491656122/4271, 42907473210345307708471189952522120/38439}, {0, 929575430916/18241441, -5022726417116402338/2103548251797, 62049711633136928674403512/8984254583424987, -158540210053927410868359475026950/115115253977424358431, 6349909402921501509523156904752930490704/4424915247638214913729209, -10000066898021629885606658005584058385650768286/18898813022662815896537451639, 92995255252843272342079342829466826420805516471993752/242150491259378660082334367850507, -1731250809964518185814125599814619621237561397822292831797570/9308022733519256314904850765805638573, 1564343963489490268964285871853898091029774705977023963670539032896/13251521698286914573652872540251960781761}}"
"{1.1356570447351362, 0.30490947257201184, 0.09296978646414245, 153901/12599, Sqrt[3302968909/238095902], 3302968909/238095902, 60337779240943255197/21819207227641300562, (-90841115154933*Sqrt[3/6605937818])/3302968909, {153901/12599, 143353/879, 28987497/12599, 1275155155/37797, 6414897641/12599, 297009762259/37797, 1555505059177/12599, 74400478313875/37797, 400280830782441/12599, 19585878537337939/37797}, {0, 6605937818/476204403, -60560743436622/1999899757799, 40225186160628836798/75590211145528803, -945347430938777758612430/317453690074172462999, 407467910130800209662522688358/11998797123733496583973203, -13714725266504783583792247765395862/50390948320639441153826128199, 5298121393408083507706657228961373326558/1904626673675208957291166167537603, -204345156271640643118337369360899184843642430/7998797153877985884303800848268753399, 77388776245075572993121716349182079845188794442198/302330536025126232469030760662014072222003}}","{43.69392978228021, 0.23337682818818928, 0.05446474393517962, 30322358/37797, Sqrt[25038016540327/714287706], 25038016540327/714287706, 4019793047236314611647917465/1253804544547376868834533858, -97031483337710476243/(25038016540327*Sqrt[50076033080654]), {30322358/37797, 25650750794/37797, 524837482106/879, 20485002673320170/37797, 19097201857538662598/37797, 18237673734295090454114/37797, 17811193801227622136213918/37797, 17763414102308953729296284090/37797, 18065722500900168168091590275318/37797, 18707468030423614218618647430881234/37797}, {0, 50076033080654/1428613209, -194062966675420952486/53997293460573, 2679862031490876407765278310/680311900309759227, -53415980396629338356939540254029670/77141246688023908508757, 1644599795671619235943493148824873905939594/2915707701067239669905488329, -4649736836725373864024167917076303817638245240122/36735001325746152601139247457071, 365355036230180472732293794252223378764817855278931138930/4165418535327681989595780408404737761, -3653918354495196048831097182300487486843151028068903030236844630/157440324379780396160751712096473873152517, 9442898749918977098020612051962763955709204977479394446032678361676426/661196882286951070409770273567824775949520561}}"
"{3.0533645121460613, 0.4669450481601497, 0.2180376780012845, 251705/17974, 7*Sqrt[281907787/323055689], 13813481563/323055689, 461064453711289009669/190812272891340922969, 646942560224718/(96694370941*Sqrt[281907787]), {251705/17974, 2146681/8987, 3802304/817, 893550898/8987, 20368876720/8987, 486366875416/8987, 12012776254174/8987, 304277171428018/8987, 7857401647005940/8987, 206014185052360876/8987}, {0, 13813481563/323064676, 323471280112359/2903382243212, 461064453711289009669/104370784878984976, 12139532706745887123338835/468990121853718989656, 20984701110504977450795147337343/33718513800794980480307776, 1607782992939807294937216814022698109/303028283527744489576525982912, 1134278685535806973440119661097388209380169/10893260736255358911296956033720576, 26772324614307735107296657277781450599863504875/24474433559181727633956435968761704128, 68141326907038530891335622707227562737104068141117923/3519227750341858979941863840820182959973376}}","{126.66973224481862, 0.3741293348056422, 0.13997275916211233, 16265749/17974, 5*Sqrt[1481288210071/323055689], 37032205251775/323055689, 127007809506365920884351349/54855369032383675645626025, 77322286883610521178/(185161026258875*Sqrt[1481288210071]), {16265749/17974, 8390085562/8987, 9576868495001/8987, 11795933208630943/8987, 15367630997039828087/8987, 20853685473364092327607/8987, 29142247671862449109991171/8987, 3781630960595897097369833393/817, 60299858569134160487825101919687/8987, 88409326231487607012148021126398127/8987}, {0, 37032205251775/323064676, 38661143441805260589/2903382243212, 3175195237659148022108783725/104370784878984976, 3193370610858065673423582362019105/468990121853718989656, 334681164212275522093181540473306130847115/33718513800794980480307776, 894850758012004463943452671196124403747858374399/303028283527744489576525982912, 38707250024305982072002136470133187967441141918705572505/10893260736255358911296956033720576, 30353744118759350204469740263606848129989097636726756636115785/24474433559181727633956435968761704128, 4714680137310557045647486196725938061353144765669648362704923595960855/3519227750341858979941863840820182959973376}}"
"{1.6058462600541312, 0.38531807971962206, 0.14847002255881703, 270756/25033, Sqrt[5441863055/78328257]/2, 5441863055/313313028, 164187445756097117843/59227747018747866050, (-33009997016337*Sqrt[2/5441863055])/1088372611, {270756/25033, 3363262/25033, 44728404/25033, 623115286/25033, 8989559196/25033, 133330385662/25033, 2022732836484/25033, 31272198231526/25033, 491333988942636/25033, 7828122163835662/25033}, {0, 10883726110/626651089, -660199940326740/15686956710937, 328374891512194235686/392691587344885921, -45819431905918753870752540/9830248506004529260393, 14756350750231311678725871780910/246080610850811380975417969, -2861731478506721404132925953025356740/6160135931428361299957638017977, 800669570201980150073155009270191019908406/154206682771446168421839552504018241, -179761296195669952953234302628089530453413968940/3860255889817611934103909517833088626953, 47916327331817193835735277557404440298131167280406910/96633785689804279546423166959915707598514449}}","{69.51813789425125, 0.3158709340700928, 0.09977444699031292, 17441816/25033, Sqrt[7587966241897/156656514], 7587966241897/156656514, 869587774412898105358025557/230308926752673926072634436, -52022646208194706653/(15175932483794*Sqrt[7587966241897]), {17441816/25033, 13365110468/25033, 10669701928172/25033, 8727613812502772/25033, 7261983725641185836/25033, 6123276939549330337508/25033, 5220125442466114155764012/25033, 4492220543000909053559402132/25033, 3897712140118930722309592538156/25033, 3406551254337616405011271428785348/25033}, {0, 30351864967588/626651089, -208090584832778826612/15686956710937, 3478351097651592421432102228/392691587344885921, -43280462927812252656728122142365620/9830248506004529260393, 643347597529798611299341423440301875870148/246080610850811380975417969, -9355156039689244498089363908043409597646739895092/6160135931428361299957638017977, 142413151891728420355765731069029681731474772989495398388/154206682771446168421839552504018241, -2192926501135763014574719257316005369231130732129564822805982900/3860255889817611934103909517833088626953, 34404734917155655634134737809421450722970960053123639722237765568812708/96633785689804279546423166959915707598514449}}"
"{2.8063681533467673, 0.47699244404018415, 0.22752179167142822, 319957/25940, Sqrt[23291072571/168214415]/2, 23291072571/672857660, 416235925092016295159/180824687169196183347, (-114018650548626*Sqrt[3/7763690857])/7763690857, {319957/25940, 4844393/25940, 80378017/25940, 283268629/5188, 26149360417/25940, 501887352953/25940, 9956122569457/25940, 40629575734261/5188, 4245590502710017/25940, 90543763046745113/25940}, {0, 23291072571/672883600, -513083927468817/8727300292000, 1248707775276048885477/452772339148960000, -22393791832141443940104093/2936228619381005600000, 17409426196254673578478383653811/60932616309394628211200000, -3812407347379983965056132449558677691/3951480167664241639496320000000, 6896970046233201537995111675801052444810633/205002791098420856257069081600000000, -86459399178874728007352996739918269601357636213/664721550136629626413546497088000000000, 589391189564412727572694803116472114387451640742358659/137943016084353380073339169075701760000000000}}","{125.73651813519373, 0.4100716198943147, 0.1681587334427473, 19395991/25940, Sqrt[63259627880339/168214415]/2, 63259627880339/672857660, 9332892111660300698827656437/4001780519558963322102754921, -267915983369605520118/(63259627880339*Sqrt[63259627880339]), {19395991/25940, 16941561093/25940, 3183282216815/5188, 15633015214052973/25940, 15834197507371050331/25940, 16406417376014901565533/25940, 3459909487190239672603487/5188, 18497783961333371110566207213/25940, 20007222499877064785385109402651/25940, 21850149430791913879395683636510973/25940}, {0, 63259627880339/672883600, -133957991684802760059/8727300292000, 9332892111660300698827656437/452772339148960000, -22245291309937618864653599522668599/2936228619381005600000, 387803903568912170808169228044843070559419/60932616309394628211200000, -12809670101002796062183576900013930099809738337817/3951480167664241639496320000000, 480825787812216763653661661105096601170792263732385379113/205002791098420856257069081600000000, -920804546866336830555355625432566768806766845151381718555348079/664721550136629626413546497088000000000, 131739829710091514871323567654036772549650636168346378868351668649367291/137943016084353380073339169075701760000000000}}"
"{0.9030468852065585, 0.2826064535602687, 0.07986640759391231, 178831/15816, Sqrt[2554089023/62534487]/2, 2554089023/250137948, 22001444030378332797/6523370737409094529, -105536022669826/(2554089023*Sqrt[2554089023]), {178831/15816, 545881/3954, 27919009/15816, 46108334/1977, 4999184941/15816, 17297442031/3954, 974982342049/15816, 1744781951549/1977, 202689363109141/15816, 745343194711981/3954}, {0, 2554089023/250145856, -52768011334913/1978153429248, 7333814676792777599/20857649757990912, -519815884327858437396545/247413441429288198144, 330821760486859472628474349243/15652363958582488567382016, -7063314397999893608722540806413441/41259631394823439863618994176, 6456742170238274424470459409354165675257/3915373980843165149297988071325696, -116509997227465698891740900234187040521732545/7740694360126937500162122417010900992, 15893845322215213820881703727879502333754930265407/108823841777571238668945891686617253412864}}","{19.256175406470454, 0.15936100738655062, 0.025395930675256244, 1998717/2636, Sqrt[304350675855/20844829], 304350675855/20844829, 33724807811481884759169/10292148210377253331225, -25738134540628368/(101450225285*Sqrt[101450225285]), {1998717/2636, 3107981693/5272, 2465911071885/5272, 1989340867131927/5272, 1627299935671817289/5272, 1346816703045072161623/5272, 1125855822142196126652825/5272, 949270112686810740454769327/5272, 806387635426441192931940616569/5272, 689524064837089048939651871590503/5272}, {0, 101450225285/6948496, -1608633408789273/1144764716, 33724807811481884759169/48281596662016, -2800950566540548590493119555/15908786100134272, 23186519216163957093380286669841525/335484481279631527936, -2732709037000070804686905315440642437731/110542136581638588454912, 23385826712404214639597308907746900394240259809/2331112576233594553337184256, -1577056871090135274664090518811041714526512553252545/384050796934484702662301106176, 28430838859749727166317242147748329831603235879591345168965/16197726411508826819485211454078976}}"
"{0.8603760444190721, 0.28667698047397966, 0.08218369113367852, 157568/15051, Sqrt[4080724318/453050151], 4080724318/453050151, 14162229898929015045/4163077739879141281, -37182542725451/(2040362159*Sqrt[2040362159]), {157568/15051, 1785133/15051, 21362717/15051, 9214355/519, 3474174893/15051, 46777782643/15051, 650381521697/15051, 9312753188935/15051, 136970137243973/15051, 2063812672595803/15051}, {0, 2040362159/226532601, -37182542725451/3409542177651, 4720743299643005015/17105673105275067, -588668638302113432540515/772372457722485100251, 151660095426673723685275049569/11624977861181123243877801, -3235700745672460630932927769586237/58322513929545695314534927617, 2061128818441443180539906705653992273365/2633436471460776780537195586690401, -176616454865219895190836543377849186281172315/39635852331956151323865330775277225451, 3691939199468177748853193100451291534041482980481/66284357049808003730610788166521946695889}}","{31.16998440319714, 0.2147840273474476, 0.046132178403589116, 10169462/15051, 2*Sqrt[2385368584258/453050151], 9541474337032/453050151, 32913474979234402025771781/11379966565530030490821128, -5243378446523321633/(9541474337032*Sqrt[1192684292129]), {10169462/15051, 7188139960/15051, 5261975958071/15051, 3961848881706838/15051, 3052462413897342227/15051, 2397037421301122676310/15051, 1912374952274311304783411/15051, 1545968912438631521758279678/15051, 1263626989639752785235141580067/15051, 1042456293851779328023586724416710/15051}, {0, 4770737168516/226532601, -5243378446523321633/3409542177651, 21942316652822934683847854/17105673105275067, -220518106878092222873623182900385/772372457722485100251, 1586909894744281289685588023643428225566/11624977861181123243877801, -2663025125734387213913526925281359302157057711/58322513929545695314534927617, 50450873817481540862638497721304245575888972771364682/2633436471460776780537195586690401, -291441976391863567682491665533613275103238065343769875318985/39635852331956151323865330775277225451, 200325708276319314567311015166248467052944119359958576924765723974/66284357049808003730610788166521946695889}}"
"{1.5028334745752405, 0.3664816891769175, 0.13430882850196676, 99317/8876, (19*Sqrt[11009041/59085313])/2, 3974263801/236341252, 52120740628446555549/15794772759938967601, (-70410148381182*Sqrt[3/11009041])/75511012219, {99317/8876, 3781643/26628, 17146911/8876, 738614279/26628, 3701106127/8876, 173684759183/26628, 937452692471/8876, 46918312076039/26628, 267691920457407/8876, 14051377569431423/26628}, {0, 3974263801/236350128, -11735024730197/349640622688, 17373580209482185183/18620461001872128, -57437829484554586394585/13772934321051417344, 108976788767588479610710239541/1466982780403828564144128, -1020047359317269010337189340121687/2170156526477397055890546688, 113829295818340250655366159383660599789/16510550853440036801215279202304, -2231851950659685133005454180084537418106785/42743064401080681938879488641564672, 6322035494023511660185489961107031570489135058481/9105298550975811189347864188380672688128}}","{76.5664165866388, 0.3266512715701067, 0.1067010532183676, 19107689/26628, Sqrt[38955494737571/177255939]/2, 38955494737571/709023756, 5350762466299002646782413781/1517530570248921874158980041, -228018759775801056218/(38955494737571*Sqrt[38955494737571]), {19107689/26628, 15174225389/26628, 12666686794187/26628, 1562909966771015/3804, 9704719422889767659/26628, 8798865474392914737689/26628, 8123842469473388838154547/26628, 7615028013697331072198338385/26628, 7228584023132670471660639745499/26628, 990565911176531223775875784764527/3804}, {0, 38955494737571/709050384, -114009379887900528109/9440296812576, 1783587488766334215594137927/167584149016849152, -16086174406245561075942302884055425/3346823040015494414592, 1120021135063836560174716444768630053552151/356476815638130341087023104, -2797709930326176297168927402502213556326085524693/1582044107802022453744208535552, 39783302933621558870640054662797624923706476721207987343/36108574716473360484257815615438848, -562406549803751694753127773028105136340845918799411526202682985/841311736606471062602964974931917438976, 8346145835829948704230439676420375885717008287200369472266431143582259/19913287930984099071103778979988531168935936}}"
"{1.359404480179477, 0.3738808983591247, 0.13978692615782612, 117758/12109, Sqrt[3876675590/293243653], 3876675590/293243653, 10062227437439348461/3757153407525462025, -42391767771717/(1938337795*Sqrt[1938337795]), {117758/12109, 1305251/12109, 15517625/12109, 193554617/12109, 2503984133/12109, 33351612041/12109, 454986724805/12109, 6333017065217/12109, 89681495013653/12109, 1289216120448281/12109}, {0, 1938337795/146627881, -42391767771717/1775517011029, 10062227437439348461/21499735486550161, -507012957913729940866065/260340297006635899549, 75065042078382566226511566205/3152460656453354107638841, -5410598275361596121934820038537777/38173146088993664889398725669, 682610797321559150249127062778046333381/462238625991624288145729169125921, -59436360786046371928790131374873898199738145/5597247522132578505156634508945777389, 7059492029639486776714467470317644329875888462765/67777070245503393118941687268824418403401}}","{63.03619303698774, 0.30987769131017373, 0.09602418357172332, 7949094/12109, 2*Sqrt[3033667366963/293243653], 12134669467852/293243653, 30078298206895667425641488/9203137693376221303843369, -12337816664707116549/(6067334733926*Sqrt[6067334733926]), {7949094/12109, 5719335218/12109, 4328233700007/12109, 3391153482255560/12109, 2730052235148530499/12109, 2249001240877404869768/12109, 1891010270471471604231027/12109, 1619913782362005683200414160/12109, 1411681086508526211673345573299/12109, 1249803474478838773829540973664568/12109}, {0, 6067334733926/146627881, -12337816664707116549/1775517011029, 120313192827582669702565952/21499735486550161, -504602117316385628126565220635525/260340297006635899549, 3807500159715241901647876906128876912476/3152460656453354107638841, -21354820165112780741110856879511410583116208009/38173146088993664889398725669, 151634677269181602416044579594932454014343345898205632/462238625991624288145729169125921, -970372296162162973973842256349376449834847515999275547502845/5597247522132578505156634508945777389, 6834194832889326219057614734392056449693760619599129278754397127076/67777070245503393118941687268824418403401}}"
"{0.9489693956664103, 0.2697311622176694, 0.07275489987129469, 398449/30548, Sqrt[1050027873/21207949]/2, 1050027873/84831796, 42649686667074751261/14823286958145044401, (8913998475838*Sqrt[3/3850102201])/3850102201, {398449/30548, 5575223/30548, 82669183/30548, 1288094075/30548, 20947464799/30548, 353462807363/30548, 6156658817143/30548, 110206625506715/30548, 2019837353153839/30548, 37787800744713203/30548}, {0, 11550306603/933180304, 40112993141271/14253395963296, 383847180003672761349/870825479773532416, -11182353557756641094565/6650494189030467060992, 18763462283388041101236084269583/812637185946010831116734464, -61486293708843095177785004024764899/12412220378139369434477002203136, 160980425234243301747830907032366541305007/108333859460400416424115275228971008, -23702839356371913143605162101581858301937245/2895709896446772930808389249232780558336, 77176914953241169642444540746470166749482175134691763/707665167333248155922677398284503843968385024}}","{28.690481599272207, 0.18396605476149847, 0.033843509304510654, 6474187/7637, Sqrt[5674030195830/233287439], 5674030195830/233287439, 6188929318121382892975142/2682884888599219012449075, (-38346074131635773*Sqrt[6/945671699305])/189134339861, {6474187/7637, 11348331769/15274, 5110342591972/7637, 9410989528160005/15274, 630227151343864636/1091, 8396219967289483762789/15274, 4045224322672788197652772/7637, 7879507352736115638436286005/15274, 3872748972201415453799408914852/7637, 7676036694095618816346376616842309/15274}, {0, 2837015097915/116647538, -1725573335923609785/890837247706, 9283393977182074339462713/6803324060730722, -11138571729018225790836487536525/51956985851800523914, 38914565617438358795491165382866481625/396795500950200601131218, -63535316116158889012682819198528330512287165/3030327240756681990839111866, 26271856206890643215748657762358534052904226761399/3306087019665540052005471045806, -354567231367132959599883400971682451050473271971064399005/176740105984300105640160476637742954, 935670371750930939729088138538772772997945735254752867157725385/1349764189402099906773905560082442939698}}"
"{2.442649937681392, 0.4265603607407758, 0.1819537413553008, 370075/27567, Sqrt[12459331342/42217329]/3, 12459331342/379955961, 184555835536931337009/77617468744871760482, 164723875470073/(24918662684*Sqrt[6229665671]), {370075/27567, 5872027/27567, 103532689/27567, 1966534519/27567, 39473776945/27567, 826102608367/27567, 17846278390009/27567, 395007802424599/27567, 8907863033178145/27567, 203810736820572607/27567}, {0, 24918662684/759939489, 329447750940146/20949251893263, 492148894765150232024/192502675647193707, 42092182992820035842193970/15920163778698566762607, 111391382025691047958720997218144/438871154887383389944787169, 1379716667057094370364700694327533182/4032787042260165970202649295941, 9299646404569966251797145820484431270299752/333515521181957985901729299423616641, 373774260893467897452084039986471039902644343970/9194022372423035797352971597210839942447, 91254077343816480596455845607390517614227018714079856/28161290526731758647292152002256802743715161}}","{121.08381888171492, 0.3819530380815914, 0.14588812329975762, 22879982/27567, Sqrt[38184362506627/42217329]/3, 38184362506627/379955961, 5649284664711589764831167415/2916091080075003581237834258, (-7389204484330527782*Sqrt[2/38184362506627])/38184362506627, {22879982/27567, 21760158934/27567, 22620106199516/27567, 24941715362820946/27567, 28618521963922923932/27567, 33749461122977507477194/27567, 40573271929461991186283396/27567, 49454495293060786424297648626/27567, 60893485466837861588227668297932/27567, 75551806941096806370796298180198554/27567}, {0, 76368725013254/759939489, -29556817937322111128/20949251893263, 3766189776474393176554111610/192502675647193707, -27639848364861421309940372175859960/15920163778698566762607, 2062085491102813731233765245558051237914574/438871154887383389944787169, -3697187346095750667938333091948368606551074512696/4032787042260165970202649295941, 430490538996322257064702572296712729164932880638665034190/333515521181957985901729299423616641, -3613998499133999171402265378350994158117778213662211943193186840/9194022372423035797352971597210839942447, 11053385379447473269838338037712022840862403329071533793003697833391966/28161290526731758647292152002256802743715161}}"
"{1.2871164498933563, 0.33100521547609435, 0.10956445267237565, 194857/16587, (2*Sqrt[2079977371/1247711])/21, 8319909484/550240551, 27594967295381634507/8652611727744143282, (-31876629564928*Sqrt[2/2079977371])/2079977371, {194857/16587, 846631/5529, 35266627/16587, 171297203/5529, 7787964487/16587, 13550899597/1843, 1963737236347/16587, 10795170438523/5529, 545321737435087/16587, 3117127084629551/5529}, {0, 4159954742/275128569, -127506518259712/4563557574003, 18396644863587756338/25231909826662587, -4537460961109681968324620/1255565064884556991707, 1168029117544475540630655579802/20826057731240146821444009, -47673832525526335619223905538793504/115147273196026771775763925761, 30416755283854730470536559129316800783214/5729843461507488190333788709793121, -4472197257962037351223477682710018205505552820/95040913496024706613066553329338498027, 97492520903837193091157493160260004790610462065618/175160403573173534287881657785970851863761}}","{45.716145933880235, 0.24328621386660926, 0.05918818185754954, 12811573/16587, Sqrt[19429284813226/1247711]/21, 19429284813226/550240551, 528010817092213527614941629/94374277088363620426131769, -44864065543904181610/(9714642406613*Sqrt[9714642406613]), {12811573/16587, 10481162666/16587, 8837181103966/16587, 7611783286180604/16587, 6668007906476759818/16587, 5923220090182688950556/16587, 5323433252349678904166986/16587, 4831794553995795664097794004/16587, 4422419971259603874533621093338/16587, 4076735912891011362268455890727596/16587}, {0, 9714642406613/275128569, -44864065543904181610/4563557574003, 176003605697404509204980543/25231909826662587, -4882677701352290868508443273065990/1255565064884556991707, 51417162940351088190851655557486413871713/20826057731240146821444009, -179700367522289973026522511393267857768325955750/115147273196026771775763925761, 5821720637639599225757398768132282235731538465365992629/5729843461507488190333788709793121, -63703787599123509258021577124788941816838662362412741540221950/95040913496024706613066553329338498027, 78582471951742683055417035173988085370345412978256874794755806412257/175160403573173534287881657785970851863761}}"
"{1.6465412136424098, 0.39682482918202744, 0.15746994505534526, 298222/28521, Sqrt[1400431289/2259497]/6, 1400431289/81341892, 46614289226134949583/19612077952102015210, -403937742955643/(7002156445*Sqrt[14004312890]), {298222/28521, 1203098/9507, 47014822/28521, 71287622/3169, 9049825102/28521, 43629392458/9507, 1930830459622/28521, 9648134382146/9507, 439727136633982/28521, 750692953006206/3169}, {0, 14004312890/813447441, -807875485911286/23200334464761, 155380964087116498610/220565579756482827, -61508042402300923542525830/18872252700703940126601, 21897772424477943267058441968190/538255519276777076350787121, -1374453695401203796957918918764556762/5117195221764319664866933159347, 1226230446119345255053184521995330940582550/437842574759820483485009401913207361, -273415286951508692394413916894365800647056496310/12487708074724840009475953151966587143081, 8424996861083173753523662211153069523845359464022910/39573546888803017990029295538582114656423689}}","{63.43180958246549, 0.3114212050731145, 0.09698316696919083, 18654151/28521, (7*Sqrt[86088678889/11297485])/3, 4218345265561/101677365, 923989265641668660373740651/284710988471694457802315536, -95645128028033602943/(236227334871416*Sqrt[172177357778]), {18654151/28521, 1487107401/3169, 10066395126769/28521, 866699270481461/3169, 6181830669705989041/28521, 554585607194490674541/3169, 4095039702444603076799689/28521, 378539709100058792543690261/3169, 2868925146170380992179238076801/28521, 271282464204229894237178587813181/3169}, {0, 33746762124488/813447441, -191290256056067205886/23200334464761, 1231985687522224880498320868/220565579756482827, -37956235545066015081595320948199070/18872252700703940126601, 556274235792288840627598826460521066376628/538255519276777076350787121, -2287983705407163316800716992054575645799701038962/5117195221764319664866933159347, 94631382468379154930507928318645077217940760073123046604/437842574759820483485009401913207361, -1246195695880020000347031712058552460006027619722112926251009710/12487708074724840009475953151966587143081, 1892917955436815921210764629744445576257512731699572887376858382666052/39573546888803017990029295538582114656423689}}"
"{1.2150886970285801, 0.3316458701379069, 0.10998898317952942, 52243/4729, Sqrt[1050655474/8696631]/3, 1050655474/78269679, 2248311527763103985/1103876925046164676, (-80759699766*Sqrt[7/525327737])/525327737, {52243/4729, 4484379/33103, 59329393/33103, 829313907/33103, 12077997361/33103, 181697793939/33103, 401290036759/4729, 44494225571667/33103, 720745639371601/33103, 11923949302378899/33103}, {0, 2101310948/156544087, -646077598128/740296987423, 183535634919437060/500123493360481, 2104027441946460513600/16555588000712002543, 1197845399824556252922945068/78291375655367060025847, 1041439138240676175575221641456/52891416496318689551747209, 1450051325624996777778063826942053020/1750864560277637580231487859527, 16472511788414778421920857601857174300640/8279838505552948116914706087703183, 289288653497393612745141287833528391714753684/5593622327537127377841377869821193201}}","{42.43318538944211, 0.2406225800130636, 0.0578992260121432, 24260527/33103, Sqrt[17038450780735/60876417]/3, 17038450780735/547887753, 202128758704380869986767761/116123522003011652418856090, 1129481625483704013/(3407690156147*Sqrt[34076901561470]), {24260527/33103, 18809475633/33103, 15304279177687/33103, 12953329709848473/33103, 11313573197356919407/33103, 10130634304830886332993/33103, 9254143549585731566668567/33103, 8592291661737768702555324393/33103, 8087060869545796692688705679167/33103, 7700484228797155668678810769740753/33103}, {0, 34076901561470/1095808609, 11294816254837040130/36274552383727, 2021287587043808699867677610/1200796507558514881, 3467784962832787429898543067704010/39749966789709518105743, 151329442621102930715565399387853665322490/1315843150639754177854410529, 540840002476691560552428800608241411015092469850/43558355815627782549514551741487, 1892886708191919352096167941794370563076598335508512150/205987464652103783676654315185492023, 72007044051835752724157381844010135544799700711994621840714250/47731621296650140857338014569097397061583, 1293773195301034889050581799982981379342222616945687318056864688937210/1580059859783009612800460296280831134929582049}}"
"{1.3772198513563119, 0.3458756590618191, 0.11962997153144773, 39211/3406, Sqrt[919629913/58002477], 919629913/58002477, 2488597052512224065/845719176884387569, (-5991285343800*Sqrt[5/919629913])/919629913, {39211/3406, 2527053/17030, 17396272/8515, 502656591/17030, 58091252/131, 117335186523/17030, 938874221722/8515, 30848635334031/17030, 51875165341784/1703, 8905921863431043/17030}, {0, 919629913/58004180, -149782133595/4939055927, 497719410502444813/672896979494480, -87670467344823675963/28648588901977486, 397622687931004380466850593/7806167504010825385280, -205889698228828943369148389841/664695162966521781556592, 395137038350181369165894833968634773/90558069002558927519270094080, -64027384989120934731164669785740713595/1927754893891973169566462127728, 449591949546813162966207326889249553784090473/1050549306975369698486939201126650880}}","{72.46492284845202, 0.307936883536907, 0.09482512424242263, 5205699/6812, Sqrt[12848096201855/58002477]/2, 12848096201855/232009908, 98778993642131101528577801/33014715202424175381088205, -15684421663158564366/(12848096201855*Sqrt[2569619240371]), {5205699/6812, 4355390681/6812, 19186539479631/34060, 3500854382106665/6812, 3276528601841356347/6812, 3128211156864869321057/6812, 15179499201423715728881391/34060, 229860284398350783814827101/524, 229123882354068573772713833079/524, 231063356776303903883618492699861/524}, {0, 2569619240371/46403344, -7842210831579282183/790248948320, 98778993642131101528577801/10766351671911680, -14197816487479723757295411700791/3667019379453118208, 271777708813245440657833877719060761607/99918944051338564931584, -2619759351086587080415783274075244016442865693/1701619617194295760784875520, 23970670124274037653168081558102499153374294586604621/23182865664655085444933144084480, -2572324860349281015729158685138777359140010292274116855471/3948042022690761051272114437586944, 94296808909995204555879632975441886629741421173038020465495197083/215152498068555714250125148390738100224}}"
"{1.320695406680571, 0.34289810439398927, 0.11757910999699116, 19623/1747, Sqrt[47789115/805367]/2, 47789115/3221468, 34386746997803843/13702797074899350, (33725711431*Sqrt[38/47789115])/143367345, {19623/1747, 4680243/33193, 64029591/33193, 937310103/33193, 14473778367/33193, 233135216343/33193, 3883154618031/33193, 66440372303943/33193, 1161924476097087/33193, 20691379559492343/33193}, {0, 860204070/57988171, 1214125611516/101305334737, 97730754625337238/176980419785539, 276505994042489808300/309184793365336633, 15295962499553503310802390/540145834009243097851, 63334685670580676210910624636/943634772014147691945697, 2851030485967832123408806146089238/1648529946708716017829132659, 15585136836351296284654158715642068300/2879981816900126883147494755273, 595793244941869117206353883763158628916310/5031328234124521664858673337461931}}","{48.85042600331464, 0.25949891536713554, 0.06733968707671978, 24079295/33193, Sqrt[19521606253643/15301973]/6, 19521606253643/550871028, 1718438238820322616837391967/762186221444546971301542898, (25908856882557646449*Sqrt[2/19521606253643])/19521606253643, {24079295/33193, 18644161727/33193, 15325729553969/33193, 13273486343927627/33193, 12010038520493271905/33193, 11259544222178516015027/33193, 10858415021145766515099689/33193, 10707566998986873733132863947/33193, 10746176801417792620173434343185/33193, 10936859329207222688749881137376227/33193}, {0, 39043212507286/1101775249, 103635427530230585796/36571225840057, 3436876477640645233674783934/1213908699309012001, 18365996909018421841370798711278380/40293271456164035349193, 393764957801939409822227682660752374618486/1337454559444452825345763249, 3005882913028591471863034997077886307249699196596/44394129191639722631701919524057, 52438689186029201416548874548859334159200380219970650094/1473574330258097313314081814762024001, 492040957080565432898208966419742813859678249639223974832297340/48912352744257024120834317677395862665193, 7672675247690858018727811642892143456754240120759893765183258737803686/1623547724640123401642853506665800869445751249}}"
"{1.1343850557446495, 0.2941271563362835, 0.08651078409446855, 428849/32705, Sqrt[994364909/16712255]/2, 994364909/66849020, 115966786457828415199/31640370312018504992, 174431291363601/(7954919272*Sqrt[994364909]), {428849/32705, 6109809/32705, 94178057/32705, 1563695481/32705, 27792134249/32705, 524278113849/32705, 10393415384297/32705, 214378397879001/32705, 4560039370559849/32705, 99302938627194489/32705}, {0, 15909838544/1069617025, 1395450330908808/34981824802625, 927734291662627321592/1144080580169850625, 187486439858817329683179696/37417155374454964690625, 16335132541238180878673397263584/244745613304309924041378125, 22569170648418416027195128262594243064/40022026415587280328866357890625, 8599713898011341628387365939554404730273928/1308920373921782003155574234812890625, 2724868733319920260857546030365255414507340381312/42808240829111880413203055349555587890625, 995908475805627367212742417302222006222068288611228016/1400043516316104048913805925207215501962890625}}","{32.39087294173113, 0.19870314836105707, 0.039482941168596256, 5366082/6541, Sqrt[2842175136361/6684902]/4, 2842175136361/106958432, 52643686724466738577987565/16155919011497337888644642, (1052661206342904861*Sqrt[10/2842175136361])/2842175136361, {5366082/6541, 22880068862/32705, 20294552867016/32705, 18721252680215786/32705, 3587852237534662728/6541, 17814277805270053619522/32705, 18271392745415000334548256/32705, 19278719739226718903868039626/32705, 4167554863745762253057367984920/6541, 22978191825986473192053733982512082/32705}, {0, 5684350272722/213923405, 4210644825371619444/1399272992105, 21057474689786695431195026/9152644641358805, 6294540042777117663267889987140/11973489719825588701, 106193538587839111746586417048298403122/391592981286895878466205, 207740439360004720396909967723822755158905124/2561409690597585941047446905, 603968802391028296232006887219062837853265817883346/16754180786198809640391350205605, 268943500159994511901678253641201887677216614660525776420/21917819304505282771559964338972461, 3658801123597274534964556108399400364663223107216826118511271922/716822280353845273043868633706094337005}}"
"{1.8769193003535873, 0.3875789229967965, 0.15021742155135673, 410188/32829, 5*Sqrt[252739415/269427603], 6318485375/269427603, 2195031237880065126/1079006957678078125, 465393712723111/(126369707500*Sqrt[252739415]), {410188/32829, 1965012/10943, 93758734/32829, 533718016/10943, 28720809358/32829, 503339704/31, 10134248900134/32829, 65367697317216/10943, 3845885756567518/32829, 25408928442255112/10943}, {0, 25273941500/1077743241, 930787425446222/35381232858789, 433152830941666184864/387176831173728027, 73662919774536599337642670/38131884571806952195149, 84462176534244099256276900516120/1251831638607850433614546521, 1799887639001977398305070076782883154/13698793621285707295043982579303, 6240174177640315826867408472623733711466592/1349153087379565454366996712287814561, 406527957333514612521353868632470305090457969310/44291346705583754301414135067696664223069, 55892749797683398379505932166935909949549067073216360/161560068999734341106791626681934865531014689}}","{66.78328161325597, 0.28711897241130563, 0.08243730431852409, 26595100/32829, Sqrt[14576518789598/269427603], 14576518789598/269427603, 446543382996109390766086581/212474900023503542993001604, 2142995558682602069/(7288259394799*Sqrt[14576518789598]), {26595100/32829, 7773669816/10943, 21801994684144/32829, 7146007932659888/10943, 21919349026008346000/32829, 7695931631210370308896/10943, 24871662330099184041801184/32829, 9084525162141174154896504048/10943, 30254154109711400981835780354160/32829, 11307958971098226698924705476592576/10943}, {0, 58306075158392/1077743241, 34287928938921633104/35381232858789, 2381564709312583417419128432/387176831173728027, -5167778862727462324203097078622000/38131884571806952195149, 1128514131305266491592287290985287687036512/1251831638607850433614546521, -1225112836988740324632006984546230561643907052512/13698793621285707295043982579303, 207311695984649683343630453331112746469268944894062695696/1349153087379565454366996712287814561, -1269621607343428457002615518769133925962910907164925813028322640/44291346705583754301414135067696664223069, 4692287441271082184849663030537288832162225101854710609889533898605248/161560068999734341106791626681934865531014689}}"
"{1.4779482651493872, 0.3478651199459675, 0.12101014167502237, 190505/15598, Sqrt[4391578043/243289805], 4391578043/243289805, 66453437046895150661/19285957707759709849, 12868667888718/(4391578043*Sqrt[4391578043]), {190505/15598, 1304133/7799, 19393036/7799, 309576594/7799, 5267815090/7799, 94991120298/7799, 1804272437086/7799, 35859097092894/7799, 740461126726690/7799, 15775153256230338/7799}, {0, 4391578043/243297604, 6434333944359/1897478013596, 66453437046895150661/59193724112140816, 282429478897910161120995/230825927175293111992, 1599786769157439843240121487903/14401691248320887843404864, 27024917161726703810085190266060189/112318790045654604290714534336, 44796392740285512742118108723662104362441/3503896974264241035453130613145856, 272368816697710370858968095089925707153328795/6831723125571703958874741412981132736, 1331445445045652313714007716222638052269794370932163/852489738501339506804225732477437667329024}}","{48.74647510747966, 0.2499792503501503, 0.06248962560562313, 6083790/7799, 2*Sqrt[2312823174647/243289805], 9251292698588/243289805, 16619644697949831155072825/5349151037184227463574609, -410872777498490631/(2312823174647*Sqrt[2312823174647]), {6083790/7799, 5042354653/7799, 4389317385159/7799, 3984586712045935/7799, 3751997835475271535/7799, 3647750959325957021023/7799, 331481164107285243431469/709, 3733271808578187972889186135/7799, 3901756648942288681834887906735/7799, 377284061430575191666477824707213/709}, {0, 2312823174647/60824401, -410872777498490631/474369503399, 16619644697949831155072825/3699607757008801, -14824099676486890217468274013215/28853240896911638999, 183634642932437079781219598672677777577/225026425755013872553201, -335360956137713171790454438586007766277196351/1754981094463353192042414599, 2529522287438098830368690716364851333876829564447585/13687097555719691544738791457601, -6821284115872802309748527414342450812176572908595404266015/106745673837057874357417834577830199, 39807714507884910590050256916970298407194628568971366879772295257/832509510255214362113501691872497722001}}"
"{1.1363613110107034, 0.3266661988056119, 0.10671080544210754, 38134/3581, 34*Sqrt[302026/28852117], 349142056/28852117, 1417498479086459553/487600701071628544, -8943105283695/(47483319616*Sqrt[302026]), {38134/3581, 4044788/32229, 16971338/10743, 673725236/32229, 3093088882/10743, 132075514748/32229, 214680733006/3581, 28925592286436/32229, 147208166636642/10743, 6856614066077708/32229}, {0, 1396568224/115412049, -1987356729710/137763515823, 629999324038426468/1479993450486489, -2581217575799091347590/1766618848730705703, 440996262354563088539460004/18978786291913971367329, -983034700544912744266106781730/7551448190149325718489461, 386241681708158271824955360909387988/243375623720322618581196838569, -3333980779743601387510483830717365074790/290509369514158432379755292971863, 387328701401997780939232955420107292845193284/3120942156690604039055711112396724209}}","{49.57087181778789, 0.2657806749848417, 0.07063936719539805, 7538854/10743, Sqrt[2007307902345/57704234], 2007307902345/57704234, 8578920183958595170917413/2686190009877789370999350, -2708498965527360977/(2007307902345*Sqrt[4014615804690]), {7538854/10743, 16992162926/32229, 4452268646810/10743, 10857420663927590/32229, 3021522150814409074/10743, 7736394475600229305166/32229, 747372176049718493480190/3581, 5941096483827803356294064630/32229, 1772994637386429011247044049794/10743, 4818086454827970198076463894327006/32229}, {0, 1338205268230/38470683, -5416997931054721954/1239871642407, 17157840367917190341834826/4439980351459467, -18649797099902528078317575442930/15899569638576351327, 1046974065220722272549257271531781367030/1537281689645031680753649, -1552897907417871663636054238943020840509671438/5505005730618858448778817069, 8734285588834188156040183497713856350695540781872106/59140276564038396315230831772267, -132187301696862237943748041013839059576215843662445483966770/1906031973382393474843574477188393143, 81232366523305608021547471132313107230858123447583527968120534230/2275166832227450344471613400937211948361}}"
"{1.119883415718013, 0.2975289193259154, 0.08852345783524708, 66277/5239, Sqrt[1360944001/35526]/52, 1360944001/96062304, 9961227224809210357/3704337147715776002, (-10648663850259*Sqrt[7/2721888002])/1360944001, {66277/5239, 6388695/36673, 93190675/36673, 1418714247/36673, 22357639579/36673, 362970011535/36673, 864461541445/5239, 103345000750647/36673, 1804254484416619/36673, 32138125457289375/36673}, {0, 2721888002/192129847, -21297327700518/1006568268433, 2846064921374060102/5273411158320487, -40724265262466304947670/27627401058441031393, 4138979027889347775092596862/144739954145172563467927, -11255691687769123974097696739874/108327517109508437144067079, 7107316798305928469918424899698861382/3972695034957002915384371988167, -163251367785052917142542233294662835486310/20812949288139738273698724846006913, 13484607330411916518122856456278816477958753422/109039041320564088815907619468230217207}}","{36.40301969301248, 0.20682011014326673, 0.042774557959672985, 31210327/36673, Sqrt[20832449121179/248682]/52, 20832449121179/672436128, 2281460098842058418746847975/867981872773023378852700082, (-48618361810009844121*Sqrt[2/20832449121179])/20832449121179, {31210327/36673, 27697472519/36673, 25360935034993/36673, 23775185716681283/36673, 22697804750808439657/36673, 21985864868492542957619/36673, 21552381030308735185361833/36673, 21342986241599496650865494963/36673, 21323079012454639300835384213257/36673, 21470538383217001058761383549071219/36673}, {0, 41664898242358/1344908929, -194473447240039376484/49321845153217, 4562920197684116837493695950/1808780027303927041, -42758460711126895549907184088360500/66333389941316916374593, 728412783441960418114334576963803676507998/2432644409317915274205449089, -9034883895538458374443313415513564293549353071924/89212368422915906850936434440897, 20130275416298830199414560776820414873914078760476692290/467383598167656435992055980035859383, -1966305272898824817691557342239584196712667915967963010113137140/119982510869217251339956682690985498069313, 29979648080991090830156190898712604987982816473492299021596020047864638/4400118621106804258390231424326511170695915649}}"
"{1.6756764442582215, 0.3623885284121016, 0.13132544552468858, 107271/8407, Sqrt[6044503282/282702189], 6044503282/282702189, 21083370249298694842/9134004981527192881, (6894555309876*Sqrt[2/3022251641])/3022251641, {107271/8407, 442427/2402, 48788319/16814, 117084053/2402, 14450531727/16814, 264518605919/16814, 4989317974059/16814, 13778700118853/2402, 1903384262293527/16814, 5461129568018657/2402}, {0, 3022251641/141355298, 3447277654938/594186995143, 10541685124649347421/9990660136334402, 11878581838742736408150/41995739883081658807, 53471856039667215990536183141/706116370394135011180898, -72030678973016647639062062957862/2968160162951746519498904743, 48025143221207420344806398031754061723/7129520711410095139836369192686, -1788349354235765170927021313205254803848450/209782582172886344442115245310189207, 2422425632560016802753648925081824184811747357141/3527284336654910995449725734645521326498}}","{52.766047701358026, 0.2505345583230223, 0.06276756491411185, 28269643/33628, Sqrt[16720211203609/94234063]/2, 16720211203609/376936252, 474609248491740369562098909/279565462693291924454624881, -2624470530290975194/(16720211203609*Sqrt[50160633610827]), {28269643/33628, 25256730967/33628, 23733213346837/33628, 23208714803405683/33628, 3342349768074891379/4804, 24128937206914906498747/33628, 25311680294395844669406397/33628, 26896709668281805857370016563/33628, 28867176531165572509434202714933/33628, 31228322177747804399639193635030827/33628}, {0, 50160633610827/1130842384, -3936705795436462791/19013983844576, 4271483236425663326058890181/1278804497450803456, -2246779147146336074231645239284075/10750909410068904654592, 549306611770396797154447950113972142485487/1446126326567188502898479104, -1809435266140626190000926999103373477880907503981/24315168054900707487735027654656, 14884508962180313653762444281228938696531843308434271023/233620134671485997542158145705934848, -152183521594901150752331291525638965091484192240578618538370675/6874155652641139734679232358324279934976, 26014629339137782928379926733117552917258098976477237058199115749425747/1849312850296129975982345805965831085226983424}}"
"{1.0083048945096609, 0.31131963837658844, 0.0969199172389298, 38212/3673, 68*Sqrt[244833/107923759], 1132107792/107923759, 5753372375392945/2225118147060964, (52945476868*Sqrt[2/244833])/400954843, {38212/3673, 436066/3673, 5385352/3673, 71051185/3673, 989620462/3673, 14401558291/3673, 217095222112/3673, 3366545857585/3673, 53414125185442/3673, 863464744419391/3673}, {0, 141513474/13490929, 635345722416/49552182217, 51780351378536505/182005165283041, 517450686151354141050/668504972084609593, 26911524419476154687936859/2455418762466771035089, 393757608186465644169057290316/9018753114540450011881897, 16938715214963511472470185613476505/33125880189707072893642207681, 310292706803049742768113579831192052830/121671357936794078738347828812313, 12057551204497606488541625783776120053626919/446898897701844651205951575227625649}}","{29.689339161823955, 0.20984801180643384, 0.0440361880591132, 19810787/29384, (3*Sqrt[1920241649847/215847518])/2, 17282174848623/863390072, 222633132114437125746607903/99557855832792470988332043, 11270574911857080298/(17282174848623*Sqrt[1920241649847]), {19810787/29384, 13944645263/29384, 10233748889075/29384, 7807187348627351/29384, 6166447706886732227/29384, 5020092408958675049303/29384, 4193861068527043002607955/29384, 3581038100405751541864325111/29384, 3114614283247010653378335066467/29384, 2751411817536777166818229103185943/29384}, {0, 17282174848623/863419456, 16905862367785620447/12685358647552, 667899396343311377239823709/745493156999335936, 753970825940837858326971144310575/5476392731317121785856, 38091282877384487535568518769766642277963/643673296068089226222370816, 122860667120234345312321240702451178041391479357/9456848065832366911659072028672, 2628014404679347890893713845693136441183562673350009529/555760047132836538664380344980996096, 2497370215943165629913464865951674189098895942162742146819215/2041306653118908606514269007115198660608, 198697565338903030961236455953256529878532004605627202544541939313703/479854037561968083950522244040583979546443776}}"
"{0.6315023393689574, 0.21805212439753663, 0.04754672895427879, 432745/32582, Sqrt[8903718733/1061554142], 8903718733/1061554142, 203224432608085962937/79276207276375125289, -106635613695372/(8903718733*Sqrt[8903718733]), {432745/32582, 6020869/32582, 87126067/32582, 1303675489/32582, 20077025755/32582, 317044439089/32582, 5118329255947/32582, 84267189139729/32582, 1411973460826075/32582, 24037305568661809/32582}, {0, 8903718733/1061586724, -26658903423843/8647154660342, 203224432608085962937/1126966372573052176, -689725206529633970501415/4589852293896898249804, 6692336760133964161069407579973/1196372539517989910200911424, -69876348009197041711490146125395073/9745052520643786813541524004192, 270540210551138946766882631979023755935217/1270053204910463447835239740418334976, -913661623116157713934930548429669050527684335/2586304595149545003585486326394386886752, 12377172772710595666615456785569594893898687151534013/1348271621106599604909157047785310616706458624}}","{11.414555217568223, 0.11547186057465213, 0.0133337505845719, 27892305/32582, 69*Sqrt[2178761173/1061554142], 10373081944653/1061554142, 78911938528657718696595283/35866943010162021385096803, -4136312827706401708/(238580884727019*Sqrt[2178761173]), {27892305/32582, 24195990429/32582, 21246736049529/32582, 18865354717552533/32582, 16920328986608464545/32582, 15314240622693653895549/32582, 13974250879421167372710729/32582, 12845379538318858771173004773/32582, 11885728116051369705589315452465/32582, 11063061228923209906461741422550669/32582}, {0, 10373081944653/1061586724, -3102234620779801281/8647154660342, 236735815585973156089785849/1126966372573052176, -85874090022606732403192754330085/4589852293896898249804, 7453156529751753485247426412556741682693/1196372539517989910200911424, -8305000048135981722729522756523917745947111771/9745052520643786813541524004192, 284496586754819706962314276515121868466576408484193649/1270053204910463447835239740418334976, -98748752603628120933825092684429836385677844477085990793965/2586304595149545003585486326394386886752, 12178229341299870602226920803382861435388185318727548134324075081533/1348271621106599604909157047785310616706458624}}"
"{1.4411805393107067, 0.33812547120267666, 0.11432883427603213, 61969/4916, Sqrt[3073195373/42291119]/2, 3073195373/169164476, 24757897321659218549/9444529800628609129, (29750694478914*Sqrt[7/3073195373])/3073195373, {61969/4916, 6093225/34412, 93800173/34412, 1556734941/34412, 3921490459/4916, 508127486085/34412, 1397138306899/4916, 194277792457341/34412, 3960445763328493/34412, 82485252445609845/34412}, {0, 3073195373/169169392, 14875347239457/415818365536, 505263210646106501/584046595707136, 20942022558282089128125/5024552862868491008, 6241935135243453592679519273/98802807495446007181312, 15887214360520295696828448981021/34693900117686612235952128, 13995658902566020090916016293322058367/2387772981699663400527169257472, 77040170991735730478994983959343966935605/1467286497254443159623945508716544, 5182119762020525869996674851616851119182317939/8243634766288962940241504138114891776}}","{58.76761587341427, 0.2745352210760274, 0.07536958761126324, 13415963/17206, 3*Sqrt[1507247987507/296037833], 13565231887563/296037833, 130454587151411881046207735/61338505387785343958026323, 8941298885496102674/(13565231887563*Sqrt[1507247987507]), {13415963/17206, 5624587211/8603, 10091352832541/17206, 4797622527743531/8603, 9566675510267395253/17206, 4951018906618297503311/8603, 10553821598840098688539781/17206, 5755869741094758715102676771/8603, 12792779393292923235616657926773/17206, 7218289423329041277915714066969911/8603}, {0, 13565231887563/296046436, 13411948328244154011/2546887488908, 391363761454235643138623205/87643492268302096, 435858580229211284404221048523095/376998481992101465944, 17153216654832733694416747178454662716623/25946543524624391292129856, 53927065003922979305508305256246145763394823161/223218113942343638286193151168, 134049580728573461307163554398990770474969402231816815/1097340248140561325814925531141888, 856234754713013298240951359244551855936446170903876294274575/16520731770818185900475157602723909312, 57376884700084249165350720566951343342511703019330381760624185496083/2274045686789581652828604493699740668978176}}"
"{0.9925538102479838, 0.2703667136575087, 0.0730981598539613, 178026/13111, Sqrt[1737494882/128920463], 1737494882/128920463, 33936761160893937651/12075553859904775696, (6939696763149*Sqrt[3/1737494882])/6949979528, {178026/13111, 7781996/39333, 40047670/13111, 1947912476/39333, 10987385246/13111, 82788301868/5619, 3515850801990/13111, 198106886517356/39333, 1276195991664046/13111, 75919227986246756/39333}, {0, 6949979528/515694963, 4626464508766/2253758886631, 45249014881191916868/88647098287857123, 242918780288991514971510/387417368550698246551, 440440017315783926804546918468/15238287357204614131590483, 5682989058472225797975225990628646/66596395180103231959760940871, 772922417877558773791548440503422560204/374205144517000060381896726754149, 113923656409301789652404410867616525370470710/11447808516112238180556445297105177591, 77147325325233896043964332563627888736352642479908/450276652364242664355826662871037950186803}}","{30.09157826057098, 0.18109266149693187, 0.03279455204804235, 5155874/5619, Sqrt[1525574079269/55251627], 1525574079269/55251627, 5550663770949053604517845/2327376271337457095574361, (-967367213107240813*Sqrt[7/1525574079269])/6102296317076, {5155874/5619, 34202447632/39333, 33315156275174/39333, 4745029746715504/5619, 33775646686792778438/39333, 4989522051566075656576/5619, 5233965980432675136285002/5619, 38907295868953398084134611888/39333, 41756248294337424272264699984198/39333, 6460704743525752741814116220870176/5619}, {0, 6102296317076/221012127, -276390632316354518/177409591659, 4229077158818326555823120/2326017156241149, -10819538741946079510632866408650/39209671202757048693, 37381961860697735238002594259285091576/220319142488291856605967, -2463799619835131171747971355937245785095626/58951107697224378203282313, 137138514064638783138941544718479207082454935379120/6956171757164779403609109651687, -34404198998716678496504754817992532228354766092372810550/5583818443358413638411369590404179, 63464785879427672905140551182188496948163004210246920397409064/24403147870290720404403822233263063623}}"
"{1.1856718953437937, 0.31216687582844216, 0.09744815836449003, 379191/31165, Sqrt[1167601102/1651745]/7, 1167601102/80935505, 3287528573667774763/1363292333391614404, 2560921251049/(583800551*Sqrt[3502803306]), {379191/31165, 5063277/31165, 72672807/31165, 1104154029/31165, 17556022191/31165, 289590836757/31165, 4922973884487/31165, 85813293537309/31165, 1527826411436511/31165, 27699283781547237/31165}, {0, 14011213224/971257225, 122924220050352/30269231417125, 473404114608159565872/943340597114700625, 8242700457884387584710504/29399209709079644978125, 4428283076721093682010630986824/183245274116693427148653125, 681277435531562363670884616469510656/28554194839233753285438873203125, 1223107473526917744615636114421478603460768/889891482164719921140702483375390625, 60005758109635311075692134916601654317126290008/27733468041663496342349992894394048828125, 74571300371416434552846146929690478489157833525294616/864313531518442863509337528553790531728515625}}","{28.694687115891703, 0.19428943210761268, 0.037748383428698636, 23690284/31165, (12*Sqrt[12259738823/1651745])/7, 1765402390512/80935505, 88217031374784330003398441/37399747205105809771465728, 4123647121646415043/(84739314744576*Sqrt[36779216469]), {23690284/31165, 3737618384/6233, 3052961233370/6233, 2575018139270060/6233, 11178559381981722874/31165, 1991623127507271699308/6233, 1814488161398345728927442/6233, 1685553520785165375972457532/6233, 7960764883605153789546674742874/31165, 1525590750259971145996906991405132/6233}, {0, 21184828686144/971257225, 24741882729878490258/30269231417125, 1058604376497411960040781292/943340597114700625, 2335465434674151507450527956295946/29399209709079644978125, 14185454269433416895645410290936109469484/183245274116693427148653125, 208437605606761502142506426302172489198943577914/28554194839233753285438873203125, 5396945149909272701307377290240384493773481511117473628/889891482164719921140702483375390625, 18694234033932149588900071527672126312448173288044190081954762/27733468041663496342349992894394048828125, 439333150788618497923916156433751240568121934102113519113706356415516/864313531518442863509337528553790531728515625}}"
"{1.3277854935893165, 0.3202123120598199, 0.1025359247946955, 477913/36906, Sqrt[23418656333/11256330]/11, 23418656333/1362015930, 1515131399887765110393/548433464443161006889, -169951204573684/(23418656333*Sqrt[23418656333]), {477913/36906, 6823267/36906, 104667025/36906, 1699895803/36906, 28978360273/36906, 515600519707/36906, 9533723491105/36906, 182489756333083/36906, 3602430805037233/36906, 73063158779845147/36906}, {0, 23418656333/1362052836, -42487801143421/12566980491354, 505043799962588370131/618395976018547632, 4238078220177702024777215/8558445709102694589972, 144687199536110129768040202563973/2526863978721152372300053056, 856419685122691999906691843642797883/7771370166556904121008813173728, 16685864153891065519429799016785117886627953/3441722248403389241879415107875266816, 127373414077674575965892696030665914567170081975/7938762581223467710050105873202787319456, 239196850516439951101466293896158207219897134981617557/520867505462459198768194146411417011221054464}}","{39.13877440545731, 0.2165849864380373, 0.046909056350364804, 10264227/12302, Sqrt[1347801684073/41273210], 1347801684073/41273210, 557802828229032751983151497/219804894930391803126188809, (-17366095978848214896*Sqrt[3/14825818524803])/14825818524803, {10264227/12302, 26897161945/36906, 8112688980533/12302, 22636111726839997/36906, 7173489877075917437/12302, 20833221276503903828365/36906, 6826798797150953001334493/12302, 20405983535097846051030119437/36906, 6859230304301290675635290176157/12302, 20978943756183026325332975492388685/36906}, {0, 14825818524803/454017612, -723587332452008954/232721860951, 185934276076344250661050499/68710664002060848, -4784990366225488026033950543085/8804985297430755751, 3449649740324603563921991466998222074883/10398617196383343095884992, -256040152639610612357956052553413665497900887/2665078932289747640949524408, 79963444409706196392181156081992016706356006984322819/1573718449201366822990130364826368, -1816398926063592196431689446420320904990802468580956403085/100832731052475076335544707021322808, 2108357070164725560295348674475254548745784781096150452866718693763/238165297422249290703335229269052131331072}}"
"{1.2895782667353255, 0.3100731567546233, 0.09614536253977721, 466819/34804, Sqrt[20951393363/33646767]/6, 20951393363/1211283612, 840277061269316468597/438960883851160449769, 845106141601482/(20951393363*Sqrt[20951393363]), {466819/34804, 6863331/34804, 108902677/34804, 1833589647/34804, 4610457187/4972, 83852692593/4972, 10938741655117/34804, 207656469863247/34804, 3999349630934149/34804, 77926693507364871/34804}, {0, 20951393363/1211318416, 422553070800741/21079363075232, 840277061269316468597/1467292304940749056, 17193159916772778074718825/12766910345289457536256, 43076787767061544443241190730983/1777358190629817120367415296, 2615092380385102144803917209155033351/30929587233340077528633760980992, 373024657897048088103805017432867548841551/307563815448333730944734119194984448, 52035518325009963569739406651304386554483933105/9366394653755831275325460498904458887168, 180128870948854428228920799947728632562423992686166203/2607903996234543613651418617630966296871960576}}","{52.459984925997745, 0.25090994990553656, 0.06295580296159886, 29001573/34804, Sqrt[17650017578041/11215589]/6, 17650017578041/403761204, 775498694691916297183948701/311523120505156287525397681, 113983180029795075290/(17650017578041*Sqrt[52950052734123]), {29001573/34804, 25687889013/34804, 24223046975889/34804, 2202277181179023/3164, 25489685878774045833/34804, 27941826203029559685453/34804, 31607325341474071892834529/34804, 3327178406923046973860844063/3164, 43112479349848516413344396239353/34804, 51430529184090583621791752664705693/34804}, {0, 52950052734123/1211318416, 170974770044692612935/21079363075232, 6979488252227246674655538309/1467292304940749056, 19957344670398757168987871508901515/12766910345289457536256, 1255691460511098225147038561806832550332943/1777358190629817120367415296, 8542593458372460517362608643863692932360306804525/30929587233340077528633760980992, 36602648427690496955680650686991847156540783993651818927/307563815448333730944734119194984448, 463651728190054540190489312127557947964609346851693987867322195/9366394653755831275325460498904458887168, 55544876762291972176154874422990235667814429763227574233440263476800563/2607903996234543613651418617630966296871960576}}"
"{1.0796514452432149, 0.3021286538923037, 0.09128172350277544, 397493/33607, Sqrt[7211072846/62744269]/3, 7211072846/564698421, 48353154317385235840/12999892897579634929, -129208152245523/(14422145692*Sqrt[3605536423]), {397493/33607, 5130563/33607, 70605371/33607, 1027464839/33607, 15730059803/33607, 252071909183/33607, 4203884899331/33607, 72513421833479/33607, 1285815410292683/33607, 23309416620106703/33607}, {0, 14422145692/1129430449, -258416304491046/37956769099543, 773650469078163773440/1275613139128341601, -44642398593679262524099590/42869530766686176184807, 58780750055164453551269272525912/1440716320476022323042808849, -6848246543173958661549670386736329006/48418153382237682210499676988343, 761330218770024970485483922905941739559360/232455554388123112292608949221034743, -958967775197582466790359843048832613874852199350/54684936714251574043723962695299202256007, 543991557338343073322054556793612557752018124331128232/1837796668155852648887431214300920290217627249}}","{39.57231872268135, 0.224997371575614, 0.05062381721593492, 26270380/33607, Sqrt[17468060225027/62744269]/3, 17468060225027/564698421, 1877826088541626884350844449/610266256050340651754301458, -79304914337654663169/(17468060225027*Sqrt[34936120450054]), {26270380/33607, 21574939322/33607, 18349778237878/33607, 16019157215096366/33607, 14274544113078739150/33607, 12936526131739048708382/33607, 11893191325164491970077278/33607, 11070701938708993102160178686/33607, 10418184696819690441980325646030/33607, 9899405987977312702887689363251742/33607}, {0, 34936120450054/1129430449, -158609828675309326338/37956769099543, 3755652177083253768701688898/1275613139128341601, -35979655808730199393720736488435050/42869530766686176184807, 596399421908448092406175837200429126918274/1440716320476022323042808849, -7340812466364211733716924945291972423198279975818/48418153382237682210499676988343, 15678906217251161178258893101849047555767956785332998174/232455554388123112292608949221034743, -1478395121663509064040913211119802492800943693921834588668344330/54684936714251574043723962695299202256007, 21427172921823323186617457082534556875884053959604175836822352698724194/1837796668155852648887431214300920290217627249}}"
"{0.9416795647278532, 0.279423808925042, 0.07807766499417837, 133489/11068, Sqrt[4173745377/91872701]/2, 4173745377/367490804, 5080683317358544709/1935572274669874681, -3269225303058/(1391248459*Sqrt[1391248459]), {133489/11068, 1735685/11068, 23939161/11068, 346361373/11068, 5212862689/11068, 81060867925/11068, 1295138969641/11068, 21163953517133/11068, 352385072411569/11068, 5960047442133765/11068}, {0, 1391248459/122500624, -1634612651529/677918453216, 5080683317358544709/15006402880389376, -15517683002837149269605/41522716770037403392, 26166186637177090538267421039/1838293716843095922970624, -351089010941138500010036387014019/10173117429009692837719433216, 165152498747797098681453750674003187529/225192127408558560655757373669376, -881556026559586468028561208453541404692445/311553308269740768667240326471581696, 1198546702558280239240305012732830605348946094419/27586176127435926620872127467099729690624}}","{32.971081801836505, 0.20400701809410207, 0.04161886343164729, 4384117/5534, Sqrt[2399731555535/91872701], 2399731555535/91872701, 11769767341015483635246033/5758711538630430789136225, (224499033787895028*Sqrt[3/2399731555535])/2399731555535, {4384117/5534, 10853122003/16602, 3097465960089/5534, 8218598684460967/16602, 2491461135692670317/5534, 6959046354174979104883/16602, 2202233639220925426044169/5534, 6373359326429105742546096607/16602, 2076372210748144510396105919397/5534, 6153320039253585551139532892661163/16602}, {0, 2399731555535/91875468, 18708252815657919/42369903326, 3923255780338494545082011/2813700540073008, 4713909556066239847488681815/648792449531834428, 7815260214004223135230612372057583975/86170017977020121389248, -70916794442434555871605572162585850097971/39738739957069112647341536, 17245672442141715524465180804773821509594966524211/2638970243069045632684656722688, -103518852014110591600976603352249413287449651655265145/304251277607168719401601881319904, 41063162624335908568730026769771944300369835746738567450569215/80818875373347441272086310938768739328}}"
"{1.812335221759792, 0.3792843513387161, 0.1438566191704306, 438027/34769, Sqrt[13800318999/151106074]/2, 13800318999/604424296, 286113484534758199787/126965869649440241334, (142789143754933*Sqrt[3/9200212666])/4600106333, {438027/34769, 6312183/34769, 101649915/34769, 1779781263/34769, 33078839907/34769, 641247650583/34769, 12814491322635/34769, 262006943687583/34769, 5454741997857267/34769, 115272264784378983/34769}, {0, 27600637998/1208883361, 2570204587588794/42031665578609, 1716680907208549198722/1461398980502656321, 328592094173404179009241170/50811381153096857624849, 154010441963620792681942176233058/1766660911312024642758374881, 41150813226148831587756302248928000034/61425033225407784804065936237489, 2457208005672140038713706902278899998793086/305098140030600467121795505291607863, 5524957165347280426436985594691437211889784119250/74255700615067633489503955464387396520529, 2236923369876952969289226714759391025922205600803447618/2581796454685286548796563027541285389622272801}}","{63.660460062717135, 0.27644936848630974, 0.07642425333647947, 28962148/34769, Sqrt[32051639891213/151106074]/2, 32051639891213/604424296, 4262612654438279180908843097/2054615239431992980949222738, (3468129583076838570*Sqrt[2/32051639891213])/1686928415327, {28962148/34769, 25968802570/34769, 24921269371696/34769, 25344634044083986/34769, 27004695329296553128/34769, 29823987504226558380250/34769, 33836749148565089541129376/34769, 39166906662038044889196619426/34769, 46020411377921414505781878195928/34769, 54687337772709102301089979489343530/34769}, {0, 64103279782426/1208883361, 263577848313839731320/42031665578609, 8525225308876558361817686194/1461398980502656321, 68535442758162864237922771603779840/50811381153096857624849, 1436130236973242178804149030596408929407386/1766660911312024642758374881, 15405516021583930442993505406030443538371684954120/61425033225407784804065936237489, 38795140706945770911884540442379753016468291566460423662/305098140030600467121795505291607863, 3370552860175657400438613996284257531900562785931811667906418640/74255700615067633489503955464387396520529, 54782556533522646351558585654351399937228572520513960347846186269826346/2581796454685286548796563027541285389622272801}}"
"{2.4268614474728625, 0.40874218620539965, 0.1670701747839696, 274033/18865, Sqrt[25091298802/14525665]/7, 25091298802/711757585, 478602369335950984847/157393318892811658801, 975809561517639/(12545649401*Sqrt[12545649401]), {274033/18865, 4645626/18865, 8140409/1715, 1912464546/18865, 44111117443/18865, 1075078009626/18865, 27240968281699/18865, 709650765110706/18865, 18866461432529923/18865, 509386758463078026/18865}, {0, 12545649401/355888225, 975809561517639/6713831364625, 478602369335950984847/126656428693650625, 71435680935093613088890647/2389373527305719040625, 5186980087520794679915617231951/9015106318524477940278125, 5029398154379080061966186242989027267/850349903494821381716734140625, 236105627668462854956281911073387025716649/2291692989918543623726598508984375, 370028402395732245207008419570864060658283589119/302629517783693278231215966103931640625, 116237983461100433958119023706625027640511888578294259/5709105852989373693831889200550670400390625}}","{91.25292101900175, 0.3131863953850844, 0.09808571825430243, 17550836/18865, Sqrt[60425447821458/14525665]/7, 60425447821458/711757585, 847386860382135665775104759/304269562035311946520437147, 27406064578242555404/(10070907970243*Sqrt[30212723910729]), {17550836/18865, 325995295/343, 2841666795488/2695, 23687913441525301/18865, 4268561115487334228/2695, 7878226320388953330341/3773, 53635136424358408714537136/18865, 6793435483417093324447809911/1715, 15115968237146083105107409116428/2695, 30308691091281207911788963891521197/3773}, {0, 30212723910729/355888225, 82218193734727666212/6713831364625, 2542160581146406997325314277/126656428693650625, 9489477722544192331508883904531704/2389373527305719040625, 51498175520195008016640721532759071319589/9015106318524477940278125, 1020470956208494126320377145053919177416282768676/850349903494821381716734140625, 3988632379564315170329944387636443137067538672724298219/2291692989918543623726598508984375, 108957699002260186966408789337663595014587905550115344416533328/302629517783693278231215966103931640625, 3141136678249264051949691883209764853505750931534864348978080919939841/5709105852989373693831889200550670400390625}}"
"{1.106521218472206, 0.31506176964894933, 0.09926391869432762, 370301/33219, Sqrt[6805469881/61303819]/3, 6805469881/551734371, 262190611891451071137/92628840602396308322, (13495967466766*Sqrt[2/6805469881])/972209983, {370301/33219, 4537577/33219, 60058835/33219, 847991021/33219, 12651363371/33219, 197857819277/33219, 3220837672235/33219, 54230310749981/33219, 939229010905931/33219, 16653640309178477/33219}, {0, 13610939762/1103501961, 377887089069448/36657231642459, 174793741260967380758/405905525976948507, 42874278525461729286399320/40451327002284757362099, 28920410790729845591323901673202/1343752631688897354811566681, 1369025603501010892488172296108296776/14879372890691160409828477858713, 1958701570953594783008514505373360561283554/1482833664167608972962276617965761441, 381369655842358518316509041840280880746462808600/49258251489983802472833866972204629308579, 16863553957189052218794378504131433732084392308067138/181812206249530214927229802994407286777965089}}","{27.089024701576957, 0.19246593907672743, 0.037043137704686556, 8097499/11073, 5*Sqrt[48576530631/61303819], 1214413265775/61303819, 477940683971523121297051/196639944012040104846750, -263546319193753847/(6072066328875*Sqrt[97153061262]), {8097499/11073, 18422735461/33219, 4807256014195/11073, 11605496755249813/33219, 3188919495061268779/11073, 8055034518423658980781/33219, 2303707316928692260804915/11073, 6030707649998305246200050533/33219, 1781161546582695595091240420539/11073, 4800833002963166950842596048574301/33219}, {0, 809608843850/40870443, -527092638387507694/1357675246017, 4779406839715231212970510/5011179333048747, -1346286029039834522807354150890/55488788754848775531, 112638538611741823217971476914692488610/1843282073647321474364289, -5904150904801253828930342351339672837521778/6803554133832263561878590699, 36526367819951818116224537032997233060866478326590/8370639435991628268964626090003, 44172085891315460536565027792477867519282633687667719090/2502578442817853095200623226754286913, 1012332560806002454109884225528059790321540432774325709658255330/3079005677480231924795166776650024331961}}"
"{1.082552374046494, 0.2807210234938401, 0.07880429303142912, 510544/37165, Sqrt[10270097087/690600030], 10270097087/690600030, 539862798761049004961/210949788352811771138, -348124967313801/(10270097087*Sqrt[20540194174]), {510544/37165, 7566134/37165, 118618078/37165, 1942631546/37165, 32956130974/37165, 575694867794/37165, 10308682141078/37165, 188549337204986/37165, 3512368485222574/37165, 66478678716065954/37165}, {0, 20540194174/1381237225, -696249934627602/51333681467125, 1079725597522098009922/1907816271725700625, -88169940802442512253870754/70903991738685663728125, 15726248324235640591323407854274/527029370593650538491153125, -10183701405210383346286995667131251706/97935232790565111315118529453125, 6793391755370150504361572658430232405458018/3639762926661352362026380147125390625, -1178116219073870523619877816428032713824589425458/135271789169369160534710418167915142578125, 654485283863870172476369960591076793012641541753487866/5027376044479604851272512691210566273916015625}}","{35.61394908272403, 0.2032048620702592, 0.041292215968993067, 32054284/37165, Sqrt[10606416419066/345300015], 10606416419066/345300015, 286968759173015007489165257/112496069254632830528312356, -19878360308322264183/(21212832838132*Sqrt[10606416419066]), {32054284/37165, 28787913048/37165, 5348147645588/7433, 25551531083113488/37165, 25005646673792469124/37165, 24973770222341222970768/37165, 5075774486762816388562628/7433, 26177816492877589699526942448/37165, 27350854148230153488226548899044/37165, 28895542755298886550389690932254288/37165}, {0, 42425665676264/1381237225, -79513441233289056732/51333681467125, 4591500146768240119826644112/1907816271725700625, -25639394245460395101657763015412604/70903991738685663728125, 145433378133410137124780796001082585624944/527029370593650538491153125, -6828596410150607311248757898950150491458925434316/97935232790565111315118529453125, 143134134480278128456706666925897771916417246215428867888/3639762926661352362026380147125390625, -1743821912160045204043564293948968813436890942983076197151023068/135271789169369160534710418167915142578125, 31872037944533139818518002211166458626367123783007769914898314355066416/5027376044479604851272512691210566273916015625}}"
"{1.5830728795309221, 0.3629718692508734, 0.13174857786747313, 405247/33726, Sqrt[45549023/2394546], 45549023/2394546, 1263558636443783635881/468107232592428105625, 111036603206324/(2055399662875*Sqrt[2397317]), {405247/33726, 5510909/33726, 81732697/33726, 117855859/3066, 21715641217/33726, 380758631009/33726, 6943991699137/33726, 131090042554049/33726, 231989996335427/3066, 51055816344896609/33726}, {0, 21635785925/1137443076, 27759150801581/9590351295294, 421186212147927878627/431258917046780592, 3014268958623621236046305/5454239338619895842172, 113084676816600443173779574583725/1471597407474356857384742976, 504920083607404838957553061410708437/4135924513706679947679820134048, 1807683237002358294788089031053495946080103/239122611684465407855056480870119168, 77495730492647055589776057323441844175336814345/3528284025730747651077340257298717088736, 178339285500927380519424791933933289992545181924305325/211546501425413680498194448920278280061707264}}","{68.07326502824225, 0.2992543715446903, 0.08955317888860756, 8545533/11242, Sqrt[19618585670867/15165458]/5, 19618585670867/379136450, 741091455574722180807622377/384888903725147976452531689, (-205449798487182864*Sqrt[3/19618585670867])/19618585670867, {8545533/11242, 21232608827/33726, 6263759834215/11242, 17479307132570279/33726, 5621441684411977623/11242, 16709089136245697798927/33726, 5626035531562815030045695/11242, 17292171097396035379104775079/33726, 5968267166279778481403557074823/11242, 18689392469435622801610238995758527/33726}, {0, 19618585670867/379147692, -8560408270299286/177599098061, 247030485191574060269207459/47917657449642288, -1908352201758122576617640299795/5611357344259152101, 4064200201349148739478325835314988283507/6055956409359493240266432, -151200796126617773051636916912912306355290353/1418355457375404645980733928, 11222812918705871216345539391113486704583536193286117/109338185498155193349362817041664, -1149244850771619118793424614942478120448657967724570841475/44813849841624087424139362105607848, 1708461129437981926469399964598895036212216274733090330539044937747/96729081584551294237857544087918738025472}}"
"{1.085350241076638, 0.3162063842658263, 0.0999864774504674, 343321/31628, Sqrt[11784964387/250074689]/2, 11784964387/1000298756, 331644487341719042005/138885385602858285769, 16832373820134/(11784964387*Sqrt[11784964387]), {343321/31628, 4099351/31628, 52604539/31628, 713765947/31628, 10115003851/31628, 148304227171/31628, 2233568999059/31628, 34367567172187/31628, 538052936491771/31628, 8544364027246291/31628}, {0, 11784964387/1000330384, 8416186910067/15819224692576, 331644487341719042005/1000660877153587456, -1573790622348016761962145/7912225555653416014592, 13112602774811352309556972018327/1000991479496824966838063104, -362666355267809188086542885970370143/15829679256762790025577129926656, 622424829874749304094455805813289882313705/1001322191065787045857906930640551936, -7410328073068976907148041347110624329103529865/3958727282378589085799235050287422078976, 32985599006306055834494833012000218034794933654702667/1001653011896560124845265649363924684110823424}}","{35.92489865369825, 0.2267503821078857, 0.05141573578607217, 22098929/31628, Sqrt[25108731744083/250074689]/2, 25108731744083/1000298756, 1422480150868421257871731061/630448409796321331005510889, 6549037481402857398/(25108731744083*Sqrt[25108731744083]), {22098929/31628, 16234709583/31628, 12459352721687/31628, 9926923925129139/31628, 8162939287811069759/31628, 6890795643809921628723/31628, 5943662230140104167865327/31628, 5217800918863155189531424419/31628, 4646885632767359332475198045759/31628, 4187399667584307426926544856295763/31628}, {0, 25108731744083/1000330384, 3274518740701428699/15819224692576, 1422480150868421257871731061/1000660877153587456, -296368992982107444899460406946985/7912225555653416014592, 110097399354657553572043238120080324412903/1000991479496824966838063104, -157589320899508295940281482876428255919748861511/15829679256762790025577129926656, 10420115579088564395500133592413450260522435751760322601/1001322191065787045857906930640551936, -6708674334731949023565085900183139876180714514813984247760625/3958727282378589085799235050287422078976, 1126403345255259076165199672935212583481838938193160165468086779451323/1001653011896560124845265649363924684110823424}}"
"{1.4880609827032238, 0.3632596839166758, 0.1319575979592432, 356663/31628, (47*Sqrt[7598731/250074689])/2, 16785596779/1000298756, 14237309233797042059/5994814026110110103, -255668380066350/(788923048613*Sqrt[7598731]), {356663/31628, 4552741/31628, 63054467/31628, 926026045/31628, 14194463603/31628, 224562899101/31628, 3638081576387/31628, 60027113600605/31628, 1004849214970643/31628, 17019811822888861/31628}, {0, 16785596779/1000330384, -127834190033175/15819224692576, 669153533988460976773/1000660877153587456, -12869063007279900791307675/7912225555653416014592, 39637146954874613547970882995919/1000991479496824966838063104, -3092322574326417822570630403874217885/15829679256762790025577129926656, 2990391584656158410135503656642108638248393/1001322191065787045857906930640551936, -82775534255788933317437623642403238898274827875/3958727282378589085799235050287422078976, 259529853431111585496021901449180627080597115774563059/1001653011896560124845265649363924684110823424}}","{60.704629682092055, 0.2891158927808404, 0.08358799945846239, 11484699/15814, 3*Sqrt[1224974152369/250074689], 11024767371321/250074689, 120825483541296728054005691/40515165197248050764428347, -2461566891831935176/(3674922457107*Sqrt[1224974152369]), {11484699/15814, 9037756323/15814, 7487553049137/15814, 6439455239834319/15814, 5699807230338419049/15814, 5161237335565214304423/15814, 4759679169859208725018737/15814, 4455007507083758506041304719/15814, 4221167462505011216771777409849/15814, 4040728431886463862034463687524023/15814}, {0, 11024767371321/250082596, -2769262753310927073/494350771643, 362476450623890184162017073/62541304822099216, -120383605785546280204789008079125/61814262153542312614, 19719626256256750497261794855615165725161/15640491867137890106844736, -18271870654360742776632385640961020277020245563/30917342298364824268705331888, 1339886301037127556669052207103221849834418346961915233/3911414808850730647882448947814656, -351045623803523702549087091844043221826980230768107792691165/1932972305848920452050407739398155312, 101269252771046972011393308305470576347091636565453610003315691458201/978176769430234496919204735706957699326976}}"
"{0.5911778437479861, 0.21794746288400724, 0.04750109657757571, 70529/5667, 8*Sqrt[671249/5838899], 42959936/5838899, 73325690375574513/27914036029501952, -695705073995/(945118592*Sqrt[14767478]), {70529/5667, 306489/1889, 12459430/5667, 58145255/1889, 837077938/1889, 12344926459/1889, 557791280330/5667, 2852681592615/1889, 133474151948974/5667, 704102500543379/1889}, {0, 236279648/32114889, -695705073995/181995075963, 48883793583716342/343788698494107, -1233523969223333757895/5844751663098313107, 137129829433178976939894538/33122207674778140377369, -746523716283467939452546582805/62567850297655907172850041, 172596303978151049495234916132912746/1063716022910448077845623547041, -4341103318459215680340852622989280314215/6028078701833509257151148641081347, 29970368045923926291887929032122683603271642/3795680222587832995586173261000888161}}","{17.710443885030465, 0.1482120880504296, 0.021966823044268297, 9137879/11334, Sqrt[1834194068885/1061618]/11, 1834194068885/128455778, 1486899818277324915698229/672853576466582425028645, 31506783605746468/(1834194068885*Sqrt[1834194068885]), {9137879/11334, 7529118289/11334, 2110479924239/3778, 5425912979800381/11334, 1577079934207585623/3778, 4191099946732485190189/11334, 1255315980019636469117319/3778, 3427640663522783435272480621/11334, 1051960300516340839630542304343/3778, 2935837050341626666713099839892589/11334}, {0, 1834194068885/128459556, 7876695901436617/363990151926, 2478166363795541526163715/5500619175905712, 16831726297045542999761553685/23379006652393252428, 39025763703034477676752611403215661405/2119821291185800984151616, -17251928598359761587657311410067220675551/2002171209524989029531201312, 228706642841881861977651485616788088297176161419665/272311301865074707928479628042496, -721983839367448951579909474655309689517700073015720595/192898518458672296228836756514603104, 157630688139415399329182590100294550945204315359797501908072125/3886776547929940987480241419264909476864}}"
"{1.782315912974869, 0.34802938261475475, 0.12112445116320736, 68041/4624, Sqrt[5046674231/41615]/68, 5046674231/192427760, 56291720388942187917/25468920793839441361, -41633078414922/(5046674231*Sqrt[5046674231]), {68041/4624, 10102265/41616, 60040951/13872, 3394021433/41616, 22223669263/13872, 79635745105/2448, 9420804579511/13872, 604387092015593/41616, 4402018228896223/13872, 294285657167289905/41616}, {0, 5046674231/192432384, -2312948800829/148301223936, 6254635598771354213/4114469156880384, -2318605131012587882365/1585442115117907968, 10777658193432756845831623571/87973012083662477328384, -5419542405311554737351614800439/67797867979142549194407936, 22671991367678190555614271397167692993/1880984049213330884849653776384, 966278351069373653690671477973581518595/362402926815101750481033294249984, 54436903833372015026060070926440655643678819311/40218027206232731861383150862686224384}}","{71.97596765704252, 0.2728054888304635, 0.07442283473602815, 40247753/41616, (23*Sqrt[32555572601/5945])/204, 17221897905929/247407120, 4255718154993276629113472091/2076156372375691727333471287, -612310035709678124414/(2772725562854569*Sqrt[227889008207]), {40247753/41616, 4646810273/4624, 45695867162315/41616, 5745486851627733/4624, 59988643550336897003/41616, 7874722404019919516893/4624, 84891598589305591456796675/41616, 11420043284141113612832543093/4624, 125511656051464153813477122614843/41616, 17150090283458436405161268039017613/4624}, {0, 120553285341503/1731891456, -306155017854839062207/36037197416448, 9930009028317645467931434879/999816005121933312, -87699256428681626680125455307019135/31206257151865782534144, 10337488152524185971711955569197203271521723/5194718390528185623763746816, -29463593685453934685452572130976671231884607841599/36030566756703495486425347915776, 4367578371824885512070567500600057743332660407814859711737/8996688396881836008978463673177604096, -11000128866417541944653504497063770953026411486139572446063604735/46800773040579310918705968027869896507392, 227788033357822134207426474059538856420857518697525394435125247548913727/1731254196317109869504771169286963211601444864}}"
"{1.068789525771356, 0.29183751386136714, 0.08516913449678365, 487379/38838, Sqrt[20230409633/1508351406], 20230409633/1508351406, 1485295467597207200769/409269473918979194689, 1915997313994000/(20230409633*Sqrt[20230409633]), {487379/38838, 2212341/12946, 97631765/38838, 514814873/12946, 26142233669/38838, 156860216401/12946, 8942306830685/38838, 59314448712153/12946, 3678269244778709/38838, 26135601894177761/12946}, {0, 20230409633/1508390244, 239499664249250/7322857537059, 495098489199069066923/758413709398126512, 12127482830320231650159955/2761431716775416013099, 194521094408304980849838378906913/3431951520515955427735646784, 1508817042641649871684225155560673205/2776877774037472435466605204104, 32967852903253807830878668733131615417631489/5176722191427233013535296620015575296, 217329309877622631400821498647064716010822215095/3141461507353919934057560158252576771032, 695637616692493049825977195867531854096019883845212377/867613027716348745947929041253074322725979136}}","{33.20109093623378, 0.2003267273287181, 0.04013079768223457, 32131531/38838, Sqrt[41431384716533/1508351406], 41431384716533/1508351406, 597585380683502972001413679/245222805647052036680505727, 127161457701844124/(41431384716533*Sqrt[41431384716533]), {32131531/38838, 9216632071/12946, 24640582980961/38838, 7549269483601483/12946, 21393827622434115721/38838, 6903254743090857556651/12946, 20495053739025384980025241/38838, 6897853924802735532757173883/12946, 21279529531188846140205147717961/38838, 7416465929191314192011567311224331/12946}, {0, 41431384716533/1508390244, 31790364425461031/14645715074118, 1394365888261506934669965251/758413709398126512, 1087149048753108852281109894847115/11045726867101664052396, 556566107643781308577859881697393055732733/3431951520515955427735646784, 226316169210823311843105999082416197442325036847/11107511096149889741866420816416, 85968222624990110343343826601435507209237742597189636113/5176722191427233013535296620015575296, 40526485549815644198087600055172546326755970497074707415209875/12565846029415679736230240633010307084128, 1627230529930993253556822964197365043839993582592834521684727410011037/867613027716348745947929041253074322725979136}}"
"{0.9770772272589217, 0.2892534460418497, 0.08366755604708527, 84853/7266, Sqrt[3011962333/263966514], 3011962333/263966514, 30809303091246656265/9071917095410802889, (-48592208071592*Sqrt[5/3011962333])/3011962333, {84853/7266, 255673/1730, 2041789/1038, 329320547/12110, 2820143611/7266, 69003472011/12110, 623535397939/7266, 2288549611621/1730, 21621060418333/1038, 4049147640092411/12110}, {0, 3011962333/263973780, -6074026008949/239754185685, 2053953539416443751/4645477101832560, -2604651427202860439777/1265776373321826786, 18420003817361531765118972173/735770490284511474166080, -34900463859324951160960594714453/222754515933635848803780720, 9219307635855014437772267752984300339/5549260500938736265399785296640, -21253365250905072421782618673047871200833/1764040547492162524567274248485648, 27302466321319641774911136304441406198470961557/227866997654720940506770038924386104320}}","{31.964254945394583, 0.20517258725882107, 0.042095790562478544, 4597694/6055, Sqrt[5338977527354/219972095], 5338977527354/219972095, 21295670721537681801948963/7126170259397757954560329, (-2612551016985803466*Sqrt[3/2669488763677])/2669488763677, {4597694/6055, 10914262447/18165, 2961903187856/6055, 7379348482446511/18165, 2072343868528199624/6055, 5295313214903280025687/18165, 1516655246137147828999976/6055, 3938580674282207686837178911/18165, 1143882360337369795203270442664/6055, 3007742425884620804838550255141927/18165}, {0, 2669488763677/109989075, -870850338995267822/221994616375, 7098556907179227267316321/4032532206451875, -4004995727798560497856751638154/8138994170022034375, 5409463018524811954606375349357402537/29568965819690050884375, -17948512450724579347678920968482926583784246/298400146730372096841484375, 16895979628923344291382933609930585154834476999967/774348380765315591303651953125, -83764992858021504184063650334366033988506823562339996098/10940252039579300445801762677734375, 555249981257912864814430623677464348265430599651464284159325573/198729678298957992597989019041044921875}}"
"{1.202875133088958, 0.31201897097099357, 0.09735583824579773, 69833/5652, Sqrt[474756143/31944162], 474756143/31944162, 704618560937698269/225393395316236449, 7039428323650/(474756143*Sqrt[474756143]), {69833/5652, 236704/1413, 1554929/628, 55861436/1413, 3811288253/5652, 1906331461/157, 1290130370761/5652, 6270517131346/1413, 166841919599111/1884, 2548486946159519/1413}, {0, 474756143/31945104, 3519714161825/90276863904, 234872853645899423/340163223190272, 5632592806120189242065/1441951903103563008, 1571666753441477140173863563/32599648625365352484864, 11330453652128509224260845503425/30708869005094162040741888, 4278431967636840524056039334575989689/1041399165700753223125638905856, 26830454638167457206262187730349680613745/735748510567582152138263886987264, 1454344379012306066990444094301565303653035887/3696400517091532732342637768224014336}}","{46.81136092798192, 0.24164583372725398, 0.05839270895773968, 13593023/16956, Sqrt[10788918696035/31944162]/3, 10788918696035/287497458, 362824865456569741765892949/116400766629653564724721225, 32636533442428255642/(10788918696035*Sqrt[10788918696035]), {13593023/16956, 11533332919/16956, 10379560237559/16956, 9895120581999859/16956, 9943810587675720503/16956, 10455397769482428117619/16956, 11406144148019563148652239/16956, 12808207176716700010025587939/16956, 14704586776904931807298025360903/16956, 17167801465133303379423003479385619/16956}, {0, 10788918696035/287505936, 16318266721214127821/2437475325408, 120941621818856580588630983/27553221078412032, 487602673940305867795680900216545/350394312454165810944, 16916210988743963069974195753164327985495/23765143847891341961465856, 18558724972731108314768430040394498634659800757/67160296514140932383102509056, 893728144079466127667597240738506884228997298573784809/6832619926162641896927316861321216, 800006267179798820797589526187009707039994106333445561711305/14481737933501719500537448087570317312, 5557759618273146003695674784463212556709116740732674875046782129395/218268754133737916312100417575859822526464}}"
"{1.5689769226218953, 0.3570415745913217, 0.12747868598665033, 412753/33536, (13*Sqrt[128504519/4393085])/16, 21717263711/1124629760, 146369558167994878193/36279964853316730117, 1599682255153890/(282324428243*Sqrt[128504519]), {412753/33536, 5727645/33536, 87857371/33536, 1478583969/33536, 27077926723/33536, 533416745505/33536, 11148035902771/33536, 243791760601809/33536, 5512231086971203/33536, 127654214531468865/33536}, {0, 21717263711/1124663296, 799841127576945/18858354147328, 1902804256183933416509/1264867529369583616, 86652987299322095788185105/10604649366234589036544, 256453610969578653477390295520411/1422550084584172711718158336, 32489767489796716849282670009021321235/23853319818307408030090078978048, 39366556099606655798821134979646475886571129/1599889866853514471394201777215635456, 1474625656846292373099536581797475998266287129425/6706738321849932664084493850087943831552, 6419267967220721187466524506396670160822691044825917911/1799337410892474734581900686052394274679422976}}","{36.17896290153717, 0.21739786841053607, 0.047261833189444755, 25671829/33536, Sqrt[31146642296903/4393085]/16, 31146642296903/1124629760, 539622745804628942630014571/138587618053032426800484487, -71002994959402083750/(31146642296903*Sqrt[31146642296903]), {25671829/33536, 20580553629/33536, 17113215192175/33536, 14688065792291361/33536, 12974491031083647079/33536, 11770644145274746251969/33536, 10948483825050268537886455/33536, 10425692857750219203348044241/33536, 10149934891217656859407486674919/33536, 10089507804416965580594931180130209/33536}, {0, 31146642296903/1124663296, -35501497479701041875/18858354147328, 3777359220632402598410101997/1264867529369583616, -6447683427950076851673362255730555/10604649366234589036544, 781691891484634756384251726904419948134003/1422550084584172711718158336, -3905911122300133885581873659201555909388618753705/23853319818307408030090078978048, 193105049225600380469068096352217388292779683432897477977/1599889866853514471394201777215635456, -291059711603404789484739799467233521910915122118811864577195275/6706738321849932664084493850087943831552, 51595168019248827030751195504142180631884848943930711379885884339241503/1799337410892474734581900686052394274679422976}}"
"{0.5038042614426093, 0.19736016479358628, 0.038951034647351536, 508098/39283, Sqrt[5027741237/771557403], 5027741237/771557403, 128034089880813855347/50556363892460580338, -13051235692893/(5027741237*Sqrt[10055482474]), {508098/39283, 6827866/39283, 94918458/39283, 1359742402/39283, 20003809818/39283, 301310559346/39283, 4634680953738/39283, 72631881063682/39283, 1157324007092538/39283, 18716534118327826/39283}, {0, 10055482474/1543154089, -26102471385786/60619722078187, 256068179761627710694/2381324542397419921, -1541161105309820426626290/93545571998997846756643, 8903229689290981828022568887974/3674750704836632414141206969, -59280702576458447793890917069925346/144355231938097431124709033363227, 359359210007220785003093527916173657620214/5670706576224281386871944957607646241, -1523233091231283942904902567507898775130793650/222762366433818445720490613769701167285203, 15867729464349025903830616309630810969953104815619974/8750774040619690003238032780715170954464629449}}","{9.13892039725718, 0.10506225215630752, 0.011038076828155543, 32524163/39283, Sqrt[1946002367811/257185801], 1946002367811/257185801, 20617114169189230214496677/7573850431052037057863442, (-353095903000786225*Sqrt[2/648667455937])/5838007103433, {32524163/39283, 27225445945/39283, 23030602916489/39283, 19678617537687733/39283, 16976374455119232713/39283, 14779606481459635328365/39283, 12979510205227062192515729/39283, 11493268172690147070947227093/39283, 10257281218284600826924585834553/39283, 9222294223268634686195060202954685/39283}, {0, 11676014206866/1543154089, -4237150836009434700/60619722078187, 371108055045406143860940186/2381324542397419921, -446159884870329938786636252458980/93545571998997846756643, 14780665930605869279290040254766625596226/3674750704836632414141206969, -30920117616227470002373123289752428024135712380/144355231938097431124709033363227, 652754570454506587473141806103904504855699254417745386/5670706576224281386871944957607646241, -1892221322894270431805273910608816592550912451149383159513300/222762366433818445720490613769701167285203, 30718140922128116432671460824855880115159038130811258103579717727186/8750774040619690003238032780715170954464629449}}"
"{0.7739749789214229, 0.26321402515327985, 0.06928162303739144, 400831/35880, Sqrt[11130855719/321834630]/2, 11130855719/1287338520, 9997641490162118673/4272274104730862309, -291043831760458/(11130855719*Sqrt[11130855719]), {400831/35880, 1596027/11960, 4630381/2760, 262437599/11960, 10623405241/35880, 48989557447/11960, 159624505141/2760, 9933552260799/11960, 434143688925961/35880, 2134312120966967/11960}, {0, 11130855719/1287374400, -145521915880229/23095496736000, 96643867738233813839/552444281925120000, -5498007553315303488887549/14866275626604979200000, 2265882444757715689509439050359/426721575586069322956800000, -262276512685429321723431038406669269/12758975110023472756408320000000, 592039639529406984858131623565348117604953/2746752161685853214999583129600000000, -14526904483070467648882126930389118882293033389/12319183445161051669273130336256000000000, 4184044572716264635487171174543678630204100040902599/392899824011003141238684370190991360000000000}}","{27.051275490557963, 0.19084902272270898, 0.03642334947421309, 5329547/7176, Sqrt[5172712892587/64366926]/2, 5172712892587/257467704, 71376850059273624345533205/26756958669135768599552569, (2168631188421206966*Sqrt[5/5172712892587])/5172712892587, {5329547/7176, 20511854657/35880, 1257445212571/2760, 13465881622060577/35880, 2288472207504129251/7176, 10005926449461918811937/35880, 8982162983232618440289583/35880, 8256491685323657306872762337/35880, 119267410094093115142508697455/552, 7417967403096241095323655994698017/35880}, {0, 5172712892587/257474880, 1084315594210603483/923819869440, 4758456670618241623035547/4419554255400960, 801991301467421869706301762863/4757208200513593344, 59952276191750231691068622889588864247/682754520937710916730880, 17364388802540214101980658666877947196822331/816574407041502256410132480, 312610676173522039149126900358660911088239239618461/35158427669578921151994664058880, 16646329600530079594410156061470668278170424875733396367/6307421923922458454667842732163072, 202758602222694797471332068801283159127995789323919129963730923/201164709893633608314206397537787576320}}"
"{0.578965143453819, 0.2081646710446108, 0.04333253027111103, 246617/18458, Sqrt[2635410703/340688535], 2635410703/340688535, 18305494480060307629/6945389573486954209, 1865383363746/(2635410703*Sqrt[2635410703]), {246617/18458, 1718912/9229, 24876754/9229, 372175445/9229, 5735059816/9229, 90747576317/9229, 1470626247664/9229, 24352528155185/9229, 411212131975456/9229, 7067227785373397/9229}, {0, 2635410703/340697764, 932691681873/3144299663956, 18305494480060307629/116074966394599696, 35785706275235732489805/535627932427880297192, 178682369164028273955025493083/39546481507015258102279744, 1498431797679513343684613612319003/364974477828243817025939757376, 2074004239158958367171820270902544184729/13473397823507448749329592083292416, 6357018062130692297513393923909815768632325/31086497128287561126890701334176426816, 26703264072957617511945347071383658664289829119463/4590356511951454426241188521809827889357824}}","{8.131619868996776, 0.09695529031869116, 0.009400328320781687, 31933659/36916, Sqrt[9585805760563/340688535]/2, 9585805760563/1362754140, 227132567734525930084657717/91887672079242794886076969, -16163975547136354038/(9585805760563*Sqrt[9585805760563]), {31933659/36916, 27883421359/36916, 24557534406057/36916, 21799791522174043/36916, 19491789965159643009/36916, 17543043999422720626459/36916, 1443984553301943977396307/3356, 14459977832255048513110893163/36916, 13229053873763386538088472521729/36916, 12157548286497971755032016197627259/36916}, {0, 9585805760563/1362791056, -8081987773568177019/25154397311648, 227132567734525930084657717/1857199462313595136, -231312032153710665228056971967895/17140093837692169510144, 8203443905638594196959942897126260448903/2530974816448976518545903616, -24191576158202917498727799833439364104774309849/46716733162015208579320288944128, 380923078191376561270946139701841791810153730864730537/3449189842817906879828375573322858496, -329899097425628141720405001511689658903088683656384450147855/15916286529683231296968039083098330529792, 20392399589198591744390101482479274999003990023067363937836660438043/4700525068238289332470977046333263758702411776}}"
"{1.693234916947797, 0.36581125547036486, 0.13381787462880454, 24889/1967, Sqrt[55261414/2579299], 55261414/2579299, 6200858605415725/2290367907959547, -3662405677/(952783*Sqrt[82892121]), {24889/1967, 2499482/13769, 5502193/1967, 624261602/13769, 10519129963/13769, 3731431838/281, 465633587593/1967, 59328812092682/13769, 156972484457269/1967, 20649018392357942/13769}, {0, 82892121/3869089, -6502638651/155316287, 18602575816247175/14969849689921, -176408495315289808035/29445694340074607, 6027488440574235183237771/57919680766926751969, -86539263476644854201958519479/113928012068544921123023, 336428207948346391298564369137185/32013771391261122835569463, -41354240710694633532782483243353196955/440797618286274400322955936047, 144847437206171844360839623719957654746853/123864130738443106490750618029207}}","{58.43770023168807, 0.2728115516025008, 0.07442614268776396, 10811103/13769, (2*Sqrt[4349303902445/7737897])/7, 17397215609780/379156953, 2931361257874516167678688/756657777432932243079121, -33158313410837240253/(8698607804890*Sqrt[8698607804890]), {10811103/13769, 9120383171/13769, 7978292578644/13769, 7133120453861945/13769, 6473649427842136248/13769, 5941691813180388011921/13769, 5503026978293923974001584/13769, 5135775767135702810754383825/13769, 4825054344557877124603665292728/13769, 4560248391236411772752062547337521/13769}, {0, 8698607804890/189585361, -33158313410837240253/2610400835609, 293136125787451616767868800/35942609105500321, -2015700420388198520888412480121665/494893784773633919849, 16156695217575568647390579157419773073640/6814192522548165442400881, -127248734881775895821721240423846130232103414153/93824616842965689976417730489, 148495560105454610174171243656700046606105106900327240/184553021330113512183613675871863, -8548432005841994570639979974659704800079043405590444338601825/17787773854860330644793236921557771529, 71201351887005597772226758929964653023144063261386583974660947806440/244919858207571892648158079172928956182801}}"
"{1.4634510007068395, 0.40432601339891355, 0.16347952511105843, 205616/22969, Sqrt[575939713/43962666], 575939713/43962666, 10213363071703516559/3980478636126268428, -10472883132707/(575939713*Sqrt[1727819139]), {205616/22969, 2141548/22969, 24081656/22969, 285233812/22969, 3512992976/22969, 44626732828/22969, 581444772536/22969, 7737600512932/22969, 104830094888096/22969, 1442203483638508/22969}, {0, 6911276556/527574961, -251349195184968/12117869279209, 122560356860442198708/278335339474151521, -10268214112326874140668400/6393084412381786285849, 3076658635822649401956705204156/146842755867997249199665681, -375376427266855946170009304420836488/3372831259532028816867121026889, 91429976386553305245131864913316252144068/77470561200191169894620902866613441, -13584417553308752322022613010599594636209013280/1779421320207190981309547517943244126329, 2991456709278489915980712269843992225881036013302156/40871528303838969649698996939638374337650801}}","{58.266919497290445, 0.31704271810384593, 0.10051608510267472, 13314614/22969, Sqrt[2969768303065/21981333]/2, 2969768303065/87925332, 188553047584847318326341877/52917142643337418130365350, (-6600902177877562234*Sqrt[2/8909304909195])/2969768303065, {13314614/22969, 8493950794/22969, 5673001689356/22969, 3902805170174830/22969, 2745887580233796524/22969, 1967983207849631621974/22969, 1433127877408977788199236/22969, 1058431457821845560089587790/22969, 791616215535974411374294904444/22969, 598843515712208095856552531242054/22969}, {0, 17818609818390/527574961, -79210826134530746808/12117869279209, 1131318285509083909958051262/278335339474151521, -9653613753272850300254960598601080/6393084412381786285849, 112195946446633401260214877802424153315870/146842755867997249199665681, -1168522433657078086438942522254412755676363989528/3372831259532028816867121026889, 13373341843339161681801885591953004412599558304903374942/77470561200191169894620902866613441, -150018279197157504713419991982666178784225723146871207035731000/1779421320207190981309547517943244126329, 1740987920778211142945132320622931685336003971121505575139773499013150/40871528303838969649698996939638374337650801}}"
"{1.5823535536522984, 0.370634272625221, 0.13736976404442663, 373801/32451, Sqrt[9596849653/21060699]/5, 9596849653/526517475, 735933194060183901183/184199046524572440818, 450145197363169/(9596849653*Sqrt[19193699306]), {373801/32451, 1632419/10817, 70892257/32451, 374885235/10817, 19395480961/32451, 119820243379/10817, 7060969005217/32451, 48336721130675/10817, 3077433392208961/32451, 22294937066201139/10817}, {0, 19193699306/1053067401, 900290394726338/34173090229851, 490622129373455934122/369650317016298267, 176886934649816718829020490/35986567312487685187251, 164725626294310566200918006537806/1167800095857537872011482201, 9530952219610970901051511844249157806/12632093636890987161548202968217, 21265661991046608776237288176153850726357006/1229772211832248273138202203564829601, 4491641298500897311553031158721055128817615480490/39907338046168288711607799707882285382051, 327663430406620208810513309655808500991635810777682334/143892558548467459664487189813387560325881889}}","{61.33769000963301, 0.2801479551381099, 0.07848287676806445, 25361830/32451, Sqrt[25240195180861/21060699]/5, 25240195180861/526517475, 4953499918358024777747397465/1274134905535917697001402642, (-13749105778814090605*Sqrt[2/25240195180861])/25240195180861, {25361830/32451, 21376931722/32451, 19086267874360/32451, 17934683465399830/32451, 17644648904424652600/32451, 18073031251364483630542/32451, 19156601291789518705397680/32451, 20886789136125408882472407670/32451, 23297593828252776300964375074760/32451, 26460560617223512638082712454418462/32451}, {0, 50480390361722/1053067401, -54996423115256362420/34173090229851, 3302333278905349851831598310/369650317016298267, -63593911899044134965385015623536900/35986567312487685187251, 3014588822476586967374877843627931323127042/1167800095857537872011482201, -12746882799291980105821819758949590077597678464780/12632093636890987161548202968217, 1158858056678325501379130283535763746765531419364476904370/1229772211832248273138202203564829601, -19914111771053949348083530433231531819926435843923394484349803140/39907338046168288711607799707882285382051, 55954280493161180997818955898334861823059714488484073218043452682833618/143892558548467459664487189813387560325881889}}"
"{1.4228032025602415, 0.3818653150217193, 0.1458211188166369, 256087/26246, Sqrt[9562665041/688826270], 9562665041/688826270, 222000008402191136801/91444562686363531681, 128298170570904/(9562665041*Sqrt[9562665041]), {256087/26246, 2863035/26246, 35231413/26246, 465550623/26246, 6491514757/26246, 94309730775/26246, 1414650273133/26246, 21767734427103/26246, 31091088494207/2386, 5467725214627815/26246}, {0, 9562665041/688852516, 16037271321363/2259952891867, 222000008402191136801/474517788799530256, 286098862213872387048135/778387117802029443686, 7083933308155927207959971636081/326872772701313036463724096, 24897412707334850856457751854050993/1072387849039832744378362827952, 261877668301836400346840047681333038276161/225167131887195601671636086259425536, 314567108273484128228829168862529274572283375/184679266984729242546055022498902581808, 10482062431508508300338258790813629772073830653080721/155106945320998518395640323856198309188248576}}","{54.340261625767084, 0.2960258462213912, 0.08763130163109076, 8137586/13123, 2*Sqrt[2901375250899/344413135], 11605501003596/344413135, 10890447837881130135400741/5611985564352823466872134, (28401546368670696*Sqrt[6/967125083633])/967125083633, {8137586/13123, 5488307278/13123, 3957636898124/13123, 3004183135714522/13123, 2370011925303271976/13123, 1924286194848113959078/13123, 1596616533393500941558364/13123, 1346944786813127799888878482/13123, 1151224791009555377555189416016/13123, 994290257468221467596349732782878/13123}, {0, 5802750501798/172213129, 1022455669272145056/2259952891867, 65342687027286780812404446/29657361799970641, -1275382380112441842282169378980/389193558901014721843, 985675612939298141075699529578558329818/5107387073458016194745689, -607368962225929823112829970403372214136725584/67024240564989546523647676747, 17469626932739221613746076490864940508920448427371046/879559108934357819029828461950881, -24416429040248394787873250055797668574874965451041458375740/11542454186545577659128438906181411363, 343181324190010529744567684241160880808523122102315966838534307538/151471626290037615620742503765818661316649}}"
"{0.8325473653458652, 0.2751736387923894, 0.07572053148624437, 307959/28009, Sqrt[3590491919/10895501]/6, 3590491919/392238036, 113000192050637316947/25783264440808605122, (-20812797701781*Sqrt[2/3590491919])/3590491919, {307959/28009, 98443/757, 45579801/28009, 600916771/28009, 8335618449/28009, 121460295331/28009, 1853350155441/28009, 29476274909491/28009, 485822830345329/28009, 8247598392093571/28009}, {0, 7180983838/784504081, -83251190807124/21973174804729, 226000384101274633894/615446653105654561, -6124151871354422003717220/17238045306836278599049, 10334798061875121492032933065798/482820410999177327280763441, -459472096164009702470603870431181364/13523316891675957759806903218969, 530599826895617931885095273129855175075334/378774582818951900894431552260102721, -33593553530414039799535687649410052727844086660/10609097290176023792152133347253217112489, 28784449184326434084291168801163957190258339833817158/297150206000540250394389102923215358103704401}}","{34.16058974287876, 0.21840263897566928, 0.047699712711536536, 20058904/28009, Sqrt[4797938379631/21791002]/3, 4797938379631/196119018, 366731157821258028503749855/92080850778944583502784644, -14332761717486390663/(9595876759262*Sqrt[4797938379631]), {20058904/28009, 15050568860/28009, 11686948461700/28009, 9333750230517212/28009, 7639452562698069124/28009, 6392310716061841527260/28009, 5457578018464175938012180/28009, 4746172774541850229434437852/28009, 4197497588789693828015826818404/28009, 3769379739173389339604760546864860/28009}, {0, 19191753518524/784504081, -57331046869945562652/21973174804729, 1466924631285032114014999420/615446653105654561, -11119522691691423144097630086831900/17238045306836278599049, 185447426799970563427152606116320842021244/482820410999177327280763441, -1993152160735730928013236147987697486507698422412/13523316891675957759806903218969, 28924250887742983206977121410756926207472637367063051900/378774582818951900894431552260102721, -357969914557549631698375668184749632908290513547900998769052220/10609097290176023792152133347253217112489, 4970364843613322562878374913360441054809529290007967458116047329648764/297150206000540250394389102923215358103704401}}"
"{2.404225495994502, 0.43266566429753683, 0.18719957706202883, 97171/7566, 8*Sqrt[55234939/114484929], 3535036096/114484929, 9843404570085105447/3124120050005730304, 42629340789713/(7070072192*Sqrt[110469878]), {97171/7566, 2963183/15132, 25773583/7566, 996066311/15132, 10462354381/7566, 469146982523/15132, 5527654902403/7566, 270509913062591/15132, 3405220779088201/7566, 13480154727535151/1164}, {0, 441879512/14311089, 42629340789713/433110797496, 3281134856695035149/1092305431284912, 298108867810043546615885/12396574339652466288, 43112565517098315691440079499/93792481453810559935008, 2515981994920417849511150114056841/473089276453020464312180352, 941608216852010987120487165079310827757/10738180396930658498957869629696, 24238884392117968731877479769423198689292805/20311268220794340550778810404569984, 321553799919320838327591469429571942811632618243/17075006150947775623021386613441833216}}","{73.84196437294374, 0.30331826912561455, 0.09200197238535873, 24290275/30264, Sqrt[54280976381135/228969858]/2, 54280976381135/915879432, 319357866232925403300230349/173319082169960924751993425, 69012194740954715486/(54280976381135*Sqrt[54280976381135]), {24290275/30264, 21289268965/30264, 20041493340991/30264, 19929056440505557/30264, 1588218318894765115/2328, 22061394924249662142565/30264, 24141073190835658765277551/30264, 26921855385469260016426589557/30264, 30492022103956493411295219744415/30264, 34987418292576721022489746307864965/30264}, {0, 54280976381135/915909696, 34506097370477357743/13859545519872, 1809694575319910618701305311/279630190408937472, 4639928090956882885473821677045855/6347046061902062739456, 721673900851212399752158422707491730707435/768348008069616106987585536, 641264663344680353019563428160959828210861988431/3875547352703143643645381443584, 113563785139454201963775007623346527234521971632973220153/703737390493247635387702944051757056, 95354249520778398049488103475767454077836431575255683418365055/2662238548235955804671680237347796942848, 2188104866177905000675354285119404112976990866260868092280836997315215/71617766598944859086741093958305534825201664}}"
"{1.045745584689824, 0.30164049905314566, 0.09098699066903077, 385579/33548, Sqrt[13526738707/281358689]/2, 13526738707/1125434756, 685322276746760577013/182972660047452031849, -747793989739254/(13526738707*Sqrt[13526738707]), {385579/33548, 4834801/33548, 64172011/33548, 892579681/33548, 12942819739/33548, 194960332801/33548, 3041477150731/33548, 48996592063201/33548, 812621056679419/33548, 13833505515096001/33548}, {0, 13526738707/1125468304, -373896994869627/18878605331296, 685322276746760577013/1266678903308636416, -22927070567612922373301175/10623635962049533620992, 55096324023698557566939886601767/1425606957019351015668158464, -5449399185957013612245934007352949017/23913131097042593936817690075136, 5384134051591620912615566737179950013454633/1604475444087169882784719733281325056, -163078084371401816947634963822573054107326324975/6728367774779546903457722201515236622336, 576062281056699697280541611364055977373418342730210427/1805786256866433916137597315331465265649025024}}","{37.15232442595489, 0.22220609896890586, 0.04937555041897919, 25242983/33548, Sqrt[31461567313691/281358689]/2, 31461567313691/1125434756, 4153883260104836845026732197/989830217833909925996043481, -226852787369640854622/(31461567313691*Sqrt[31461567313691]), {25242983/33548, 19931732385/33548, 16207239333731/33548, 13442937091778649/33548, 11314220777300296043/33548, 9632221864342468322625/33548, 8277553190333699095907891/33548, 7170152598779082815906901609/33548, 6253935625878889512421656808763/33548, 5488278050061383786219676861946065/33548}, {0, 31461567313691/1125468304, -113426393684820427311/18878605331296, 4153883260104836845026732197/1266678903308636416, -14348344938932679885865531536766275/10623635962049533620992, 939441779567225364609247495442556455672351/1425606957019351015668158464, -7503282734750003385310666583412632072930148018501/23913131097042593936817690075136, 248689676406571472610129445572766198818476255861956222217/1604475444087169882784719733281325056, -517385614366143235947198800409522770334137625818269691311204395/6728367774779546903457722201515236622336, 69730569343743290405050938995669368299914697563628720982231059404189411/1805786256866433916137597315331465265649025024}}"
"{1.633529235919718, 0.37697309985802097, 0.14210871801656544, 374953/32619, Sqrt[9989208478/531983271], 9989208478/531983271, 228386002416027325629/99784286016947076484, 135607128240787/(4994604239*Sqrt[4994604239]), {374953/32619, 1640845/10873, 71684557/32619, 376092549/10873, 18816477373/32619, 109283202965/10873, 5909788507117/32619, 36484643430469/10873, 24968585832911/393, 13320832792167285/10873}, {0, 19978416956/1063999161, 1084857025926296/34706588632659, 304514669888036434172/377364738202901307, 121489133483305952068290040/36927781186321313199099, 61095200570020855620842544370516/1204547294516614915241410281, 4116033628347235148284702188709553432/13097042733279153973419853985313, 5047819655715831956671079536530713861145236/1281637310750498170376946651440774241, 1270408974135918221859468620018822100046408281560/41805727439370499819525622823346614967179, 52515894212085072720454843815869868413184910846352564/151517891482758481512567365652749248179379089}}","{47.344810829593115, 0.2543118368127313, 0.06467451034306526, 7959552/10873, 5*Sqrt[245837615045/177327757], 6145940376125/177327757, 141569257507025229777349581/75545166213767012940031250, (4449906891575380857*Sqrt[3/491675230090])/30729701880625, {7959552/10873, 18610805194/32619, 39069786754/83, 13296393743546542/32619, 3992118876919035942/10873, 11128769816740057040374/32619, 3532452340027033314404974/10873, 10288216196874215899069478542/32619, 3381255446329444351601403604502/10873, 10128064980026443280777401269074854/32619}, {0, 12291880752250/354666387, 2966604594383587238/1285429208617, 94379505004683486518233054/41929415355877923, 54717315272401948887125149503590/151966177721486885593, 978462601858381911611323641819373128070/4956984751097180721158067, 842069710080174363372973868854827781520829518/17965765066226548660383887497, 12013656100132874805978694286297563525701600910987774/586025290695243790753062026264643, 12628209938329929331408884155869553932049248919368910574230/2123950995243128578952681137191821113, 163288234010979658429498525258179408421739220358720933365246579190/69281157513835611116857506014060012884947}}"
"{0.8796448381855805, 0.2572190273820343, 0.0661616280473597, 460579/34642, Sqrt[14034660505/133337058]/3, 14034660505/1200033522, 110184974009153991869/39394339098121371005, -137234045878656/(14034660505*Sqrt[14034660505]), {460579/34642, 6528713/34642, 97460287/34642, 1519307345/34642, 24574935439/34642, 410264818433/34642, 7036947846607/34642, 123521447012945/34642, 2211408034260559/34642, 40263813993413153/34642}, {0, 14034660505/1200068164, -17154255734832/5196595167161, 550924870045769959345/1440163598246330896, -760906897374732006537510/1559067105326543590601, 31028751828304931462115165833545/1728294485207107938099194944, -43647056136252123468562838669343759/935493399321009893619254863282, 2129353220224409352402365245148026461366625/2074071189713819183024526526324162816, -2319333642623144926964565207571880406510623505/561327923078641594830747249413450377124, 167306978769043647445097451363638866732742312543854585/2489026804645158672400223515415135739434189824}}","{30.83477281421532, 0.18788147903660113, 0.03529945016498079, 30260477/34642, (35*Sqrt[26385835733/133337058])/3, 32322648772925/1200033522, 312854060976665341147174367/149250517671124286887579375, -9479521260134457468/(1131292707052375*Sqrt[26385835733]), {30260477/34642, 27366177387/34642, 25527073897985/34642, 24466236071993307/34642, 24004562808553260737/34642, 24025983065838484918107/34642, 24456083912312913419296145/34642, 25248853518529961634918741147/34642, 26378392523677956102781642655777/34642, 27833714532399338279966269340280027/34642}, {0, 32322648772925/1200068164, -2369880315033614367/10393190334322, 2189978426836657388030220569/1440163598246330896, -484286265713055071702867023614675/6236268421306174362404, 186735207699047877062529021078230186328725/1728294485207107938099194944, -159788818937402374234645299320908922799507187797/14967894389136158297908077812512, 18297825438557746864902267881900914145657296550881452209/2074071189713819183024526526324162816, -5642850716041031437669950090153614021881207782858954109850235/4490623384629132758645977995307603016992, 1974788028677630304889347953001987324411917001459084495839124763618925/2489026804645158672400223515415135739434189824}}"
"{1.0544649853632126, 0.29250561810609677, 0.08555953662362972, 434963/35293, Sqrt[4046697655/311390139], 4046697655/311390139, 21749416995059783569/6550304764392999610, 69843276491943/(1471526420*Sqrt[4046697655]), {434963/35293, 5819273/35293, 84257177/35293, 1312801349/35293, 21823568753/35293, 383059323893/35293, 7024014270977/35293, 133258832407349/35293, 2594977043604593/35293, 51545814449084213/35293}, {0, 16186790620/1245595849, 1536552082822746/43960814298757, 869976679802391342760/1551509019046030801, 170935412224836509861496570/54757407809191565059693, 68634527965721685974172978265840/1932553193809797905651745049, 17664774067524178041088339997101192866/68205599869129197484167038014357, 6300657799634229006411691860912790372823080/2407180236181176766808707272640701601, 1827114628214667140569483603126299231963944057130/84956612075542271630979705773308281604093, 622054011251599267071625224787385825710642149696331360/2998373709982113392672166755857369182653254249}}","{35.34817478896052, 0.2094777295460113, 0.043880919175751855, 28430196/35293, Sqrt[17733445414591/622780278], 17733445414591/622780278, 2368484806953865788847678471/628950172544557127751394562, (51380552284319779650*Sqrt[2/17733445414591])/17733445414591, {28430196/35293, 23906806886/35293, 21042106533648/35293, 19413232526584310/35293, 18762538270506506616/35293, 18942522115577366779406/35293, 19883218315239774097878048/35293, 21573349177197194204483384390/35293, 24050215550955724431398832850056/35293, 27395440339442849784931976129624126/35293}, {0, 35466890829182/1245595849, 205522209137279118600/43960814298757, 4736969613907731577695356942/1551509019046030801, 51864515006664548768368801842749760/54757407809191565059693, 890721275966184474365890187478619946576342/1932553193809797905651745049, 11969685667500603563466552011395385784600538201560/68205599869129197484167038014357, 189814089147787302302819500330882301498135310654031499582/2407180236181176766808707272640701601, 2760749586736267402818120201741534429146308236270822447061748400/84956612075542271630979705773308281604093, 42801910252751318836699027149467251218031133583140381483258342482764902/2998373709982113392672166755857369182653254249}}"
"{1.1148036473594216, 0.30529005836926554, 0.09320201973910956, 69279/5792, Sqrt[1341952989/6289931]/4, 1341952989/100638896, 508486686612436925/200093091631781569, -50398936618/(34409051*Sqrt[447317663]), {69279/5792, 905887/5792, 12663449/5792, 186533395/5792, 2865977769/5792, 45584286067/5792, 746168441809/5792, 12511339406275/5792, 214071283073369/5792, 3725933361692947/5792}, {0, 447317663/33547264, -327593088017/97152876544, 508486686612436925/1125418921885696, -637639175271627826545/1629606598890487808, 818414526577114218638455643/37754725683094821535744, -4505382448886794765580691919987/109337685578242603167514624, 1588981215749313423075898959397951865/1266567749738362315092489404416, -3564649901371262302616455309943027316785/916995050810574316126962328797184, 3453026576629918474424162814978931074044889623/42489882674358771512058926467146317824}}","{32.505189458116476, 0.2049876065894517, 0.04201991885527182, 8960991/11584, (5*Sqrt[404889058309/6289931])/8, 10122226457725/402555584, 261359932235749809802588389/102459468461468001212175625, (-5307763590329026182*Sqrt[3/404889058309])/50611132288625, {8960991/11584, 21669570577/34752, 6025064855167/11584, 15515289455311537/34752, 4548494283520137631/11584, 12254159907758355613537/34752, 3735368396500370864016367/11584, 10411843796474882331571736977/34752, 3270110191316689193422399505791/11584, 9358809714979645602640819121964097/34752}, {0, 10122226457725/402567168, -884627265054837697/777223012352, 87119977411916603267529463/54020108250513408, -8991398463006725595364370229825/52147411164495609856, 1014622125054187297896194816380796156785/7248907331154205734862848, -325450806244188892150301214300101100539783747/13995223754015053205441871872, 13594575190028682084484572566202280748377864879865323/972724031799062257991031862591488, -1428452066946207472009507352722080685598138525567469827905/469501466015014049857004712344158208, 198058041028685783911236230629619148548983597224043500114628780645/130528919575630146085045022107073488355328}}"
"{0.9893028138013484, 0.2706007388551695, 0.07322475986896364, 492363/36443, 3*Sqrt[986153118/664027903], 8875378062/664027903, 78557511849503117617/26257445247810291948, -18299863262236/(4437689031*Sqrt[493076559]), {492363/36443, 7139151/36443, 109284231/36443, 1749284439/36443, 29089566543/36443, 45469367421/3313, 8858818467111/36443, 161149892985639/36443, 3003127517691903/36443, 57204751594584111/36443}, {0, 17750756124/1328092249, -439196718293664/48399665830307, 942690142194037411404/1763829021853878001, -69414196072084954529201880/64279221043420875990443, 81361034997454324708610169437124/2342527652485386983719714249, -10379860192749971307803314892747768304/85368735239524957847697546376307, 8842453935158408483117831875515568972889244/3111092818334008038843641682591756001, -1571486179190358399675438907782233501407709140680/113377555578546254959578833838691363944443, 1082827204445141163785963010515163793259320723438268724/4131818257948961169491931441583429376227336249}}","{30.84787882503735, 0.18587547753861577, 0.034549693150208456, 32538328/36443, 8*Sqrt[285767458967/664027903], 18289117373888/664027903, 741904901998732961998598275/334491814315851893584236544, -26904951801303181911/(146312938991104*Sqrt[571534917934]), {32538328/36443, 30055731520/36443, 28587241633186/36443, 27877507133010628/36443, 27765736418639785138/36443, 28151563526551892054380/36443, 28974678001698470237188906/36443, 30202520616505666362427929508/36443, 31822806946884168182082071561218/36443, 33839013879713830334113804043243740/36443}, {0, 36578234747776/1328092249, -53809903602606363822/48399665830307, 2967619607994931847994393100/1763829021853878001, -13578999796895340896029425267552270/64279221043420875990443, 345856162840969065579496756927122742348036/2342527652485386983719714249, -2667668446608590661456009621447760838865726014502/85368735239524957847697546376307, 49987419195313088891591661868459204323779035922643289900/3111092818334008038843641682591756001, -507417969100328201953385599326089640832242911543617320073442910/113377555578546254959578833838691363944443, 8240034174694616027521863150199858350265609138352862552856947753776596/4131818257948961169491931441583429376227336249}}"
