"{0.9232108737893279, 0.4789855412702729, 0.22942714874597628, 46477/11550, Sqrt[495545321/5335638]/5, 495545321/133390950, 668392704760183377/245565165164993041, 5955615311816/(495545321*Sqrt[495545321]), {46477/11550, 229927/11550, 1315159/11550, 8349091/11550, 57094927/11550, 412244947/11550, 3101821279/11550, 24109240531/11550, 192410722447/11550, 1569884782867/11550}, {0, 495545321/133402500, 744451913977/192599859375, 222797568253394459/5932075668750000, 1108200327013509904633/12846651370136718750, 282490074435482740646698661/474812234640253125000000, 2231253122486222874464964784057/1142516939603109082031250000, 541539760037055041427212230838647319/45243670808283119648437500000000, 5509773388619919086981711852792629808953/114310962026552819486755371093750000, 1318549481478187839355435779914895086771305601/4694370173890435786922753906250000000000}}","{16.50539766054956, 0.2550457022345396, 0.06504831022830944, 209336/825, (2*Sqrt[9975950914/381117])/5, 39903803656/9527925, 110275397052862073781/49759798319268717698, (-38716242180502*Sqrt[7/4987975457])/4987975457, {209336/825, 396003428/5775, 112300071152/5775, 33044358830936/5775, 10005869375972852/5775, 3099188665474410548/5775, 139668584959508918816/825, 313135871982415635674096/5775, 101587820821977258381702092/5775, 33323484735114498521391904268/5775}, {0, 19951901828/4764375, -309729937444016/3930609375, 42009675067756980488/1080917578125, -5192705005321167777338572/2675271005859375, 236550507153485825987357009348/441419715966796875, -3925499760093658277621173361590208/86707444207763671875, 13993350305520923518375609942071354751856/1502206470899505615234375, -1302858466668026719632781491987821619349831604/1239320338492092132568359375, 21197448324413195151258756038214264379787964198668/113604364361775112152099609375}}"
"{0.948976538472966, 0.44214772960234666, 0.19549461479250985, 4529/933, Sqrt[26062555/353607]/4, 26062555/5657712, 5354501123460333/1358513546256050, (47007586967*Sqrt[13/52125110])/26062555, {4529/933, 341671/12129, 2308949/12129, 17744647/12129, 150743717/12129, 1377152311/12129, 13232348549/12129, 131607736807/12129, 1340523900197/12129, 13886476800151/12129}, {0, 52125110/11316357, 94015173934/10558161081, 21122292400238/252583699707, 3092813584366491590/9190763081238609, 20291224954985662046290/8574981954795622197, 31970392054365652609425298/2666819387941438503267, 585027322013868469956414437042/7464427466848086370644333, 3038672972945404364286681027291910/6964310826569264583811162689, 2014605386143256172459083001766081730/721966889021013761855090532093}}","{16.99413695398062, 0.24278897179367712, 0.05894648482463094, 3496763/12129, Sqrt[180174990971/9193782]/2, 180174990971/36775128, 178083128429510437041123/64926054742799863045682, 45857146579725545/(720699963884*Sqrt[180174990971]), {3496763/12129, 1067528357/12129, 342650468993/12129, 114939053729609/12129, 40087752925036673/12129, 14471218796866667777/12129, 414143030243208447821/933, 2055918432555955545070409/12129, 802720119231082709398572593/12129, 319315489235462398753517729297/12129}, {0, 720699963884/147112641, 91714293159451090/1784329222689, 474888342478694498776328/7214043047331627, 523480944379926662732445533330/262497384363255911649, 3603069130929522385446472800925565824/3183830774941930952390721, 691783558509764440227871576807788627972910/12872227823090226840515685003, 9961765822907421590857419802108046315142887803544/468381753798784084045844230204161, 7410791847106639217800442010086497762426592169766381090/5681002291825452155392044668146268769, 3201274443267085215717043008476344474148885438122879092568496/7656097421950101021416678864438454877689}}"
"{1.0788049946689822, 0.4818236144830724, 0.2321539954735324, 26929/5795, Sqrt[336673658/67158255], 336673658/67158255, 60455046864020077/28337287997775241, 677316950388/(168336829*Sqrt[168336829]), {26929/5795, 154186/5795, 1006636/5795, 7151428/5795, 53834404/5795, 422986216/5795, 3438069376/5795, 28743499348/5795, 246174329164/5795, 2153060629696/5795}, {0, 168336829/33582025, 677316950388/194607834875, 60455046864020077/1127752403100625, 625930829967036742296/6535325175968121875, 6375000312290931824356589/7574441878947053253125, 549893853646739125996844904924/219469453442490868009296875, 21588476427167692725267823442208133/1271825482699234580113875390625, 494314884420755696164010155311124169472/7370228672242064391759907888671875, 17069711196768974837750483633452886180232841/42710475155642763150248666214853515625}}","{47.68129746049076, 0.38999992468796635, 0.15209994125661944, 363331/1159, 22*Sqrt[414811817/13431651], 200768919428/13431651, 8305373015867771534065/5038519876035844480898, (2054831634275559*Sqrt[5/829623634])/552114528427, {363331/1159, 656110041/5795, 2768896585/61, 113007663407253/5795, 10145333662011667/1159, 23417202560133732021/5795, 115920538789676469697/61, 5245767813456921744673413/5795, 504442583083918485491400307/1159, 1221294666825344965234049671701/5795}, {0, 100384459714/6716405, 4109663268551118/7784313395, 3322149206347108613626/9022019224805, 53125908940453679410162986/2091304056309799, 130326065908717392841382285874934/12119107006315285205, 14275711047731599628286658716671234718/14046045020319415552595, 5621273395381374536246540458251055352426146/16279366178550202625457605, 146478272647666763146472430404960113610716281570/3773557080187936968581072839, 257197671401213690612814530521061948056909528686124654/21867763279689094732927317102005}}"
"{0.7877138084808277, 0.43309993826018234, 0.18757555652097374, 16739/3986, Sqrt[157659519/47660602], 157659519/47660602, 6828863176180361/2761835992367929, -64751663860/(52553173*Sqrt[52553173]), {16739/3986, 83479/3986, 457225/3986, 2674115/3986, 16444209/3986, 105233139/3986, 695518385/3986, 4720297075/3986, 32748081169/3986, 231435045299/3986}, {0, 52553173/15888196, -16187915965/15832587314, 6828863176180361/252434772134416, -2251490066815839865/125775625215972772, 1181991608326877281241373/4010733136886939753536, -1148632632874630753939179615/3996695570907835464398624, 238705654026386313411479317595281/63723314182554528644371661056, -75748978375190393806794369746601265/15875070645728896948529090060576, 53206395251103706515197881156890649548773/1012448505502006131789391247703294976}}","{23.601665522965952, 0.29702746085195036, 0.0882253125001569, 533159/1993, Sqrt[150460196726/23830301], 150460196726/23830301, 13764843513589118399679/5659567699706655279769, (-7106677255759785*Sqrt[3/75230098363])/75230098363, {533159/1993, 465632542/5979, 47656939649/1993, 45494752540462/5979, 4949346415302469/1993, 4938229956095084722/5979, 555566222066204832249/1993, 569252165139663357879622/5979, 65453486867247965537447309/1993, 68308372907950061083750748602/5979}, {0, 75230098363/11916147, -2368892418586595/7916293657, 4588281171196372799893/47331519775203, -342449842936562568464424015/31443906303993193, 451960155397069056022979094946813/188003115791575300947, -48118279352645151013649062261034985175/124896736590869858262457, 58138797225837111015172859536033563691588093/746757588076810882551230403, -7158967873740996163570542239014770756518636318735/496095957679028029641534064393, 8602948862564535661021493292974650112353578243776370013/2966157730962908589226732171005747}}"
"{0.9778930786017576, 0.4987085819503393, 0.2487102497109183, 50949/12958, Sqrt[215184131/55965602], 215184131/55965602, 109382988655721545/46304210234225161, (587227988968*Sqrt[3/215184131])/215184131, {50949/12958, 250143/12958, 1406763/12958, 8665443/12958, 1837149/418, 392892483/12958, 2814472083/12958, 20777941203/12958, 157223334339/12958, 1214411845923/12958}, {0, 645552393/167909764, 660631487589/271971840239, 984446897901493905/28193688846535696, 1289690123313159543885/22833363754588096798, 2179454655181515665063646873/4733995640511240932935744, 9137047825974772761362497270239/7667889438718082501122671344, 6052612783540513173923379497758762785/794884090775271304396380602204416, 8272152320508245029134585241854490924125/321878376508311423824009370105150704, 19510407448771666436376952996994712058680858153/133468800089430381757168429370321370317824}}","{29.936767847612522, 0.34261984871339235, 0.11738836073238786, 1652296/6479, Sqrt[213636751234/27982801], 213636751234/27982801, 70522793875272366541261/34230496108363500392067, -2992761268826974/(106818375617*Sqrt[320455126851]), {1652296/6479, 2252797/31, 145087109422/6479, 47265151193033/6479, 16032842732732986/6479, 5606052995159404853/6479, 2007034313273713275862/6479, 732333383509210917937313/6479, 271466492275579473965238226/6479, 101988256923842117776403237933/6479}, {0, 320455126851/41977441, -8978283806480922/271971840239, 211568381625817099623783/1762105552908481, -21751641247779588481164687390/11416681877294048399, 188976000503470052014945074903762171/73968681882988139577121, -38351404072196477753591654469486095284242/479243089919880156320166959, 198903101996495176251894630782671502721151634703/3105015979590903532798361727361, -63009608184703111173130919177727119858927202042518310/20117398531769463989000585631571919, 230726964418771184860600928501215154163128594199484856469891/130340625087334357184734794306954463201}}"
"{1.9016733075507941, 0.617595630682896, 0.3814243630386041, 65966/13231, (2*Sqrt[69151987/66155])/21, 276607948/29174355, 625861160330741677/229535870690312112, (2523854865521*Sqrt[3/138303974])/553215896, {65966/13231, 454324/13231, 3775418/13231, 35301220/13231, 354772466/13231, 3731858524/13231, 40474827818/13231, 448632437620/13231, 5054173144226/13231, 57661034504524/13231}, {0, 1659647688/175059361, 45429387579378/2316210405391, 7510333923968900124/30645779873728321, 405118988985054786747930/405474313509299415151, 47999852884876225001607254988/5364830642041540561862881, 3422134233578325930229866233132298/70982074224851623174007778511, 357879925718391487715950641033209977644/939163824069011826215296917479041, 29286541902016763099103325136813433084202650/12426076556257095472654593515165191471, 2901911672120896319755828511900731162700617056588/164409418915837630198692926799150648352801}}","{82.86975508970913, 0.5097295175232981, 0.25982418103453425, 4219968/13231, Sqrt[2313316532386/198465]/21, 2313316532386/87523065, 11891986513438471350128417/5351433379010387386852996, 546677379386318439/(1156658266193*Sqrt[1156658266193]), {4219968/13231, 1695621116/13231, 788851776312/13231, 402757143723836/13231, 217566391167993648/13231, 121579144420892651636/13231, 69384708783613701198312/13231, 40151881196132436538898636/13231, 23466378812478945140417717088/13231, 13818874824531978865583851949156/13231}, {0, 4626633064772/175059361, 4373419035090547512/2316210405391, 47567946053753885400513668/30645779873728321, 69812586750446364190101195812400/405474313509299415151, 593800413582274240983074234223535069772/5364830642041540561862881, 1072376911312550293534804059304942074009348072/70982074224851623174007778511, 8075545178577120952980649347454882474918146241015028/939163824069011826215296917479041, 16959335436346065097413575672627822501233317618187709013600/12426076556257095472654593515165191471, 115812993993344743959839815845590834601270095583377385108452436572/164409418915837630198692926799150648352801}}"
"{0.8039115520869861, 0.42854684686178224, 0.18365239995517585, 54161/12373, Sqrt[269342483/76539378], 269342483/76539378, 318562156700377481/145090746297210578, -984266610537/(269342483*Sqrt[538684966]), {54161/12373, 280619/12373, 1596665/12373, 9659339/12373, 61015121/12373, 398140019/12373, 2665787945/12373, 18232536059/12373, 126967844801/12373, 898042577219/12373}, {0, 538684966/153091129, -1968533221074/1894196539117, 637124313400754962/23436893778494641, -6681762288711755247570/289984686721314193093, 1074815633303838375135526186/3587980528802820511139689, -20334386609320409342963918657034/44394083082877298184331371997, 2232369448964148116727425141281795762/549287989984440810434732065718881, -60490740973955292248168574096799637623650/6796340300077486147508939849139714613, 5263733844836409866545774948753206109989790906/84091118532858736103128112753405688906649}}","{35.92798151368195, 0.360560754656603, 0.13000405779853905, 3419408/12373, 3*Sqrt[28146856147/25513126], 253321705323/25513126, 743149222990208410984447/385031318326517079205974, (7111464766139972*Sqrt[2/84440568441])/759965115969, {3419408/12373, 1067831674/12373, 363561504272/12373, 131436483477154/12373, 49556970222448448/12373, 19254482407655019394/12373, 7647281206225569642992/12373, 3087886016151689948197954/12373, 1262866699890404377350082208/12373, 521726316833022261221899565314/12373}, {0, 1519930231938/153091129, 85337577193679664/1894196539117, 4458895337941250465906682/23436893778494641, 96555733029502914311096013600/289984686721314193093, 15918754976676561086272868986218130698/3587980528802820511139689, -1069325492624436751978635546369698054893296/44394083082877298184331371997, 62896075484040702947034409978970029987871452677882/549287989984440810434732065718881, -11234425283602091243565076305321782478595297162210698240/6796340300077486147508939849139714613, 266176471452800930948372488747488003915887921389699175903121258/84091118532858736103128112753405688906649}}"
"{0.8167877216695879, 0.41853148482407854, 0.1751686037890479, 63387/13594, Sqrt[703760221/184783242], 703760221/184783242, 1615400148503855449/495278448661968841, -4176020282628/(703760221*Sqrt[703760221]), {63387/13594, 347335/13594, 2079771/13594, 13401415/13594, 91993827/13594, 666965695/13594, 5066556651/13594, 40024655575/13594, 326561838387/13594, 2735284318255/13594}, {0, 703760221/184796836, -1044005070657/628032047146, 1615400148503855449/34149870595610896, -2283292720532946988605/58029167609591815028, 5205902734977402381190125301/6310788035878329067925056, -17358829257063684203160411462507/21447213139932501337343302816, 2681663303435830201630087408105946887/166601951670995670388482776274688, -16006294073896042414016336905261985288565/990844282319287875176702751546672544, 71531260578163376324770379058280771166810611981/215512594781574390002433555272407465010176}}","{29.582677121546283, 0.31066493753445307, 0.09651270341328562, 4166777/13594, Sqrt[1675533242417/184783242], 1675533242417/184783242, 12293443468110269934762017/2807411646444425288001889, -2123474400366642192/(1675533242417*Sqrt[1675533242417]), {4166777/13594, 1400438709/13594, 493325304413/13594, 180279545457645/13594, 68068035588930077/13594, 26486798967306455949/13594, 10598663913340923308573/13594, 4351290757479541551592845/13594, 1828362186868601740036960157/13594, 784258514919364901007634894989/13594}, {0, 1675533242417/184796836, -265434300045830274/314016023573, 12293443468110269934762017/34149870595610896, -971997124605125068471781576895/14507291902397953757, 134780570438183319986143112114570973137/6310788035878329067925056, -26932194553909899287055108467566372786055607/5361803284983125334335825704, 243245098574738094822719362839981097695571298337911/166601951670995670388482776274688, -93448517991936267736056043792076849012696306598128504955/247711070579821968794175687886668136, 22919297740236067907244295402359847800716787466735701825024351857/215512594781574390002433555272407465010176}}"
"{1.1807968546768686, 0.5098348924521791, 0.259931617561725, 57261/12605, 7*Sqrt[31737/289915], 1555113/289915, 264955573904209231/60520676605775148, (286367207291*Sqrt[3/1449323])/497117789, {57261/12605, 327729/12605, 2232801/12605, 17684601/12605, 157639641/12605, 1527350049/12605, 15632598801/12605, 165731178441/12605, 1797541494921/12605, 19796450136369/12605}, {0, 852201924/158886025, 20618438924952/2002758345125, 3179466886850510772/25244768940300625, 177645270030143464365504/318210312492489378125, 3702931935733393005444464124/802208197793565722253125, 1363663560286675068883701257292456/50559171665939479645003203125, 126854875292280074306475488737236337668/637298358849167140925265375390625, 10396692961339223228616883429402263079702608/8033145813293751811362970056798828125, 935866352216934421716578734272481717732859857116/101257802976567741582230237565949228515625}}","{25.736169497776242, 0.3147513242568528, 0.0990683961214425, 654910/2521, Sqrt[53109710387/7943671], 53109710387/7943671, 40604840961405307284235/11282565349564062759076, (4058897196786423*Sqrt[5/53109710387])/106219420774, {654910/2521, 934936288/12605, 289216487852/12605, 96212367950188/12605, 6850637134006636/2521, 12985331075545657348/12605, 5207447143744404545972/12605, 2191134863129101324744588/12605, 191768160507387539574275260/2521, 432710776193314983527659109908/12605}, {0, 212438841548/31777205, 16235588787145692/80110333805, 32483872769124245827388/201958151522405, 1682918420419752597801134436/101827299997596601, 8278379597037005757955104981569348/1283533116469705155605, 3300672151443924531901803521910529305852/3235786986620126697280205, 2550223884819369957816129380202204365873383148/8157418993269339403843396805, 247342021337286005132299069077192277683133086863796/4112970656406400927417840669081, 858880624029290793933702456693885167527830531395739150548/51843995124002683690101881633766005}}"
"{0.6327698907995705, 0.356643415939853, 0.127194526133247, 1383/278, Sqrt[12406587/3941206], 12406587/3941206, 46455586129425/17102600109841, (-236272464*Sqrt[17/4135529])/4135529, {1383/278, 131839/4726, 800829/4726, 5170035/4726, 35015301/4726, 246354179/4726, 1786781589/4726, 13279821955/4726, 100669631301/4726, 775572455619/4726}, {0, 4135529/1313828, -29534058/45655523, 2732681537025/101537883152, -20142213726285/882110359883, 2609194844558664409/7847253761519168, -78167370831932740239/136346034106395544, 3085002670683636750844145/606467159705247379712, -34758141238515732947175645/2634341724969668305624, 4243057456379508288809824034889/46870207970660338493662208}}","{22.44521583071846, 0.2631164489323317, 0.06923026569876033, 135196/417, Sqrt[43020154694/5911809], 43020154694/5911809, 145985834221268429541/42062129770356596219, (-394409113546754*Sqrt[17/21510077347])/21510077347, {135196/417, 796727507/7089, 289487183546/7089, 109217624817287/7089, 42546824981593742/7089, 17042456543338972907/7089, 6994350652971159919946/7089, 2931979680698254993810607/7089, 1251958566395459822631590342/7089, 543267002754344718522420695507/7089}, {0, 21510077347/2956113, -394409113546754/1232699121, 31487140714391229901/171345177819, -4631803129302258727642630/214352817451569, 638681818952239105574978790827/89385124877304273, -892441079728370171775867340193014/730854844585017291, 5245713761641597715769667749411334157263/15543089979789562727697, -445256740895781833755953322542789348993757310/6481468521572247657449649, 5324763299111900869341056263338111816580433843323/300308041499514141461833737}}"
"{0.8571123713263346, 0.4543597603757846, 0.20644279184874043, 52371/12614, 5*Sqrt[22646809/159100382], 566170225/159100382, 169834738104085613/64109744735310125, 6001819479672/(2830851125*Sqrt[22646809]), {52371/12614, 262319/12614, 1499523/12614, 9439751/12614, 63794571/12614, 454669919/12614, 3375295683/12614, 25870009271/12614, 11964325323/742, 1632333677519/12614}, {0, 566170225/159112996, 750227434959/250881416443, 849173690520428065/25316945496096016, 1306651523603814907215/19959246905484696614, 1933339346354921907890117905/4028255047452543409423936, 8719898504242273972675607769069/6351551146070797820809191088, 774115562924578494909531874206112375/91563961321756621384785298724608, 7454699761299322232033351087308594872015/252653583024639567344805384587044912, 16991463299163197375160205310841634539786308785/101983113480729712079596003877791504638976}}","{20.058243573301898, 0.2776721301987093, 0.07710181188908896, 1640783/6307, 4*Sqrt[25944330109/79550191], 415109281744/79550191, 49022905612107009641143/21539464473752446460192, 31946807085946713/(415109281744*Sqrt[51888660218]), {1640783/6307, 65680389/901, 137534160272/6307, 43479198452097/6307, 14383738011465728/6307, 705253695418320579/901, 1745573463099228017252/6307, 90332894374611894057591/901, 233661070575895698354516728/6307, 87782351836302718809648156333/6307}, {0, 207554640872/39778249, 31946807085946713/250881416443, 98045811224214019282286/1582309093506001, 34836744308368084646907404685/9979623452742348307, 65655301966310828319058457765949062/62941485116445990772249, 34606180087554472385419265705429039419893/396971946629424863800574443, 7479879092610852630165843923554458394774514378/357671723913111802284317573143, 34309484983377627544626986867804467820281346155594605/15790848939039972959050336536690307, 45902750921878745171347449701939846222635541559533116539302/99592884258525109452730472536905766249}}"
"{1.1404892807108897, 0.4945498406093914, 0.24457954484677444, 14656/3143, Sqrt[210124402/39510653], 210124402/39510653, 23299012821804178/11038066078964401, (30884199888*Sqrt[2/105062201])/105062201, {14656/3143, 170111/6286, 554056/3143, 7766687/6286, 28671316/3143, 440441471/6286, 1744825696/3143, 28339971167/6286, 117366564076/3143, 1975073509631/6286}, {0, 105062201/19756898, 15442099944/31047965207, 11649506410902089/195167509291202, 7920697406294830260/306705740851123943, 1682177727467866413291161/1927952286990165105698, 2024784067152535063927570944/3029777019005044463604407, 39130143101396422355950055868047/2720739763066529928316757486, 435726563057015829385844505228241740/29929497763613362476448490724743, 47767384299931490748068542978503512300921/188136822942073596526955212695734498}}","{47.57327429446831, 0.4192759563573033, 0.1757923275793313, 850565/3143, Sqrt[508674981134/39510653], 508674981134/39510653, 102625807770989246331746/64687559107918813981489, (-32148966661026939*Sqrt[2/254337490567])/254337490567, {850565/3143, 541285119/6286, 93513852212/3143, 67403583978519/6286, 12448694176314710/3143, 9355502927548193739/6286, 1782066619705026261812/3143, 1374294636248592418057359/6286, 267913754417286081922369010/3143, 211110495211411063910434583859/6286}, {0, 254337490567/19756898, -32148966661026939/62095930414, 51312903885494623165873/195167509291202, -11489767426957233969966092055/613411481702247886, 12738666756288497724094486228143577/1927952286990165105698, -3652437199504572273014564914378163466759/6059554038010088927208814, 510480845182748907788025234270955854689873599/2720739763066529928316757486, -1166100771393104674995939242361454400675950990833735/59858995527226724952896981449486, 1084618861574400909205232026861935855543039354497723423737/188136822942073596526955212695734498}}"
"{1.6587917867518305, 0.5797735635435868, 0.33613738498402945, 61745/12512, Sqrt[1281402879/9783602]/4, 1281402879/156537632, 1344063252080870399/547331112769829547, 8527046660182/(427134293*Sqrt[1281402879]), {61745/12512, 407117/12512, 138403/544, 27668909/12512, 257196125/12512, 2496951317/12512, 24952723829/12512, 254375556509/12512, 2630323450445/12512, 27486136578917/12512}, {0, 1281402879/156550144, 12790569990273/979377700864, 4032189756242611197/24507947586420736, 42345552330918099165825/76660860050324062208, 17113783926062197583478170619/3836722723798618665385984, 486464582166168370890967582181763/24002537360084158370654715904, 83457918701354530287748408722256390137/600639494898745979067263610781696, 682360211876748634084119994943445182716545/939400170021638711261200287262572544, 437088840390864982963149844745128858448210055159/94030199418485948442401103953834461364224}}","{59.5563423954436, 0.43401586284077914, 0.188369769197426, 988971/3128, Sqrt[184222897035/9783602], 184222897035/9783602, 2035972049563145441401/754179462043738039805, 11554060833619798/(61407632345*Sqrt[184222897035]), {988971/3128, 743149959/6256, 316527247005/6256, 148106266071957/6256, 74325173951978397/6256, 39239350778021221209/6256, 21472582797718260461625/6256, 12049070610391403639925237/6256, 6881693578028054266892279397/6256, 3980355964093885997270187534609/6256}, {0, 184222897035/9784384, 17331091250429697/15302776576, 91618742230341544863045/95734170259456, 9416713583425070859738065325/74864121142894592, 57975951585763659785655687344017455/936699883739897135104, 17057661340107897670759998898859991899787/1464998618169199119302656, 41244725653051545644131284596617206044082198345/9165031355266509690357415936, 3668905752647621772097600762003190639163718573375365/3583527259909205288929749630976, 31373442131967480643923451346536826494260576547073069008275/89674186151967953150178054765543424}}"
"{0.9504123126252344, 0.49278975713119666, 0.2428417447334238, 23721/6061, 9*Sqrt[3373638/73465381], 273264678/73465381, 13948283290283707/6222798686870307, 220494237655/(409897017*Sqrt[1686819]), {23721/6061, 115380/6061, 646023/6061, 3963576/6061, 25868091/6061, 176432460/6061, 1244045703/6061, 9007183296/6061, 66668462931/6061, 502967854740/6061}, {0, 136632339/36735721, 661482712965/222655204981, 41844849870851121/1349513197389841, 476857760346704985285/8179399489379826301, 18423896358650580385351629/49575340305131127210361, 325923255387856492384162094265/300476137589399762021998021, 10456777455511603990536732523473441/1821185869929351957615330005281, 238767892028479603947632793523465894365/11038207557641802215106515162008141, 7180404513784202803309158231524290068236469/66902576006866963225760588396931342601}}","{21.236251936041953, 0.29256744565925513, 0.08559571025958121, 1503731/6061, Sqrt[387067291174/73465381], 387067291174/73465381, 78574112552165456093765/37455271974194524574569, 1449805981729551/(193533645587*Sqrt[193533645587]), {1503731/6061, 405005868/6061, 6124491167/319, 35148825894492/6061, 11035552826505761/6061, 324610791089241168/551, 1183064071662929338013/6061, 399441355369763773698612/6061, 136929032057762932554509081/6061, 7840943304361617235000248}, {0, 193533645587/36735721, 1449805981729551/222655204981, 78574112552165456093765/1349513197389841, -214366091448214206329959005/8179399489379826301, 39683015838940040596525648518227597/49575340305131127210361, -1142016818375966369430410235074013619149/300476137589399762021998021, 22241932516191918636711982440186695835313503245/1821185869929351957615330005281, -1495264101548391206601534056614257419671235429680845/11038207557641802215106515162008141, 13338855933663671158745145312334589708568530947164682891757/66902576006866963225760588396931342601}}"
"{1.323826997747287, 0.5599372349723867, 0.3135297071085218, 54789/12976, Sqrt[941091767/420909]/20, 941091767/168363600, 2090672532648298637/885653713915182289, 9601133706954/(941091767*Sqrt[941091767]), {54789/12976, 303863/12976, 1952487/12976, 13802219/12976, 104331039/12976, 828739163/12976, 6837834927/12976, 58124039099/12976, 505963033119/12976, 4489969363163/12976}, {0, 941091767/168376576, 4800566853477/1092427225088, 2090672532648298637/28350671345483776, 13855275060173851514445/91969577844749369344, 6684698651092589420561594627/4773588968453871266430976, 140913369544324308309946354588767/30971045227328716776604172288, 26348561855240668883636937544704368537/803760565739634857786431479218176, 177700998430883233239120936582657798429405/1303699637629687739329591859291881472, 117844486898870850426548869557644304782226030287/135334451983062624844326271729371631845376}}","{37.09007988426668, 0.3824442108178273, 0.14626357438807075, 411313/1622, Sqrt[98970912778/420909]/5, 98970912778/10522725, 4936167321890119826560/2448810394027620919321, (-1010552657333073*Sqrt[2/49485456389])/49485456389, {411313/1622, 478227157/6488, 18931091147/811, 50748480040573/6488, 2211933443438639/811, 6357653914127486917/6488, 292369286624640066212/811, 877384662722458302329773/6488, 41817392610006390239684069/811, 129342847010836325695099262677/6488}, {0, 49485456389/5261768, -1010552657333073/8534587696, 77127614404533122290/432596913841, -52667491404411737668981605/11226755108001632, 161751525023417049385982087029619/36419593570357294208, -11185560802656012541507405472033532843/59072580771119531205376, 6133638337727621824402848319588705465918255/47907863005377939807559936, -293218265229053435810173783277615417634746046285/38853276897361509183931108096, 1013911087334804008639713299285266547428022145192077249/252080060510081471585345029326848}}"
"{0.5905634747872319, 0.38022692957894344, 0.1445725179770308, 27475/6726, Sqrt[109126157/45235713], 109126157/45235713, 34730972008659321/11908518141588649, 30752113664/(109126157*Sqrt[109126157]), {27475/6726, 42819/2242, 328982/3363, 1207457/2242, 10612280/3363, 43866409/2242, 429943472/3363, 1965851097/2242, 21132530240/3363, 104956967849/2242}, {0, 109126157/45239076, 3844014208/38034753147, 11576990669553107/682191332444592, 4533002034350682830/430164272064593043, 18646691240369625091825477/92585116605006489830976, 1067652926737736429315822807/3243372366069133596891378, 13507518619500988754845243848189041/4188465126562750573956750418176, 1862208294352614080692978979519222485/220090753447352034065883619630092, 1287529994161964185189126416925715407099733/21053588020435765776030339208988427264}}","{15.164514070942033, 0.249242428609352, 0.062121788219087926, 820940/3363, 14*Sqrt[854355101/45235713], 167453599796/45235713, 3515355559957592102298/1752544255289933202601, -3218139242831353/(586087599286*Sqrt[854355101]), {820940/3363, 70949141/1121, 115786501303/6726, 286769667702/59, 9503545158522775/6726, 471218440339800616/1121, 857014478557520194123/6726, 43971890039252713087778/1121, 1394718963352841955417245/114, 4325815951955577055493117916/1121}, {0, 41863399949/11309769, -3218139242831353/76069506294, 1171785186652530700766/42636958277787, -535366522190189685602916425/860328544129186086, 372163357325821054520434602189964/1446642446953226403609, -27203181815657162823406032672327922111/3243372366069133596891378, 44498202516606239435380009562534047054922258/16361191900635744429518556321, -12789316070894474565403642752865418077846533873505/110045376723676017032941809815046, 641857465047276450566627661476498213336598167676304856/20560144551206802515654628133777761}}"
"{1.1221807789921658, 0.54462980543682, 0.29662162497014843, 47623/12588, Sqrt[672669611/39611289]/2, 672669611/158445156, 963093321966340869/452484405562891321, 1626715887698/(672669611*Sqrt[672669611]), {47623/12588, 233605/12588, 1298371/12588, 7805845/12588, 49481683/12588, 325942165/12588, 2211502771/12588, 15367551445/12588, 108929607763/12588, 785213355925/12588}, {0, 672669611/158457744, 813357943849/997333040736, 321031107322113623/8369618877856512, 1181838381200528540005/79017571825843329792, 1827662041466661405295862671/3978692776574863341686784, 2521995408066159689267816405473/8347297445254063290858872832, 3996264010311284788300178190006568649/630454681445148892231988947255296, 6184281935678459210346178386195293724445/992020441253941781927034608506208256, 1050927926818074011044163255211411009228084059/11100047390670772578575565912778799579136}}","{50.32282111304201, 0.4431488334647351, 0.19638088860115552, 3225689/12588, Sqrt[2043194473451/39611289]/2, 2043194473451/158445156, 16003255746472441121254533/4174643656340709143849401, 1997279891170290286/(2043194473451*Sqrt[2043194473451]), {3225689/12588, 988899269/12588, 349196742413/12588, 139169472289853/12588, 61522179841118909/12588, 29559363729078405389/12588, 15108067077621464069933/12588, 8060963040614224240447613/12588, 4426004551418742686054236829/12588, 2476228504641306867736582662509/12588}, {0, 2043194473451/158457744, 998639945585145143/997333040736, 5334418582157480373751511/8369618877856512, 10956727322127684323556514411835/79017571825843329792, 211544110763373898187313331348461702991/3978692776574863341686784, 128558747801344564252500393996539493703606271/8347297445254063290858872832, 3300483640570009684025732021249327405696306922290633/630454681445148892231988947255296, 1635807914240157103823382732465680177098034293682258849795/992020441253941781927034608506208256, 6049374199940814345203089698600020026781212696360273342645192859/11100047390670772578575565912778799579136}}"
"{1.169071308972748, 0.5103900515494085, 0.2604980047206079, 20101/4479, Sqrt[52623219/10029974], 52623219/10029974, 4290888019275581/1846135451947974, (34877505467*Sqrt[2/52623219])/52623219, {20101/4479, 341123/13437, 242721/1493, 15203399/13437, 37442971/4479, 868395623/13437, 2319946283/4479, 57472893239/13437, 54098286217/1493, 4217541361223/13437}, {0, 35082146/6687147, 139510021868/89855194239, 8581776038551162/134153804998827, 29529058038525147020/600874892589746133, 8718993582500200472692678/8073955931728418789121, 19381765171426157993046404116/12054416206070529252157653, 44729233074340474504454667802366/1999693710629255574830152881, 38013639622516464804708626472359089940/725486878522583293292804635073919, 191842562643200006146898084839569508717702/361050636544738952295385773388453689}}","{39.738636731193616, 0.37461977346829944, 0.14033997467344, 3804818/13437, Sqrt[1015750047259/10029974]/3, 1015750047259/90269766, 4412648794548253941631191/2063496317013321466826162, (113314509463599373*Sqrt[2/1015750047259])/1015750047259, {3804818/13437, 1228558466/13437, 436008908384/13437, 165596657119958/13437, 66082954990006568/13437, 27366591360774071126/13437, 11662295846782564052744/13437, 5084231508284713673692358/13437, 2257836844176880604735918408/13437, 1018093798588567956554667213686/13437}, {0, 2031500094518/180552969, 453258037854397492/2426090244453, 2941765863032169294420794/10866458204904987, 4395518046140060251685923220060/438037796697924930957, 51397534890510614189177792960966179558/5885913874230017297269209, 12818169569183683392690126574978657836939484/26363008242676247474468787111, 340686778244005077640783596942539914282459782066782/1062719225270522211943311277231521, 334224912664930795015505554775326469866860881130208059340/14279758229960006961882273632159947677, 268781691577825928474855291638299670453955672757626745980702822/21319679037330290394090234532814801881761}}"
"{1.0362951010411665, 0.4471993536770337, 0.19998726192915664, 37252/7189, 2*Sqrt[138752661/103356253], 555010644/103356253, 13057834472752113/4278289096573538, 235547760233/(46250887*Sqrt[277505322]), {37252/7189, 17818/553, 125206/553, 138478/79, 105868342/7189, 954166714/7189, 9139695598/7189, 92301617818/7189, 975717600742/7189, 1531980585142/1027}, {0, 277505322/51681721, 1413286561398/371539892269, 235041020509538034/2671000285521841, 4189048125847520273070/19201821052616514949, 343265360526013676063405682/138041891547260125968361, 11938527268337096311460794324038/992383158333253045586547229, 105852796927970048896164093709809342/1019177503608250877817384004183, 34660644944402554250957424577055785656990/51288069514078008924404215242501109, 1970722033037545077174344990200210018451411442/368709931736706806157541903378340472601}}","{33.96946497316123, 0.3170272498229245, 0.100506277130287, 61513/182, Sqrt[30041657299/2616614], 30041657299/2616614, 2536209933713484532729/902501173270559975401, (-319606697799924*Sqrt[79/30041657299])/30041657299, {61513/182, 139038775/1106, 712835644825/14378, 293035809533431/14378, 124469923822171537/14378, 54329044294047053815/14378, 24268941319093172573425/14378, 11057973556336040431023751/14378, 5124879999492837117951962737/14378, 2410086332000719886152522144855/14378}, {0, 30041657299/2616796, -79901674449981/119064218, 32103923211563095351/86678750704, -89045933970916614577065/1971941578516, 45884614700085857426146775419/2871146938319296, -347772515833114260287678406474111/130637185693527968, 10668114737082094412885622045412556713/13586267312126908672, -165444169774454154080301321158568627665985/1081806534728105103008, 129950579759906825064433215332287269301105445539/3150220629128242059959296}}"
"{1.4037348756231505, 0.5232599540180702, 0.27380097947899296, 68469/13355, Sqrt[641741982/89171335], 641741982/89171335, 159842321190724667/45759196829032036, 1806640289507/(106956997*Sqrt[320870991]), {68469/13355, 89427/2671, 3520929/13355, 31784391/13355, 314575209/13355, 660581763/2671, 36008868849/13355, 402284219991/13355, 4568641293369/13355, 10496697741459/2671}, {0, 1283483964/178356025, 43359366948168/2381944713875, 5754323562866088012/31810871653800625, 379724946460171318984896/424834190936507346875, 7610251408314841844668154244/1134732123991411123503125, 3070153463311260570928082668695384/75771737579526477771921171875, 287786692643697612783237242540430961788/1011931555374576110644007250390625, 24892481014726614069237831332794978926470832/13514345922027463957650716828966796875, 2292131455650605533138973148903647381844384458916/180484089788676781154425323250851572265625}}","{41.30667998452321, 0.3619329099428359, 0.13099543129968896, 4211221/13355, Sqrt[105588595822/8106485], 105588595822/8106485, 29795402053503758552473/11148951567661675855684, 444205932183812043/(1161474554042*Sqrt[580737277021]), {4211221/13355, 300371867/2671, 593238064909/13355, 50885823003203/2671, 116424900236039941/13355, 11205209874167305691/2671, 28031075161516177707229/13355, 2890723996625590953546227/2671, 7629440465881874278191800821/13355, 820364507696970514855665584075/2671}, {0, 2322949108084/178356025, 1776823728735248172/2381944713875, 14420974593895819139396932/31810871653800625, 25497816888706043576728525903404/424834190936507346875, 26183159720840626693277502030198968804/1134732123991411123503125, 331021206318680058783877651692276056758537596/75771737579526477771921171875, 1406415766360170583347060208678383588488239005094948/1011931555374576110644007250390625, 4217405334505416294364097412877865354212256921792104955148/13514345922027463957650716828966796875, 16431351829670758282822769549200829241907914780396996814603215316/180484089788676781154425323250851572265625}}"
"{1.3609337177637013, 0.544173511338553, 0.29612481044253025, 14702/3199, Sqrt[256008086/40931205], 256008086/40931205, 43504497763905938/16385035024345849, (414029213427*Sqrt[2/128004043])/128004043, {14702/3199, 175149/6398, 1213201/6398, 9333351/6398, 77518849/6398, 682498899/6398, 6290817901/6398, 60166977831/6398, 593222597929/6398, 6000188275899/6398}, {0, 128004043/20467202, 414029213427/65474579198, 21752248881952969/209453178854402, 182856085434969019875/670040719155231998, 5777986735287628570457893/2143460260577587161602, 77692005049725730360410288207/6856929373587701329964798, 286831473831464210668476344521087/3133616723729579507793912686, 35101476539029542172973044386604340235/70171079294476473918029086777598, 838982085079873977292283332587435072377293/224477282663030240063775048601536002}}","{43.223643107419484, 0.38480777159254276, 0.14807702107801857, 3735149/12796, Sqrt[413142226415/8186241]/2, 413142226415/32744964, 8209180327860984609217669/4267162481178578093805625, 296336714805116046/(10328555660375*Sqrt[82628445283]), {3735149/12796, 1251723131/12796, 461432635595/12796, 181460247386351/12796, 74548188962359979/12796, 31555448395876264871/12796, 13639627617836152660355/12796, 5985588958569703124003951/12796, 2656730499719830843275353339/12796, 1189694738874330320027583600311/12796}, {0, 2065711132075/163737616, 148168357402558023/1047593267168, 8209180327860984609217669/26810006893363456, 131093129229751265769016693515/85765212051869695744, 40376253293352247114644001395626233615/4389806613662898506960896, -2744580256700409305652548286929064529896147/28085982714215224647535812608, 31790951343586751412459457509960114537896033663407/102682352803170861311390930894848, -10444049890489735002194567192767520657509131382276834605/1149682963160702548672988557764165632, 1318304926087290949102752957367659191005405502850206842748495155/117690745572834798502556492681202107416576}}"
"{0.9967083916615785, 0.423359792762442, 0.17923351412785785, 80884/14545, Sqrt[97708727/4407135]/2, 97708727/17628540, 339461653708776631/114563943983526348, 448742116829/(195417454*Sqrt[293126181]), {80884/14545, 530404/14545, 3871564/14545, 30756628/14545, 262636324/14545, 2386508044/14545, 22855199884/14545, 228560163748/14545, 2366597437684/14545, 25186330393084/14545}, {0, 1172504724/211557025, 5384905401948/3077096928625, 4073539844505319572/44756374826850625, 88609433935079203974996/650981471856542340625, 4211858397137042232138670524/1893705101630681668878125, 907367180786355794491081283318844/137719703516091324369161640625, 133482677098255494104200897736956612068/2003133087641548312949456062890625, 8107388369812907992493135652292286464582692/29135570759746320211849838434744140625, 950102624615719157264079990210334855808586433116/423776876700510227481355900033353525390625}}","{28.07484613309095, 0.2807508511390553, 0.07882104041530398, 5180706/14545, (2*Sqrt[33052949786/1469045])/3, 132211799144/13221405, 3471550809593299616417063/1118717429305177544495104, -1155191150802902619/(8461555145216*Sqrt[33052949786]), {5180706/14545, 1990725572/14545, 801750311058/14545, 333768305872316/14545, 142566968606172426/14545, 62198250348905837012/14545, 27626821404980389351458/14545, 12462703665967484324792876/14545, 5698559139855595176370159866/14545, 2636808652341373887284504026052/14545}, {0, 2115388786304/211557025, -2310382301605805238/3077096928625, 13886203238373198465668252/44756374826850625, -32267616074429162839072066970046/650981471856542340625, 27005480524431270287775235683399171964/1893705101630681668878125, -407793234628080348461497297091802730085193774/137719703516091324369161640625, 1540904045477399707160967093115019263623080843300108/2003133087641548312949456062890625, -5173587291734952745761501730379709206861807023104562169022/29135570759746320211849838434744140625, 19038717268984080983620141672891903829808063712281448120492692716/423776876700510227481355900033353525390625}}"
"{1.2543445576574999, 0.49380362672891004, 0.24384202177062472, 36451/7086, Sqrt[323964035/50207853], 323964035/50207853, 185905468499703/67493695159795, 2621603283554/(323964035*Sqrt[323964035]), {36451/7086, 38871/1181, 861155/3543, 2351222/1181, 62298473/3543, 193720006/1181, 5643034265/3543, 18820346202/1181, 578114523953/3543, 2009677929566/1181}, {0, 323964035/50211396, 1310801641777/177898976028, 96361001172346055/840394762756272, 1340460669626163456805/4466277966668207544, 367081101276956668497535735/126592182687243674627136, 1693348018929795137467197102169/149505367753634779734647616, 568623425414717420198073968081578985/6356370215413536295198278041856, 2454397429584312736115653087255982559565/5630154918302539773471874775573952, 111243269834801674567661011723202831697296915/35462469112081597186508181919748465664}}","{52.966987067441586, 0.38601472028816664, 0.14900736427915154, 2518829/7086, Sqrt[945310445429/50207853], 945310445429/50207853, 1929820803413563813899561/893611838237174386994041, 121552433219439700/(945310445429*Sqrt[945310445429]), {2518829/7086, 1028762345/7086, 462952432847/7086, 223138733343521/7086, 113149637029676579/7086, 59673546549333234125/7086, 32479148201063189128487/7086, 18143683160209387568665481/7086, 10359327653243587103942694539/7086, 6025370422396028262102440575205/7086}, {0, 945310445429/50211396, 30388108304859925/88949488014, 643273601137854604633187/840394762756272, 99728982627485200121045251645/2233138983334103772, 5358707056293474249575386006507247389/126592182687243674627136, 347904219955639394011250100155627139417445/74752683876817389867323808, 17676223763928275956138884110561045202620883250001/6356370215413536295198278041856, 1254062386337326661033942621745133150404252163646885005/2815077459151269886735937387786976, 7227332549356265140290267589561512709358241028526529269514461/35462469112081597186508181919748465664}}"
"{0.9552039427245574, 0.5000173003744692, 0.2500173006737722, 7622/1995, Sqrt[7261843/1989870], 7261843/1989870, 278044326758181/105468727513298, 7334891963/(7261843*Sqrt[14523686]), {7622/1995, 84934/4655, 1388678/13965, 146018/245, 53591774/13965, 121514094/4655, 369492554/1995, 6318948982/4655, 142488145454/13965, 364149739454/4655}, {0, 14523686/3980025, 2095683418/1134307125, 185362884505454/5280199666875, 1525047216473810678/31601995006246875, 6033672654693061621706/12609196007492503125, 44476164716382705900555946/41925576724912572890625, 279700535742970275121635259334/35846368099800249821484375, 11429912547058597910497076802049126/500594530513710488757029296875, 2272931302053049900520991097772405918/15852160132934165477305927734375}}","{28.69092438858312, 0.34514850650682827, 0.11912749154389407, 177019/735, Sqrt[35460452113/104730]/7, 35460452113/5131770, 5361473048205899718111/2514887328116732329538, (157185725181143*Sqrt[38/35460452113])/35460452113, {177019/735, 302176737/4655, 37996111537/1995, 27703531033277/4655, 27217730666224471/13965, 439667714799987091/665, 3216801671482818073999/13965, 381282717252236198029437/4655, 59028829141272084484048033/1995, 50371869433618608635631250037/4655}, {0, 70920904226/10264275, 628742900724572/7544242125, 188121861340557884846/1848339320625, 10193756442022842247926124/4075588201978125, 1093414778460017681650992676466/599111465690784375, 46215034624173543442446238905604052/733911545471210859375, 8235311069929135178649846223518902730086/231182136823431420703125, 1805816673076118006685310801450076263003638668/1189432093956554659517578125, 70964756003751186168101115097058408832762474253706/97136954339785297193935546875}}"
"{0.8767380087481013, 0.40839297790474166, 0.16678482440190281, 71775/13654, Sqrt[286384739/62139354], 286384739/62139354, 572163793308236507/246048656196294363, (175672129736*Sqrt[3/286384739])/286384739, {71775/13654, 440223/13654, 2984139/13654, 21711039/13654, 166360755/13654, 1326237783/13654, 10910110299/13654, 92077729359/13654, 793822805955/13654, 6967627847943/13654}, {0, 859154217/186431716, 197631145953/318192331283, 1716491379924709521/34756784730704656, 189362905437821045205/29660571169565085814, 5007954853199264598475599417/6479767019987866907269696, -1634498961115987842746079646437/11059342361364291843982553648, 18073455491875598812239155277208846881/1208034084816544326701902300078336, -5498371625251103047842146920755302456835/515453043565159257399617937664674992, 73870341186940316682646261721588006638970822217/225215867418837904017100266267951114904576}}","{37.09831591421529, 0.3285860013698412, 0.10796876029622127, 2345773/6827, Sqrt[1188141782386/10356559]/3, 1188141782386/93209031, 54148316596608415255835/27147709520218864997173, -12210474492812409/(594070891193*Sqrt[594070891193]), {2345773/6827, 893030886/6827, 366384568675/6827, 158653453910550/6827, 71468649239734483/6827, 33167850043821138966/6827, 15755221071492836654395/6827, 7625835555889836962251350/6827, 3748915612579165290603593923/6827, 1867346211806723015892095268246/6827}, {0, 594070891193/46607929, -12210474492812409/318192331283, 703928115755909398325855/2172299045669041, -43646309876152193099411290065/14830285584782542907, 1117909155283618278691940260300500683/101246359687310420426089, -186047071936268357034221796795071837184909/691208897585268240248909603, 2097478767934474749606229556680526677569501719375/4718883143814626276179305859681, -709157431723266917712107150164607573013429037862036025/32215815222822453587476121104042187, 4396001098264054586497573772384197029229412427440932380215123/219937370526208890641699478777296010649}}"
"{0.9426428901681833, 0.4619367425023603, 0.2133855540736919, 61594/13943, 5*Sqrt[16189770/97196653], 404744250/97196653, 186436689298561753/54605969302687500, 485196580963/(337286875*Sqrt[8094885]), {61594/13943, 330152/13943, 2031304/13943, 13991492/13943, 106415224/13943, 883306412/13943, 7897024864/13943, 74960417732/13943, 745203155944/13943, 7669573130972/13943}, {0, 809488500/194407249, 11644717943112/2710620272807, 2237240271582741036/37794178463748001, 112980980093248623893760/526964230320038377943, 12609684491858075261772653220/7347462263352295103659249, 987684193255730149548619225108392/102445666337921050630320908807, 97764766600917840076318503775376248476/1428399925749633208938564431496001, 8859973941617456102658568194125739389136720/19916180164727135832230403868348741943, 864709907048389476847510596660169166292616121940/277691300036790454908788521136386508911249}}","{28.03916437120854, 0.3142919705771537, 0.09877944276927043, 3957808/13943, Sqrt[773597168189/97196653], 773597168189/97196653, 3265838276960265672216941/1196905157260079907079442, (234049155156335652*Sqrt[2/773597168189])/773597168189, {3957808/13943, 1234414294/13943, 418208489008/13943, 152044589563798/13943, 58571889275393488/13943, 23617355557227103414/13943, 9860650269182087746288/13943, 4225520806041578703877078/13943, 25285869512780868210556816/191, 817852889794598444415652646134/13943}, {0, 1547194336378/194407249, 936196620625342608/2710620272807, 6531676553920531344433882/37794178463748001, 7451414485964336466386770350960/526964230320038377943, 35031943756540918300877123088248153818/7347462263352295103659249, 51593442362514824991797845159359664016518608/102445666337921050630320908807, 206079708042928902050487613733722153495021377550042/1428399925749633208938564431496001, 347734713920985039359513870936057738211583818707152591920/19916180164727135832230403868348741943, 1268299671668187981456216963875626023640210353307754805248791258/277691300036790454908788521136386508911249}}"
"{2.0855626618530962, 0.594911879275614, 0.3539201441032427, 3901/662, Sqrt[113095477/9202462], 113095477/9202462, 28915949451454905/12790586917857529, (132266428032*Sqrt[21/113095477])/113095477, {3901/662, 653579/13902, 2055537/4634, 64216847/13902, 237463257/4634, 8256504479/13902, 4705349151/662, 1211869555487/13902, 5050191673017/4634, 192332966803679/13902}, {0, 113095477/9203124, 5511101168/253852837, 1376949973878805/4033213874256, 38796391143526970/27812370674557, 24355263940652404686517/1767531781109446464, 70108362156509252373643/870614612421468422, 525756680226920696623893677845/774610197880528256169216, 6205754617959377269923269425055/1335395705721119024958388, 12603301329658602894263020013585563957/339468271559954225096621896704}}","{104.97020168128142, 0.5095119758832465, 0.25960245356844996, 1873757/4634, Sqrt[2734168926315/64417234], 2734168926315/64417234, 1291861739085108048029041/830631079736279988831025, 93199748070092456/(911389642105*Sqrt[911389642105]), {1873757/4634, 954327781/4634, 549272975659/4634, 336813516881145/4634, 647519849106257/14, 139812266356922950001/4634, 92875383932676814678899/4634, 62564802620581744336513465/4634, 42615494868663695381256106507/4634, 29287489909943947039061945630721/4634}, {0, 911389642105/21473956, 11649968508761557/12438789013, 1291861739085108048029041/461130786289936, 25201386207946483251430857805/133555003979222714, 2132857738576338233577488887943635945/9902302215035488906816, 143106521137494405265813681805030566917327/5735908558059306949273168, 553833187882574409362809345692279616277374953943/30377371723482089603350697728, 89465656937763732803607019647597603828270325425270205/30793161998947250704796560403152, 7528962047885266656218949280989202180365170665126782063543385/4566256406499889912512872349062603776}}"
"{1.0715985148561042, 0.4356492935360778, 0.18979030695848367, 28632/5071, Sqrt[116683679/19285013], 116683679/19285013, 59733267055178583/27230161889950082, (419673399813*Sqrt[3/116683679])/466734716, {28632/5071, 577028/15213, 1443342/5071, 35025368/15213, 99771022/5071, 2668336928/15213, 8199080822/5071, 232903662968/15213, 68291561082/461, 22195661624528/15213}, {0, 466734716/77145123, 279782266542/130400972911, 159288712147142888/1983790000895043, 319924975710910515150/3353266364846254351, 72048601677157932604966976/51013241208406067441763, 255986789669096483834211397302/86229382055942389332393391, 38719022539810910486528043389831048/1311807589217051568913700657283, 190710342412196269364654212370182487550/2217392094973222835320458677694031, 23332376998897863258353168286885795177699536/33733185940827638993730137863759293603}}","{41.5865965671089, 0.3400177225673837, 0.11561205165991033, 1824080/5071, Sqrt[576970464577/38570026], 576970464577/38570026, 1271712571484435794638831/665789833988398423577858, (34756826834009682*Sqrt[6/576970464577])/576970464577, {1824080/5071, 2195966174/15213, 319673833656/5071, 445634354354774/15213, 72171982190772800/5071, 108620870546251252814/15213, 18591881446253224236616/5071, 29136568672543992151862534/15213, 5139504676280924924845950480/5071, 8240354135570134660286063424254/15213}, {0, 1153940929154/77145123, 46342435778679576/130400972911, 847808380989623863092554/1983790000895043, 66430142239694770394881685600/3353266364846254351, 734730783946959189871958298774125714/51013241208406067441763, 79568794011284681440343359624282422614056/86229382055942389332393391, 691410192824226111704643473223547675083013640474/1311807589217051568913700657283, 91851882856721560152894923150179373833972544107827120/2217392094973222835320458677694031, 682871314278101576606950359448261543556904095522356488907874/33733185940827638993730137863759293603}}"
"{0.8498511920087987, 0.4044091623743302, 0.16354677061230738, 82399/15857, Sqrt[555173171/31428574]/2, 555173171/125714296, 1446365997919483793/616434499596390482, -559556613759/(79310453*Sqrt[1110346342]), {82399/15857, 498199/15857, 3285403/15857, 22984351/15857, 167987539/15857, 1271170999/15857, 9902683723/15857, 79114443151/15857, 646365836419/15857, 5388001260199/15857}, {0, 1110346342/251444449, -7833792592626/3987154627793, 2892731995838967586/63224310932913601, -49388322899262882270450/1002547898463210971057, 11101055912981260058547750202/15897402025931136368050849, -297520371883715556897091474040106/252085103925190029388182312593, 52529853568380926326707475178436694786/3997313492941738296008406930787201, -1850604855128236099852487348400298898140290/63385400057577144159805308701492646257, 280218338182599348117165912690228496149676498762/1005102288713000774942032780079568891697249}}","{21.500940038533336, 0.2535735411851237, 0.06429954078916363, 5302377/15857, Sqrt[451920140517/15714287]/2, 451920140517/62857148, 395868016525838266205931/90769694846624455567684, -138012528837952801/(150640046839*Sqrt[451920140517]), {5302377/15857, 1887045621/15857, 694070245533/15857, 260688003343029/15857, 99421951235857677/15857, 38384116052860820901/15857, 14972903662788774513933/15857, 5893659125956861046620629/15857, 2338696916816649764684525517/15857, 934859448410811510479223294981/15857}, {0, 1807680562068/251444449, -3312300692110867224/3987154627793, 14251248594930177583413516/63224310932913601, -46867437814069180494033154279920/1002547898463210971057, 180917552228431441368815848479929363268/15897402025931136368050849, -682369822283736912303706309761075853820452344/252085103925190029388182312593, 2673900218309608601443121458225481957624056320774396/3997313492941738296008406930787201, -10535412740590812655161812734553533537583286599520792568320/63385400057577144159805308701492646257, 42068462614669000922297848807479456194858458861533717756645636468/1005102288713000774942032780079568891697249}}"
"{0.5020574649685374, 0.30296337908980037, 0.09178680906951009, 27278/4987, Sqrt[2328171/847790], 2328171/847790, 645750291743903/291496002148516, (1862404602*Sqrt[2/8536627])/8536627, {27278/4987, 162900/4987, 1043240/4987, 7058112/4987, 49858808/4987, 364524840/4987, 2740588640/4987, 21088731072/4987, 165520485608/4987, 1321720808280/4987}, {0, 68293016/24870169, 59596947264/124027532803, 10332004667902448/618525306088561, 21702497769464640120/3084585701463653707, 2189177085715741638350936/15382828893199241036809, 8122661495006286083482115664/76714167690384615050566483, 575218308538030037467726141147328/382573554271948075257175050721, 3352734267621602951279602244910524520/1907894315154205051307531977945627, 176960571596758112542850557358709784849256/9514668949674020590870661974014841849}}","{9.673184352982089, 0.16631886431817705, 0.027661964628088186, 1743917/4987, Sqrt[126181845167/9325690]/2, 126181845167/37302760, 83284846363378524700779/31843716099497522515778, (-10612932398814435*Sqrt[3/252363690334])/126181845167, {1743917/4987, 1880108923/14961, 230666205729/4987, 260103542609515/14961, 33197964825190817/4987, 38766874862830979083/14961, 5104387015299550818049/4987, 6128969324946931086479275/14961, 827434267557721235562431457/4987, 1016150563094218105085482855243/14961}, {0, 252363690334/74610507, -7075288265876290/124027532803, 55523230908919016467186/1855575918265683, -3746378070707531854180213330/3084585701463653707, 16484927499937895905599723141454234/46148486679597723110427, -1792191178368862465032944433602482305370/76714167690384615050566483, 5727232966486911488029289324123967273435938386/1147720662815844225771525152163, -836732053446473251869535118867452144834074732556930/1907894315154205051307531977945627, 2215503268341163046819415712695750779112373789080170644234/28544006849022061772611985922044525547}}"
"{1.1727355274607738, 0.468848261350356, 0.21981869217125174, 81535/15283, (2*Sqrt[182656178/12975267])/3, 730624712/116777403, 726788267715629/299222236426616, 2983560437589/(1461249424*Sqrt[91328089]), {81535/15283, 530603/15283, 3902059/15283, 1838371/899, 266569915/15283, 2385620723/15283, 22162934779/15283, 212052155507/15283, 2076917470075/15283, 20726581625843/15283}, {0, 1461249424/233570089, 11934241750356/3569651670187, 5186361078418728544/54554986475467921, 110947001326686022111140/833763858304576236643, 25696044220697851237350646864/12742413046468838624614969, 868859984871586950502143198299796/194742298589183260699990571227, 150371128838383099961481953948703136384/2976246549338487773277955900062241, 6555181883506338759730141787836408325899140/45485976013540108639007000020651229203, 964560376074565579924554970747096799529170515504/695162171414933480329943981315612735909449}}","{56.46936494628201, 0.40375177265694473, 0.1630154939236252, 311418/899, Sqrt[134371391510/763251]/3, 134371391510/6869259, 3897428993215098982049/1805567085633370008010, (7643302003439331*Sqrt[17/67185695755])/268742783020, {311418/899, 2132839472/15283, 964845653286/15283, 474118228804184/15283, 246454458338024166/15283, 133046107257043318232/15283, 73710806310810244917606/15283, 41600375394118708565667704/15283, 23804769420641205809928025446/15283, 13769155189534001844399578432792/15283}, {0, 268742783020/13739417, 15286604006878662/12351735883, 9170421160506115251880/11104210558817, 919259353597273562966891430/9982685292376483, 414571467534761393108505711643840/8974434077846458217, 51741015938093391024763104535059302622/8068016235983965937083, 21242374547914060353162465270101916934597960/7253146596149585377437617, 2992053323426163971321537253439121619977426363190/6520578789938477254316417683, 1162393855687129594470376271266000401924082271640567760/5862000332154691051630459497017}}"
"{0.8277315776844699, 0.43542189602261944, 0.1895922275359328, 58939/13500, Sqrt[658557779/202485]/30, 658557779/182236500, 1174766060420511477/433698348281412841, 575825640958/(59868889*Sqrt[658557779]), {58939/13500, 306101/13500, 1797097/13500, 11567993/13500, 79889449/13500, 582449921/13500, 4429536817/13500, 34831380953/13500, 281402122009/13500, 2325012827441/13500}, {0, 658557779/182250000, 3167041025269/1230187500000, 391588686806837159/11071687500000000, 6929240591118633107449/112100835937500000000, 619008636787326054060790139/1210689028125000000000000, 19097320403917702496885045079229/13620251566406250000000000000, 10387547395434078183074638654108661033/1103240376878906250000000000000000, 62763534589350191905122081141127885852609/1861718135983154296875000000000000000, 4588769634991600596823787754476342379853524899/22340617631797851562500000000000000000000}}","{15.99817896382634, 0.24935334281155996, 0.062177089571299346, 1157851/4500, Sqrt[83349609299/202485]/10, 83349609299/20248500, 17102484290562320935797/6947157370295947271401, -6493953236585398/(83349609299*Sqrt[83349609299]), {1157851/4500, 63287491/900, 90630237551/4500, 8979335671021/1500, 8250414931979711/4500, 518005139206035707/900, 830028292317310652351/4500, 270687359993989656840743/4500, 89605248786171871004573951/4500, 2003132404218651478443050281/300}, {0, 83349609299/20250000, -3246976618292699/45562500000, 5700828096854106978599/136687500000000, -876862256675748672082166999/461320312500000000, 984901162599403088742230554107899/1660753125000000000000, -270062334650162260934113101194526801299/6227824218750000000000000, 1670308095266626842985765563809331353610980393/168151253906250000000000000000, -88972088339001104555578121755976527326623334195599/94585080322265625000000000000000, 68741385071246379683355107910710502490686492465645646499/378340321289062500000000000000000000}}"
"{0.8870937181182902, 0.44834265864756134, 0.20101113956316372, 65072/14745, Sqrt[425548423/27175035]/2, 425548423/108700140, 986168584710432201/362182920635573858, 4794712089533/(425548423*Sqrt[851096846]), {65072/14745, 344894/14745, 2075642/14745, 13731842/14745, 97741562/14745, 737096714/14745, 5822738642/14745, 47776429922/14745, 404621657162/14745, 3520396715834/14745}, {0, 851096846/217415025, 9589424179066/3205784543625, 657445723140288134/15756431031916875, 60572149360201949084378/696985726696842965625, 1431084868454527367099627186/2055410908028989905628125, 120997590897606492014957198737606/50511723064812426930811171875, 35096356197669918566067341875036535858/2234386069771977705284432187890625, 2342205981236737994491123656495501150531946/32946022598787811264418952610447265625, 23689530853695260830820973356465014942248547226/53976567024347364121539717360116103515625}}","{16.58180547096179, 0.24066733134249624, 0.05792076437551887, 4221262/14745, Sqrt[516011583343/27175035]/2, 516011583343/108700140, 1503707082791742424478181/532535908288299670111298, -280418815704305537/(516011583343*Sqrt[1032023166686]), {4221262/14745, 426157478/4915, 403501890754/14745, 43816038957134/4915, 43934757806085922/14745, 5002602497760383918/4915, 5225485876928816083714/14745, 616978893931396524126254/4915, 665956307576528716545444322/14745, 81022264825997770997960038958/4915}, {0, 1032023166686/217415025, -560837631408611074/3205784543625, 1002471388527828282985454/15756431031916875, -3380287826564005010822855629322/696985726696842965625, 2506842091499500637350132147071448706/2055410908028989905628125, -6454385091123095654629112156267930222161054/50511723064812426930811171875, 60796847609616213778226891945954731343038239765338/2234386069771977705284432187890625, -112064460317670230731355601787250479554435601329745740874/32946022598787811264418952610447265625, 35599555845447854175364180830212034702300175702128903876806426/53976567024347364121539717360116103515625}}"
"{0.6642901902762917, 0.37214352113401516, 0.13849080032202318, 73897/15406, Sqrt[252072283/79109810], 252072283/79109810, 537673292618501131/190621307570496267, -414624285208/(252072283*Sqrt[756216849]), {73897/15406, 403543/15406, 2401303/15406, 15271963/15406, 102494647/15406, 718979683/15406, 5231883823/15406, 39252118843/15406, 302096425927/15406, 2375209250323/15406}, {0, 756216849/237344836, -155484106953/457066817927, 1613019877855503393/56332571175866896, -592204283847765796485/54241224470962837486, 4993222076137414923361395249/13370244867194455588949056, -7023137241949830731307071017923/25747749052999722850418644592, 18362524462608770046721637406384283713/3173358575284109841868397108674816, -9797578408025011415099968067527453116285/1527773819088343631994516433007631728, 74836002090003698518175728831348898963948679249/753180270620000703824240645341298380850176}}","{18.172276998198, 0.24163180178923216, 0.05838592763591078, 4795027/15406, Sqrt[89489245947/15821962], 89489245947/15821962, 2104636773849624249431683/600624385512199194510675, -219095246465260108/(1342338689205*Sqrt[149148743245]), {4795027/15406, 1579554889/15406, 543095815549/15406, 193498189185373/15406, 71113367753464477/15406, 26864907749459061109/15406, 10400991387953837372869/15406, 4115540964606626948244253/15406, 1660083841250906185581286477/15406, 681002514171995837963220617029/15406}, {0, 1342338689205/237344836, -164321434848945081/914133635854, 6313910321548872748295049/56332571175866896, -1128816813786571542444356673165/108482448941925674972, 47435793903206790058608819048861141885/13370244867194455588949056, -27046271546186797283217795588417692135755491/51495498105999445700837289184, 440767416042008126608661690183981538713547015889809/3173358575284109841868397108674816, -77515849628766107148852894917695139703469356869214951285/3055547638176687263989032866015263456, 4533720132639817030572763263701804946707238320954326715100026565/753180270620000703824240645341298380850176}}"
"{1.043025328218543, 0.4432382624938035, 0.19646015733852584, 38475/7247, 2*Sqrt[48467490/35010257], 193869960/35010257, 42256165277039719/14094585521400600, (40160539429*Sqrt[5/1615583])/116321976, {38475/7247, 244395/7247, 1780950/7247, 14427993/7247, 126550950/7247, 1176487125/7247, 11408359770/7247, 114086353833/7247, 1167421292670/7247, 12159434217405/7247}, {0, 290804940/52519009, 3012040457175/380605258223, 253536991662238314/2758246306342081, 5754286445395690105575/19989010982061061007, 324806159889977457425211750/144860362586996509117729, 10129777304210989419117935402955/1049803047667963701576182063, 505242356711477186172885918986895354/7607922686449732945322591410561, 18505879421538682551795329170373766740895/55134615708701214654752819952335567, 886189993608462700520297246033224480679370510/399560560040957702602993686194575854049}}","{27.28642273967685, 0.2905975206015931, 0.08444691897979333, 2341645/7247, 2*Sqrt[231507976787/105030771], 926031907148/105030771, 322460275808867485651697/107191886632020261686738, (66572198397955995*Sqrt[2/231507976787])/231507976787, {2341645/7247, 820521217/7247, 311485139755/7247, 127267986722953/7247, 55367462694476155/7247, 25331104345111016497/7247, 12046041563979733823035/7247, 5896940479253605726896313/7247, 2949843821700967968240304315/7247, 1499800554214887613455948562177/7247}, {0, 463015953574/52519009, 266288793591823980/380605258223, 644920551617734971303394/2758246306342081, 708525801060770570718569432280/19989010982061061007, 1278077525524106657874536668883324254/144860362586996509117729, 1780501452276257808829070918854705025357580/1049803047667963701576182063, 2980807427474926706087291148727038439115928387994/7607922686449732945322591410561, 4580063548662816565120114021055019866525071501387873920/55134615708701214654752819952335567, 7561639880754590072148389333967290631161562934181982298007734/399560560040957702602993686194575854049}}"
"{0.7293395538602012, 0.3739318889846862, 0.1398250575996557, 27108/5197, Sqrt[154114451/40510615], 154114451/40510615, 106145040184582749/47502528014062802, (19217556855*Sqrt[6/154114451])/154114451, {27108/5197, 483502/15591, 1047852/5197, 21786694/15591, 52752668/5197, 1190971702/15591, 3070139692/5197, 72781537414/15591, 195093957948/5197, 4775758610902/15591}, {0, 308228902/81026427, 25623409140/140364780373, 70763360123055166/2188427290795443, -8323037294959247020/3791085543421305757, 21443219269548991216451422/59106814707481578057387, -9136353143468768724303652940/102392705344927253721413413, 7608974625029421051037606819183966/1596404669032760812770556522083, -5598913979100939208806267243894473580/2765505021654419314656194081755117, 2999257368774389844175576253143766835176542/43116988792614051534804721928644029147}}","{17.852433497072603, 0.2272723043920232, 0.05165270034366045, 1796210/5197, 9*Sqrt[3085926902/40510615], 249960079062/40510615, 15955070610657501447523/6942226791631254533316, 1783412452751740/(124980039531*Sqrt[4628890353]), {1796210/5197, 652878664/5197, 248343701440/5197, 98327011963404/5197, 40301262657394640/5197, 17011992145656727364/5197, 7361883450390799315800/5197, 3253209617319325705534924/5197, 1463189461142086027786537600/5197, 668016066935047366897168577364/5197}, {0, 166640052708/27008809, 14267299622013920/140364780373, 63820282442630005790092/729475763598481, 10530000546969382782371085240/3791085543421305757, 33866289276764239293976147665934148/19702271569160526019129, 7215782419324156403603644718481771300640/102392705344927253721413413, 21264896723692337168944752531678626502728670012/532134889677586937590185507361, 5244227421046105030836146441581452498048788846166920/2765505021654419314656194081755117, 14741812935327432036293974024511365468822235748507404425588/14372329597538017178268240642881343049}}"
"{1.2092076456641867, 0.44621910083572647, 0.19911148595064423, 97976/16133, Sqrt[477802933/65064389], 477802933/65064389, 1276527381789347621/456591285566804978, 21513345771195/(1911211732*Sqrt[477802933]), {97976/16133, 713476/16133, 5937158/16133, 4200616/1241, 31833358/949, 5665618456/16133, 61748776478/16133, 693296261848/16133, 7961075502446/16133, 93038095851736/16133}, {0, 1911211732/260273689, 43026691542390/4198995424637, 10212219054314780968/67742393185668721, 523827589491465975221070/1092888029264393475893, 77953493121514009589351567512/17631562576122459946581769, 5728520410662270222211932378387150/284449999040583646318203679277, 725776104152652702716728284364145045368/4589031834521735966051579957775841, 65137846718352934646431330027719257782478190/74034850586339166340310139458797642853, 7802080444003537785840312929557638306230700400792/1194404244509409770568223479888782372147449}}","{46.335648297389376, 0.3453594496378941, 0.11927314945418913, 482108/1241, Sqrt[4869855507/270538], 4869855507/270538, 1720555355723971909831/655889079803044703638, (6732653826716063*Sqrt[13/360369307518])/60061551253, {482108/1241, 2725169150/16133, 1310533441586/16133, 52682769454634/1241, 29363994090088178/1241, 223237039212569801330/16133, 135232754073412136025146/16133, 84070767078281987171313842/16133, 53281101482069561997588680714/16133, 34263818445865069936998234265010/16133}, {0, 360369307518/20021053, 40395922960296378/24846126773, 26205381571795879857426/30834043325293, 5953664676493337352563728050/38265047766688613, 2717819826574686706097515784267058/47486924278460568733, 798189366484792926672486820744846436658/58931273029569565797653, 326766259192583273020014996820212799128649026/73133709829695831154887373, 107699490152733666595131214339174508135123862739410/90758933898652526463215229893, 42318339538842606226973862647493023666976912316862263698/112631836968227785340850100297213}}"
"{1.00624993463316, 0.44990818259267473, 0.20241737276384356, 71371/14357, Sqrt[257751443/1051577]/7, 257751443/51527273, 751179589682514749/265743225474328996, 3117034111173/(515502886*Sqrt[257751443]), {71371/14357, 426609/14357, 2895211/14357, 3090567/2051, 174179851/14357, 1486762449/14357, 13291562731/14357, 123304752369/14357, 1178537151691/14357, 1648613138727/2051}, {0, 1031005772/206123449, 12468136444692/2959314357293, 3004718358730058996/42486876227655601, 92909574716083570465380/609984082000451463557, 13434751744274972442170555732/8757541465280481662287849, 667152479794828836753901182225252/125732022817031875225466648093, 10795869739677685510442402583587402828/257876378797732376087432095238743, 4810761746514160969874768497099286441533860/25916318192793306064410838139398432757, 482277920460054738129008802172624003422472443092/372080580293933495166746403167343299092249}}","{22.789713872232547, 0.2673480992836315, 0.0714750061905705, 4577711/14357, Sqrt[748842868009/2103154]/7, 748842868009/103054546, 2958326600296275858452989/1121531281935889191248162, (-105208770825373884*Sqrt[2/748842868009])/748842868009, {4577711/14357, 1563914727/14357, 563133510161/14357, 211416928841571/14357, 82162551458788121/14357, 32891963257347372147/14357, 13517290380154138850921/14357, 5687933635864596597114771/14357, 2445564637812707926736199641/14357, 1072422095378061260889403396467/14357}, {0, 1497685736018/206123449, -420835083301495536/2959314357293, 5916653200592551716905978/42486876227655601, -3316691699063263131992275490640/609984082000451463557, 34917980333867015761498553680396102538/8757541465280481662287849, -26957814955116262512106136688951129660133776/125732022817031875225466648093, 34673303973994928977648493750394617701709733293174/257876378797732376087432095238743, -232835152437667933357833383325596168615211585646920849360/25916318192793306064410838139398432757, 1817354926321159410452801277311929123813590174010076430272945258/372080580293933495166746403167343299092249}}"
"{1.3105930545685482, 0.5278628508750783, 0.2786391893339652, 64147/13638, Sqrt[1146470945/185981406], 1146470945/185981406, 147862182763804713/52575825109167721, 31869749448488/(1146470945*Sqrt[1146470945]), {64147/13638, 385783/13638, 2776699/13638, 22514815/13638, 197210467/13638, 1818990103/13638, 17405994619/13638, 171285326575/13638, 1724114723347/13638, 17690844326023/13638}, {0, 1146470945/185995044, 3983718681061/317075051259, 1232184856365039275/11531385464187312, 13314718929395375892685/29487194055109980198, 18942255742623806351206149025/6434341640377438559045184, 59423504171142239225010365047477/3656314637144479461177425808, 124325696263148723214059926509924884225/1196755656513033861396905596068096, 330376322262308664675245843378895474955165/510042301360148618804093703724271664, 105986880248878794596616341971640594419478374745/24732291221154513291556373089392415835136}}","{44.11986109221792, 0.3827042561739768, 0.14646254769367686, 1369421/4546, Sqrt[823929325015/61993802], 823929325015/61993802, 254158622253573370613421/135771906523934700950045, (211994007638133324*Sqrt[3/823929325015])/823929325015, {1369421/4546, 1418801353/13638, 182282195249/4546, 227849018989969/13638, 33326198947335441/4546, 45386167992451708513/13638, 7027110459674268666049/4546, 9952537282689900457259089/13638, 1585422932702314343740127921/4546, 2295011441760510337950015963073/13638}, {0, 823929325015/61998348, 17666167303177777/23487040834, 423597703755955617689035/1281265051576368, 9020571621171192934123908805/242692955186090372, 287038615071621383645426892535575775/26478772182623203946688, 16708846757009847243789129147497066038347/10031041528517090428470304, 227569253115119033297667885238103720160128065555/547213377463664317053912023808, 3890864375063356343267698349669034563815568067203245/51825666957287874694314251254816, 197938556817955729968398644334349961681575095731760979704935/11308775135415872561296924137810889728}}"
"{0.6007676553377372, 0.34916047270275363, 0.12191303569801036, 76278/15479, 2*Sqrt[88660606/119791981], 354642424/119791981, 324023123231639705/125771248900595776, 335770188009/(1418569696*Sqrt[44330303]), {76278/15479, 421708/15479, 2532522/15479, 16208956/15479, 109009818/15479, 762208108/15479, 5497582362/15479, 40668152476/15479, 307229035098/15479, 2362598581708/15479}, {0, 709284848/239599441, 671540376018/3708759747239, 1296092492926558820/57407892127512481, -5487546883153374995790/888616762241765693399, 3605794227528726675019846268/13754898862740291168123121, -51224252509411115524910837109702/212912079496356966991377789959, 12673111397257596538335083440609405220/3295666078524109492059536810775361, -325647522212072910189108475419194404941150/51013615229474690827589570293991812919, 51853977812937647335527867707011095964054477388/789639750137038739320258958580699272173201}}","{14.710058642021458, 0.214903363262585, 0.046183455541570564, 4930272/15479, 2*Sqrt[140316950969/119791981], 561267803876/119791981, 57276065808523009122943/19688846729236750038961, -21011595472242771/(280633901938*Sqrt[280633901938]), {4930272/15479, 1642878584/15479, 568774765032/15479, 203552143527488/15479, 74991587098505472/15479, 28336988910126915704/15479, 10945556118628123574712/15479, 4308604350775011837104048/15479, 1723729579315833430420518192/15479, 699216153775833250292698826024/15479}, {0, 1122535607752/239599441, -168092763777942168/3708759747239, 3665668211745472583868352/57407892127512481, -2769051417176701617701530556160/888616762241765693399, 17739468060657234979297275527473237192/13754898862740291168123121, -24539145030987287985953311935180548770175688/212912079496356966991377789959, 104326050533443347278603669255119326446611121989072/3295666078524109492059536810775361, -196198071689470131265731782903822354999714509192579454160/51013615229474690827589570293991812919, 689926887143379212641017283392337609677455148567488177003483032/789639750137038739320258958580699272173201}}"
"{1.2685506691452937, 0.4688354388138099, 0.21980666868773768, 15917/2758, Sqrt[167054549/22818313], 167054549/22818313, 80866260894920901/27907222341593401, (832142526930*Sqrt[3/167054549])/167054549, {15917/2758, 168076/4137, 916179/2758, 1792402/591, 82719387/2758, 1300055146/4137, 9472715979/2758, 160255034974/4137, 1234024296027/2758, 3111325511038/591}, {0, 167054549/22819692, 138690421155/10489451756, 26955420298306967/173579447658288, 25275129067137862135/39894343053463192, 6776052653712701904470729/1320343177697417802432, 17332768389287457961604904865/606917747348246383184576, 299493069459952757976297695231741/1434753554731254449848337664, 1522153071347677676486148853102545375/1154139671985066600365500289216, 715585590113748989016904592213479894800509/76394813168035528411393195143785472}}","{45.17642289737331, 0.3570597661339214, 0.12749167659161062, 5863751/16548, Sqrt[4383354821387/68454939]/2, 4383354821387/273819756, 58244329684314219503672133/19213799490176658672603769, 6893323820981467378/(4383354821387*Sqrt[4383354821387]), {5863751/16548, 334670833/2364, 1043027349635/16548, 508987964133679/16548, 267099156285339851/16548, 147993473938033056871/16548, 85267734882211034670515/16548, 7214216495887837158544297/2364, 30492811628902167641281613531/16548, 18667539371048713255760088658711/16548}, {0, 4383354821387/273836304, 3446661910490733689/2265721579296, 19414776561438073167890711/24995440462793472, 45270048064723657735820217739925/310218411583729780992, 1053107287777490927148929984821187755567/20533977099550241663422464, 698693377245056306533440754248832897410825713/56632708840559566507719155712, 3098267510388022354775794407771968482315306395681839/803278342194496891345488504619008, 11994850382643654763366674770071525738585308226413898765325/11631068755805217738237000802630926336, 53077492894464996403766712528506169165352977111600704329090919483/171085267352057549450974123806165839118336}}"
"{1.0486819259563902, 0.3922691672333207, 0.15387509956192294, 16554/2429, Sqrt[21082335/2949847], 21082335/2949847, 796431276112009/296309899368150, (12886447147*Sqrt[2/21082335])/7027445, {16554/2429, 911238/17003, 8049936/17003, 77878002/17003, 807082728/17003, 8806436658/17003, 14270788008/2429, 1167409462722/17003, 13965464048808/17003, 170246404824978/17003}, {0, 42164670/5900041, 22091052252/2047314227, 4778587656672054/34810483801681, 38406819505267059180/84554665154283149, 813854835459159422941710/205383281659753768921, 9108722554341662178200535444/498875991151541904709109, 24574369970176354204566182986602/173109968929585040934060823, 2298730295192361408166178657107590780/2943388801709734451001836173469, 5989904681467480805715707710523650060050/1021355914193277854497637152193743}}","{22.810970055118613, 0.22678305192843987, 0.051430552641977455, 7541333/17003, (5*Sqrt[58495422226/2949847])/7, 1462385555650/144542503, 5122244463318917569114727/2138571513373759246922500, 167267369664202869/(1462385555650*Sqrt[29247711113]), {7541333/17003, 3516819063/17003, 1723972177013/17003, 885713268189207/17003, 474489177311719013/17003, 263415019616812470663/17003, 150588761674773781107653/17003, 88140726319521734916700407/17003, 52561160143328530522996799333/17003, 31807883787495181233449322901863/17003}, {0, 2924771111300/289102009, 3345347393284057380/4915601459027, 20488977853275670276458908/83579971607836081, 47042360997485777897298159175140/1421110257248036885243, 195859371316051140416349169345389924140/24163137703988371159786729, 576481267553940787041739476584744453245508100/410845830380914274829853753187, 305540359248456849120895561568418863573389546959044/997944521995240773561714766491223, 6953309014070469811803308698572668723222795505820393457700/118776354952395552110088853222551852683, 24886479492059458254378412398667973979442673867435056395204090380/2019554363255581572527840771343049151169049}}"
"{1.3775061871574716, 0.45791970213401456, 0.20969045360250463, 17553/2672, (19*Sqrt[536869/5354354])/2, 193809709/21417416, 93198225879677253/37562203302664681, (560729871222*Sqrt[3/536869])/3682384471, {17553/2672, 418463/8016, 1260167/2672, 37401803/8016, 132041543/2672, 4424658803/8016, 17190849407/2672, 622282002443/8016, 2575073024663/2672, 98193502761443/8016}, {0, 193809709/21418752, 93454978537/9538484224, 31066075293225751/152920979079168, 21430492844888480985/34050404674961408, 7612041327910178207283649/1091792175497962586112, 17334177769421210503873021787/486211448821759338348544, 2441122065220410072805953010706731/7794941947510445712403857408, 1766403039215327909674091814314892985/867836870156162955980962791424, 919922679726474496853286111833346081179989/55652642809374418041147181888438272}}","{31.48241770824686, 0.27821242262663975, 0.07740215210378401, 1630207/4008, Sqrt[205689183047/16063062], 205689183047/16063062, 96401635731523193459757/42308040022542272204209, -17032429974101002/(205689183047*Sqrt[205689183047]), {1630207/4008, 238129079/1336, 662511373529/8016, 13367352370155/334, 160741269114949589/8016, 1724611508297948213/167, 43607565370662126857789/8016, 487724337219206905249690/167, 12771651823312422066311862869/8016, 147170529748440643266787489713/167}, {0, 205689183047/16064064, -8516214987050501/32192384256, 32133878577174397819919/86018050732032, -4522401721100682804221821565/258570260500488192, 58944369853946406958604888871619507/4145398416343826694144, -2760649636132565324508069863151062524277/2769126142117676231688192, 40872658667112058085930478345069603507370140377/66591945465645878019637641216, -1830586962156472826277290913964558537887966948305645/33362564678288584887838458249216, 3369870138671928812542962055596759162158734202236703522663/118859697093849465093739147255873536}}"
"{1.0727896630363296, 0.4507495068070464, 0.20317511788679557, 80543/15254, Sqrt[1317946109/232669262], 1317946109/232669262, 4072905535735456601/1736981946228239881, 10381389150756/(1317946109*Sqrt[1317946109]), {80543/15254, 511677/15254, 3658739/15254, 28399245/15254, 233679683/15254, 2006390397/15254, 17788757939/15254, 161730806445/15254, 1500787696163/15254, 14168038785117/15254}, {0, 1317946109/232684516, 2595347287689/887342401766, 4072905535735456601/54142083986154256, 7809636231094502742765/103235418640599627628, 17084158579666547848275788309/12598024607549653758700096, 96550552114687019757594784806579/48042566840890604608802816096, 85605396468098532313737345998739945521/2931365258363781130810712626913536, 160690284789890113615242258556040913103605/2794690353192569835586663150683692384, 483791448393294641136278155746490153853693646509/682083306361591364352623355208464698008576}}","{38.01748761526664, 0.3373183262944151, 0.1137836532540655, 5096679/15254, Sqrt[2955465982905/232669262], 2955465982905/232669262, 2205270276236367918271081/970531019567624194693225, 93002700427930936/(197031065527*Sqrt[2955465982905]), {5096679/15254, 1896656799/15254, 769179913179/15254, 333489344670495/15254, 152159934511241499/15254, 72170225972239620399/15254, 35259710937315075377019/15254, 17625898181747203286506815/15254, 8971171562769077568607536219/15254, 4632372115743681071786464814799/15254}, {0, 2955465982905/232684516, 174380063302370505/443671200883, 19847432486127311264439729/54142083986154256, 1141462760012680232112433322565/51617709320299813814, 177363123036948809779510044835937796585/12598024607549653758700096, 27881454822425159352387085469410213906882755/24021283420445302304401408048, 1783621243027598061303309359113348977832190706455649/2931365258363781130810712626913536, 85660398174371464624756418043403965057260022089745676605/1397345176596284917793331575341846192, 19063516934191386972441635685738094406056094924869985339490986265/682083306361591364352623355208464698008576}}"
"{1.3836410077381422, 0.5899860497233091, 0.348083538868115, 50296/12653, Sqrt[440236513/80042878], 440236513/80042878, 1179997401347527015/387616374756798338, 8438450380881/(440236513*Sqrt[880473026]), {50296/12653, 269514/12653, 1729954/12653, 12597270/12653, 100969306/12653, 872859414/12653, 8008386394/12653, 76930243110/12653, 765067748986/12653, 7806251693814/12653}, {0, 880473026/160098409, 16876900761762/2025725169077, 2359994802695054030/25631500564331281, 125456564613667528812330/324315376640483698493, 12020472530560347086480748446/4103562460632040237031929, 911318524258419284477923930120602/51922375814377205119164997637, 81002961663065420426690552241898245950/656973821179314776372794715100961, 6817276886528087483598578837464027067378730/8312689759381869865444971530172459533, 599682944610328921707920121444323598860426356766/105180463525458799407475224771272130471049}}","{39.24093708364637, 0.40693976297442835, 0.16559997068968393, 2998283/12653, 3*Sqrt[82698697671/80042878], 744288279039/80042878, 243301340473772132895415/123103342736630294836338, (-10395768459637744*Sqrt[2/82698697671])/744288279039, {2998283/12653, 828125939/12653, 251210739209/12653, 80953312157111/12653, 27192732855199193/12653, 9414939707198977439/12653, 3336483776921818246529/12653, 1204656716255187474751511/12653, 441717874356904101983850953/12653, 164101338425057043387793783439/12653}, {0, 1488576558078/160098409, -124749221515652928/2025725169077, 4379424128527898392117470/25631500564331281, -980021987499759637887650855400/324315376640483698493, 16759569678326177906472783278891510358/4103562460632040237031929, -6613053407422893353490313032691657401542688/51922375814377205119164997637, 74479882847785456137497270523446685272880853295790/656973821179314776372794715100961, -43503062779575792397102615225471592933785708323861312600/8312689759381869865444971530172459533, 363244098801189547637573361024353917568448097972624489341978438/105180463525458799407475224771272130471049}}"
"{0.9005032340167274, 0.47145970318159386, 0.22227425172407658, 24474/6041, Sqrt[266252146/72981321], 266252146/72981321, 58897836955206425/17722551312401329, 1016225555550/(133126073*Sqrt[133126073]), {24474/6041, 121189/6041, 697380/6041, 4516009/6041, 32072004/6041, 34910527/863, 1962301980/6041, 16378829689/6041, 140676101844/6041, 1234403064889/6041}, {0, 133126073/36493681, 1016225555550/220458326921, 58897836955206425/1331788752929761, 1122816155682337897650/8045335856448686201, 42741481490384030693922893/48601873908806513340241, 1138983182303295316269815211390/293603920283100147088395881, 5527772037420706354332758853649415/253380183204315426937285645303, 1177710850016527582914214578819814520970/10714687807160886458896998082927961, 39184789078731641431735743483049881499076213/64727429043058915098196765418967812401}}","{32.55249797400093, 0.3551795614402414, 0.1261525208648822, 3117649/12082, Sqrt[408689207119/48654214], 408689207119/48654214, 996616699605525430978451/501080604046670640840483, 69100817020618324/(408689207119*Sqrt[1226067621357]), {3117649/12082, 905959519/12082, 287566023625/12082, 97269293480431/12082, 34431044105166169/12082, 12593557123294879279/12082, 4718247581230572432025/12082, 1799914279888911117061231/12082, 696267878186784049940824729/12082, 272341076866242555647055320239/12082}, {0, 1226067621357/145974724, 51825612765463743/440916653842, 2989850098816576292935353/21308620046876176, 106993776830222089690000746795/32181343425794744804, 8950542948341163139673690591742635877/3110519930163616853775424, 845013190811489153415100425113377408027653/9395325449059204706828668192, 4301937140676048750138073048470186308072593032519/64865326900304749295945125197568, 853969098067103953806965491637874531933449225720816835/342870009829148366684703938653694752, 109016751569955446388264265560690902232286412640131785371055197/66280887340092329060553487789023039898624}}"
"{1.160017154247761, 0.5116933708662188, 0.26183010578843374, 60967/13761, Sqrt[486572629/657470]/12, 486572629/94675680, 1061657057946737739/473505846583943282, 5574815083171/(486572629*Sqrt[973145258]), {60967/13761, 113609/4587, 2195503/13761, 1720963/1529, 116053327/13761, 302236249/4587, 664028093/1251, 20083367849/4587, 506575143727/13761, 480916894163/1529}, {0, 973145258/189365121, 11149630166342/2605853430081, 707771371964491826/11953049683781547, 52297994465971235927950/493457750095553604801, 6347589956225441804305025158/6790472099064913155666561, 77227878736652906483511484695914/31147895518410756645042515307, 23117736995597608966085052585683098118/1285878570686551266577290159418881, 1069377831460620535189480941418391177682830/17694975011217631979370089883763221441, 10692204244398421210191264437376219323133351062/27055616792151759296456867432273965583289}}","{34.89622446392503, 0.35586334840276934, 0.1266387227364308, 3791944/13761, Sqrt[910392759373/657470]/12, 910392759373/94675680, 3191323650015481326701859/1657629952637570158706258, 198015868588960639/(910392759373*Sqrt[1820785518746]), {3791944/13761, 11891038/139, 399401615854/13761, 16041888084182/1529, 54577532059452574/13761, 2366601980953639118/1529, 8507679771445357591174/13761, 384240640928798740400502/1529, 1424924354402158290154056334/13761, 65956002357702246813793349918/1529}, {0, 1820785518746/189365121, 396031737177921278/2605853430081, 2127549100010320884467906/11953049683781547, 2396989697786532886954787146030/493457750095553604801, 27760040317148842239315737431095888286/6790472099064913155666561, 4904846585798305638796288189614902504848466/31147895518410756645042515307, 134466061725654614728280582955349356469812204000038/1285878570686551266577290159418881, 93734283854906381234379213856353242745224540564007295070/17694975011217631979370089883763221441, 77520296016089223928323682798831594908490885688906484652494014/27055616792151759296456867432273965583289}}"
"{1.1279458272289984, 0.5215706737666151, 0.27203596773336086, 16805/4053, Sqrt[38409411/8212729], 38409411/8212729, 2684909151206729/983521902244614, (52627129432*Sqrt[2/38409411])/38409411, {16805/4053, 265897/12159, 537487/4053, 10822501/12159, 26245775/4053, 611321437/12159, 555538589/1351, 42613802821/12159, 125056015615/4053, 3387865416877/12159}, {0, 25606274/5475603, 210508517728/66577856877, 5369818302413458/89946684640827, 49360514255582146600/364553912849271831, 5283347445239267962095022/4432611026334296193129, 27881066723865953064498049616/5988457496577634156917279, 36041633957789974978627592547578/1155772296839483392285034847, 45314868946527910323904956430014942760/295113742502696849902668512798133, 124307680773204536892092988268716754826158/132899555373714481406168386930092561}}","{32.07290791044635, 0.3479793014540552, 0.12108959424045222, 1073515/4053, 6*Sqrt[1938004773/8212729], 69768171828/8212729, 4442097591757972246075/1622532600073777620528, 10422237403566661/(418609030968*Sqrt[3876009546]), {1073515/4053, 956307031/12159, 103938824813/4053, 109755262134355/12159, 13703248909472485/4053, 16183654971484946851/12159, 736127800808023770471/1351, 2795359462339637594788675/12159, 402314112555573357726286565/4053, 530286587435244598451604772771/12159}, {0, 15504038184/1825201, 20844474807133322/66577856877, 17768390367031888984300/89946684640827, 6441464215118359126461935470/364553912849271831, 27788387979852507952250934271504156/4432611026334296193129, 4826452463050690593134358891152226139174/5988457496577634156917279, 780588798845331389306049729645825849245407060/3467316890518450176855104541, 10285431281439158373158507790871046373827059132071290/295113742502696849902668512798133, 1145175895201546586777864349045465617588554184515108862284/132899555373714481406168386930092561}}"
"{1.3174481462527998, 0.534035108821555, 0.2851934974540501, 64331/13926, Sqrt[1180182137/7756782]/5, 1180182137/193919550, 3730446155454831537/1392829876493886769, 18523638760120/(1180182137*Sqrt[1180182137]), {64331/13926, 381923/13926, 2642777/13926, 20338655/13926, 168573881/13926, 1472945303/13926, 13378506737/13926, 125140729535/13926, 1197862701641/13926, 11681823364583/13926}, {0, 1180182137/193933476, 2315454845015/337589698347, 1243482051818277179/12536731037814192, 8109930365336730002075/32734971831112582086, 17102361907314269594266599337/7293875483521181090074176, 36307950292750626446295251777375/4232271249313165327515540624, 95420723438308650889090916674588787297/1414526626030443368423554049515776, 189925844110308522779977475330386185822755/615584306065623573395825427923646768, 67034397922141074575202080487732438471989549393/30480451720070662695503164121830061835264}}","{31.677556030426462, 0.337554368331839, 0.11394295157990683, 3871601/13926, Sqrt[1707801792149/7756782]/5, 1707801792149/193919550, 6129529250451765981353673/2916586961267336198038201, 364533938886065884/(1707801792149*Sqrt[1707801792149]), {3871601/13926, 1198987225/13926, 403400608007/13926, 144423192103429/13926, 54166785338423591/13926, 21039786670191252445/13926, 8392276046211525739487/13926, 3415903550048571181075429/13926, 1412113640534052286726615991/13926, 590802810521239386124804534765/13926}, {0, 1707801792149/193933476, 91133484721516471/675179396694, 2043176416817255327117891/12536731037814192, 372286861127832981462388053715/65469943662225164172, 25962643656085077694002721635110207389/7293875483521181090074176, 1590998585856298629275422526599409829280687/8464542498626330655031081248, 119630632300475846865782390982151096382877191387153/1414526626030443368423554049515776, 7157952447437947071098906301638234180880442839258144715/1231168612131247146791650855847293536, 64863561454432018687799219376445998699320137718289900477041981/30480451720070662695503164121830061835264}}"
"{1.3408296589033664, 0.528169727686856, 0.27896326124480764, 20788/4325, (7*Sqrt[3690066/1122251])/5, 180813234/28056275, 13436261871950623/3632602843282084, 152646431793/(210948773*Sqrt[615011]), {20788/4325, 127788/4325, 947416/4325, 8091052/4325, 76754648/4325, 786267548/4325, 8517078456/4325, 96109075212/4325, 1117959169048/4325, 13306065158908/4325}, {0, 120542156/18705625, 1221171454344/80901828125, 53745047487802492/349900406640625, 1282249982069876973672/1513319258720703125, 8758816928476436489069916/1309021158793408203125, 1351386878109953002260274699752/28307582558907452392578125, 45613463509350394523238836172035228/122430294567274731597900390625, 1524183507990410161006735453428168964584/529511024003463214160919189453125, 52290165469220081283440019270504961141845484/2290135178814978401245975494384765625}}","{32.78984836438731, 0.3337128201391631, 0.11136424632523341, 3820331/12975, Sqrt[812613997282/3366753]/5, 812613997282/84168825, 841668780525211971226839/330170754289315151693762, 528977792220681941/(1625227994564*Sqrt[406306998641]), {3820331/12975, 250021687/2595, 448125106529/12975, 173155811533559/12975, 71042973810785441/12975, 6111532335254508163/2595, 13638895487884809306329/12975, 6266068334202340140007799/12975, 2944726191933193828994941361/12975, 281743808631757291204388396179/2595}, {0, 1625227994564/168350625, 1057955584441363882/2184349359375, 2244450081400565256604904/9447310979296875, 10507199293735321692228509576354/367736579869130859375, 8133039628484486995402160014497293144/954276424760394580078125, 29930044189530257690681975969828478764036422/20636227685443532794189453125, 292690777394970023034918633654073296099782668320488/803265162655889514013824462890625, 748620104275522674728060119330529094564430617636166901218/10422365485460166444329372406005859375, 254072826729923558655748003201800713238738417472253076766476824/15025576908205073290574845218658447265625}}"
"{0.6915819255816886, 0.35256169169094703, 0.12429974644798239, 31252/5617, Sqrt[182092207/1892929]/5, 182092207/47323225, 152304344580131661/66315143700261698, (-96023146992*Sqrt[6/182092207])/182092207, {31252/5617, 586478/16851, 1324120/5617, 28492478/16851, 71098352/5617, 1649745878/16851, 4362816840/5617, 105945368078/16851, 290508219232/5617, 7264279263878/16851}, {0, 364184414/94652067, -128030862656/177220220113, 101536229720087774/2986337929124163, -129382027480093040120/5591420049296807857, 38068828749991857455381654/94221019250700509198307, -98461109361745617473597482256/176413155043728253388963473, 17233754212230647448595817122900334/2972738075641864797857423483523, -68870579862525256155253593859734230120/5565956590293451523188382568982897, 8882737687907328254817057842207709153193094/93791934503034951617247434669930797347}}","{16.515375683579983, 0.21655075152413644, 0.04689422798566828, 1978215/5617, (2*Sqrt[68813217731/1892929])/5, 275252870924/47323225, 112381323508360372267599/37882071475952102306888, (-2886790304284065*Sqrt[6/68813217731])/68813217731, {1978215/5617, 2188091419/16851, 278904954015/5617, 329743167226603/16851, 44436934203827735/5617, 55092649183999265059/16851, 7735044636323718943615/5617, 9936909196542021876722683/16851, 1438919952456340680725263335/5617, 1898844376421323796957489806099/16851}, {0, 550505741848/94652067, -30792429912363360/177220220113, 299683529355627659380264/2986337929124163, -48890203353254473590257092040/5591420049296807857, 251370426733593412327062019942325488/94221019250700509198307, -65203746932989280490952153355399139407920/176413155043728253388963473, 261619184486737660477350275833414569134980144984/2972738075641864797857423483523, -83618167980840237977106170703130721369450512887679320/5565956590293451523188382568982897, 304431147427868190745816955270502444715735239885620091612928/93791934503034951617247434669930797347}}"
"{0.7967630848035963, 0.4078416455697229, 0.16633480786101948, 33344/6961, Sqrt[369842942/96904081], 369842942/96904081, 3676020946855897/1799786865094939, -617649836724/(184921471*Sqrt[184921471]), {33344/6961, 186287/6961, 1134092/6961, 7284971/6961, 48544844/6961, 332367587/6961, 2324337452/6961, 16538799371/6961, 119414845964/6961, 873171297587/6961}, {0, 184921471/48455521, -617649836724/337298881681, 69844397990262043/2347937515381441, -570382535578826596980/16343993044570210801, 36230792995151831326764211/113770535583253237385761, -493019087656387191676006601364/791956698195025785442282321, 23460856661142472529381593200206203/5512810576135574492463727236481, -443600578535343302344648794776656381620/38374674420479734042040005293144241, 17943453584971956601290189395442050367619651/267126108640959428666640476845577061601}}","{33.29282446695982, 0.3281567000651886, 0.10768681979767415, 4304173/13922, Sqrt[1994852518285/193808162], 1994852518285/193808162, 6875018039587128179371129/3979436569708006259341225, -1079085414761219124/(1994852518285*Sqrt[1994852518285]), {4304173/13922, 1473980587/13922, 538732142887/13922, 205027581942799/13922, 80079482984789143/13922, 31837848817674036247/13922, 12824542894075407525967/13922, 5219137237220388552561199/13922, 2142124211539563767493004903/13922, 885647255077978689366418219207/13922}, {0, 1994852518285/193822084, -269771353690304781/674597763362, 6875018039587128179371129/37567000246103056, -950142425401605447077627246145/65375972178280843204, 30115242063446781646818764537769767365/7281314277328207192688704, -11648745610214480649883534642972080616352031/25342614342240825134153034272, 149854864901559154322580157119656178900138153007729/1411279507490707070070714172539136, -17409584809542214071076451351141868613615679133795196905/1227989581455351489345280169380615712, 803476057899160443506589432002360194996259671145471031415627645/273537135248342454954639848289870911079424}}"
"{1.0507409298790211, 0.4967797265357126, 0.24679009669689742, 64171/15072, Sqrt[1016193767/14196882]/4, 1016193767/227150112, 5083028888673293997/1032649772089650289, 38046759339782/(1016193767*Sqrt[1016193767]), {64171/15072, 340639/15072, 2191921/15072, 16622851/15072, 143049841/15072, 1342693819/15072, 13315577641/15072, 136554662851/15072, 1429192930561/15072, 15147692516299/15072}, {0, 1016193767/227165184, 19023379669891/1711916826624, 1694342962891097999/17201340273917952, 102708408047389131134155/194443950456368529408, 42776782708476562437487654867/11722636885113545900949504, 675996065769310285115598166081747/29447263855405227303185154048, 406527495411885550511861652987715371737/2662974964972005515481639850868736, 5007067037713333812660361404212187455678875/5017044834007258391167409479036698624, 445026705646451839191011283218900636373627360263/67215021989473243085933507260480997031936}}","{26.63131115373421, 0.31535950346834934, 0.09945161642780384, 1009001/3768, Sqrt[101243284043/14196882], 101243284043/14196882, 1568894418321136485063/539484345463767285571, 1905758130758426/(9203934913*Sqrt[101243284043]), {1009001/3768, 198040747/2512, 190828375843/7536, 22049103057025/2512, 24458658858926047/7536, 3180410616725614057/2512, 3888119831861071693663/7536, 547051002188917479437305/2512, 712438983189670466540547247/7536, 105413132832260458779446077417/2512}, {0, 101243284043/14197824, 10481669719171343/26748700416, 9936331316033864405399/67192735444992, 3878671206646598083700102915/189886670367547392, 14363251820691406150664340723964783/2861971895779674292224, 1699364055203931839153890172493110255351/1797318350549635455516672, 8550564606374820039599447795894595672135207497/40633773269226158378320920576, 838279642726525826937674245951165419426043769275115/19138507209805520596189153591296, 613981123137484976439697229913238404149769960478471917947/64101240148041956983502871761780736}}"
"{0.9903214628316586, 0.42308391141859253, 0.17899999610125544, 81400/14713, Sqrt[592983101/27057207]/2, 592983101/108228828, 1564015160540207075/703257916143152402, 6531251063103/(592983101*Sqrt[1185966202]), {81400/14713, 530954/14713, 3889774/14713, 30905750/14713, 260085550/14713, 2281410734/14713, 20633074774/14713, 190964007350/14713, 1799403254110/14713, 17200313934014/14713}, {0, 1185966202/216472369, 13062502126206/3184957965097, 3128030321080414150/46860286540472161, 78780536192380736723550/689455395869966904793, 10735358067428618602434428062/10143957239434823070219409, 416822788948237142688558855360966/149248042863804551832138164617, 43550813448952452116698972050730315750/2195886454655156371106248816009921, 2181175266838834652423492042217876188615310/32308077407341315688086238829953967673, 198918093036424102899639295508987489480318789422/475348742894212777718812831905112726372849}}","{17.13821299978124, 0.22576733863530946, 0.05097089119447049, 4947030/14713, Sqrt[623665615367/27057207]/2, 623665615367/108228828, 1505992893232388708593619/777917599582197573089378, (39313190163219285*Sqrt[2/623665615367])/623665615367, {4947030/14713, 1748143618/14713, 645524401800/14713, 247479889739254/14713, 97887797226721680/14713, 39725027332354937158/14713, 16463883068486733536640/14713, 6942366420937811070021574/14713, 2969619223613010578709200400/14713, 1285567375478300493196351076998/14713}, {0, 1247331230734/216472369, 157252760652877140/3184957965097, 3011985786464777417187238/46860286540472161, 990804356128496316896264394780/689455395869966904793, 9001947313707440391464062690445164894/10143957239434823070219409, 5081359267670556341737993753078336302640020/149248042863804551832138164617, 30379262918419903282147746717687284922859332793558/2195886454655156371106248816009921, 24779328070321070035104099141487259631188313601955833740/32308077407341315688086238829953967673, 112105935936190768752850514594996920616654814677676446816464654/475348742894212777718812831905112726372849}}"
"{1.1702651813311904, 0.48580318222480173, 0.2360047318597439, 59122/11923, 4*Sqrt[25777010/71073003], 412432160/71073003, 8845540545047167/3471434420454400, 7297511451201/(3299457280*Sqrt[12888505]), {59122/11923, 362348/11923, 2585530/11923, 20474132/11923, 174126922/11923, 1557853508/11923, 14471342410/11923, 138386450132/11923, 1354343139082/11923, 13508208986468/11923}, {0, 824864320/142157929, 14595022902402/1694948987467, 1733725946829244732/20208876777569041, 69271254652898959526370/240950437818955675843, 5690414022129960503486684260/2872852070115408523076089, 315602445554076297549387968014362/34253015231986015820636209147, 23494980940038145247481099563997785212/408398700610969266629445521659681, 1519869382402130513144979931319638345234290/4869337707384586566022878954748376563, 111947906068926160730003761465725546398682318100/58057113485146425626690785777464893760649}}","{29.24241636352683, 0.30939039967957294, 0.09572241941388589, 3642379/11923, Sqrt[211639271021/23691001], 211639271021/23691001, 509844191562372976598533/268747086229801742294646, (54942113618320951*Sqrt[2/634917813063])/211639271021, {3642379/11923, 1219220029/11923, 442171195597/11923, 170953228001401/11923, 69330400069166869/11923, 29103725108697224089/11923, 12522140545356145815397/11923, 5484384097263916083811081/11923, 2433646873682038495416349909/11923, 1090631283977549318777054661049/11923}, {0, 1269835626126/142157929, 659305363419851412/1694948987467, 3059065149374237859591198/20208876777569041, 3183948595884447582104083460460/240950437818955675843, 9302389115805809860686675219072413046/2872852070115408523076089, 13257419883743390807434121033858099863294932/34253015231986015820636209147, 32101055436281650995899944964444929368286090679598/408398700610969266629445521659681, 53856582335166315229953747145506889624580453273693091900/4869337707384586566022878954748376563, 119572536501571967833241882904185753819714557386420370950137766/58057113485146425626690785777464893760649}}"
"{0.776571745677111, 0.403363545028582, 0.16270214945802491, 65571/13738, Sqrt[233165363/62906302], 233165363/62906302, 401059520689564475/163098259508765307, 808494976672/(233165363*Sqrt[699496089]), {65571/13738, 363885/13738, 2235711/13738, 14798877/13738, 103747191/13738, 761019765/13738, 5787582831/13738, 45308496237/13738, 363094901031/13738, 2965661863845/13738}, {0, 699496089/188732644, 303185616252/324101132909, 1203178562068693425/35620010911230736, 390711478772231175000/15292115934327745349, 2763648315638223197837386569/6722658838585426099345984, 1604264572398321195016801387563/2886121472640205742275472756, 7407562934991616712480406023912308065/1268785177316196687596174231101696, 760207444140756572400741149215372163475/68088167054569961305454068698730858, 21801759635334493091338157332686810566794809849/239461181182894624874067966920490118964224}}","{15.060788358786773, 0.220628760275873, 0.04867704986086863, 2125284/6869, Sqrt[608160598/130511], 608160598/130511, 15381110608363874839735/5370449689003339539481, (-5222105358749199*Sqrt[3/73283352059])/73283352059, {2125284/6869, 689573757/6869, 232165102797/6869, 80526754335483/6869, 28641122851291149/6869, 10414713275612544327/6869, 3863992375528858401297/6869, 1460505233026417374978123/6869, 561683522088533353026066309/6869, 219519744289812267971237202447/6869}, {0, 219850056177/47183161, -46998948228742791/324101132909, 138429995475274873557615/2226250681951921, -50010280411474220896880085615/15292115934327745349, 113779995948275640262642005119358267/105041544352897282802281, -51951753840550331259146991189036046883691/721530368160051435568868189, 103241008332443100043204201694213699915665918815/4956192098891393310922555590241, -55319476114720792939326857724557703236234281679071575/34044083527284980652727034349365429, 98592686758088016348952139588793337428531858375102622634307/233848809748920532103581998945791131801}}"
"{0.7184948432296132, 0.3727267863334547, 0.13892525725046478, 74262/14359, Sqrt[383048927/103083261], 383048927/103083261, 701590375294625825/293452960951702658, -1299085314783/(383048927*Sqrt[766097854]), {74262/14359, 437422/14359, 2801526/14359, 19048606/14359, 135644502/14359, 1003264462/14359, 7666372566/14359, 60303435646/14359, 486962603862/14359, 4028010521902/14359}, {0, 766097854/206180881, -2598170629566/2960551270279, 1403180750589251650/42510555689936161, -7478146110612226525590/610409069151793335799, 3718514980344823803143834434/8764863823950600508737841, -11400560140159751310489761729526/125854679648106672704966658919, 12049103279088946196245383469062216370/1807147345067163713370616255417921, 34443591031033458549520881803835013508490/25948828727819403760288678811545927639, 44053849171722374184135501194110144168183778914/372599231702758818593985139054987974968401}}","{32.89877823881061, 0.3136160397637442, 0.09835502039709437, 4802943/14359, Sqrt[378120219265/34361087], 378120219265/34361087, 651768096693279348698361/285949800434023354280450, (18562004925684611*Sqrt[3/756240438530])/378120219265, {4802943/14359, 1764536721/14359, 697539353715/14359, 291941646923385/14359, 127714269985613883/14359, 57804986244036322641/14359, 26852626040696075107395/14359, 12723629670218472492274665/14359, 6120612440068457703458949003/14359, 2978573639630795853542147332161/14359}, {0, 2268721315590/206180881, 334116088662322998/2960551270279, 11731825740479028276570498/42510555689936161, 890619411795778638676969765830/610409069151793335799, 74185762158232980126060213362552476170/8764863823950600508737841, -11634030291613970648718039464422373861114562/125854679648106672704966658919, 519645709349767763999245001713673994444270262385538/1807147345067163713370616255417921, -251155969488883784674325121433437074628870643659639832170/25948828727819403760288678811545927639, 3906578819858860913989824418854502642661466001893735500289958650/372599231702758818593985139054987974968401}}"
"{1.2297432058125362, 0.4797057972629624, 0.2301176519276944, 39166/7329, Sqrt[705941542/107421153], 705941542/107421153, 295616770493163333/124588365180334441, 2112377141009/(352970771*Sqrt[352970771]), {39166/7329, 85821/2443, 1929943/7329, 5273703/2443, 138361831/7329, 423389331/2443, 12101208043/7329, 39549264903/2443, 1189527653791/7329, 4045022036091/2443}, {0, 352970771/53714241, 2112377141009/393671672289, 98538923497721111/961739895402027, 4685793665333872470145/21145775080204367649, 349190293343683866839851081/154977385562817810499521, 2879672985190566344537086295423/378609752929963911050329803, 69673948069448747071273740841172579/1189213233953016644609085911223, 15152329545290871013612095881466356706185/61010206541491612918379934503473569, 82669016573569015277558235664039371557775449/49682644860288003453200726663995309689}}","{34.61755647755703, 0.3313971251778028, 0.10982405457611229, 4620337/14658, Sqrt[2344310597117/214842306], 2344310597117/214842306, 17604832479277322236952985/5495792175755065088711689, 2733633900556167548/(2344310597117*Sqrt[2344310597117]), {4620337/14658, 1616306767/14658, 623023127317/14658, 261675433895599/14658, 118157484416591317/14658, 56563282026512459887/14658, 28336105323337916424517/14658, 14691384434866664227563439/14658, 7813677697226228418282306037/14658, 4234351728306306208481676532207/14658}, {0, 2344310597117/214856964, 683408475139041887/787343344578, 5868277493092440745650995/15387838326432432, 5810056704883249569534720149315/84583100320817470596, 202523066605649351993020496786462182357/9918552676020339871969344, 56949466165129126082794620516914405439953639/12115512093758845153610553696, 385302269999893505873544745241930068305878216076935/304438587891972261019925993273088, 615316474632660446258816350694970093024037748926095966155/1952326609327731613388157904111154208, 4209157174932108914122396599919919830117772488609111121467619333/50875028336934915536077544103931197121536}}"
"{1.4069885320645905, 0.5409150655239424, 0.29258910811077093, 34724/7221, 4*Sqrt[44095837/104278461], 705533392/104278461, 96784553640095403/31111085451689104, 1308036082513/(176383348*Sqrt[88191674]), {34724/7221, 71944/2407, 1608068/7221, 4532532/2407, 125549264/7221, 411249344/2407, 12680443388/7221, 44886073132/2407, 1464684793544/7221, 5405673743544/2407}, {0, 352766696/52142841, 5232144330052/376523454861, 129046071520127204/906291955850427, 12868857328389972030560/19633002639587800101, 711832242402710821469652736/141769912060463504529321, 10141412895438912568506740381044/341240178329535655402075647, 1576378889849731912367907902444171252/7392285983152730902975164740961, 73804227711606171497548252243945808206840/53379697084345869850383664594479381, 417855875785438033973485304206639484433209864/42828310294006836243291160226303956689}}","{47.60206015295436, 0.3951000015591513, 0.15610401123204137, 733986/2407, 2*Sqrt[126139411873/34759487], 504557647492/34759487, 36414452619939983580393/15911151227666333368129, (43579212555970881*Sqrt[3/252278823746])/252278823746, {733986/2407, 26767978/249, 102719340711/2407, 133570012558124/7221, 20528843711815271/2407, 29645117551174690952/7221, 4903952300203428535771/2407, 7465583890086257673827564/7221, 1284283672312496540922716991/2407, 2014745254358670632445111746192/7221}, {0, 252278823746/17380947, 14526404185323627/13945313143, 48552603493253311440524/100699106205603, 5871984068516558769509279015/80794249545628807, 13188566455843995159989780909739116/583415275968985615347, 2145447703508108909083250886594666317527/468093523085782792046743, 4257064060839224133389484507794311601806630244/3380103330202437541369531203, 790478363852864756856193469646628357815483765344535/2711969571932422387358820535207, 1511373630710208343874740410255181661788381037629948799036/19583132278924022059118043084729747}}"
"{0.5025648096433991, 0.33316492173818785, 0.11099886507681284, 32332/7141, 2*Sqrt[58012726/101980621], 232050904/101980621, 8517432014802437/3365476377951076, 6159033693/(58012726*Sqrt[29006363]), {32332/7141, 162636/7141, 883972/7141, 5101668/7141, 30898672/7141, 194799576/7141, 1270946452/7141, 8543838588/7141, 58970828152/7141, 2158840512/37}, {0, 116025452/50993881, 24636134772/364147304221, 34069728059209748/2600375899442161, 36462826075559797440/18569284297916471701, 15152120244820126181286392/132603259171421524416841, 36204023061222147499450766292/946919873743121105860661581, 8280260741365746475329927738113228/6761954818399627816950984349921, 32543712007080032681789944365558501480/48287119358191742240846979242785861, 5062179271327108925072817309033072856077632/344818319336847231341888278772733833401}}","{15.802259208377093, 0.23300783143329099, 0.05429264950924494, 4156877/14282, Sqrt[938091011365/203961242], 938091011365/203961242, 2378051908218863843340649/880014745603808559163225, 16036044392604492/(187618202273*Sqrt[938091011365]), {4156877/14282, 1275571867/14282, 409892554517/14282, 137154630159235/14282, 47563722251784317/14282, 17024061486852013867/14282, 6264678365118732578597/14282, 2361501693210629249054995/14282, 908701416213403171181348237/14282, 355796063010812058112323886267/14282}, {0, 938091011365/203975524, 20045055490755615/728294608442, 2378051908218863843340649/41606014391074576, 81067626992282128951582442715/74277137191665886804, 7298366796882984504552612114220773325/8486608586970977562677824, 845876809270086223464442296598434612601605/30301435959779875387541170592, 24392558450816466673029327243244291259046265631569/1731060433510304721139451993579776, 982744897064291931552725960698494969020542265989346835/1545187819462135751707103335769147552, 85956167711953500779318038905763413852803037286587529787440885/353093959000931564894093597463279445402624}}"
"{0.6269173703596347, 0.41138276856866507, 0.16923578227521985, 45190/12199, Sqrt[57595695/24800567], 57595695/24800567, 44872341338048447/19903584495198150, (60372646559*Sqrt[2/19198565])/172787085, {45190/12199, 195730/12199, 939808/12199, 4850038/12199, 26343520/12199, 148516510/12199, 861110248/12199, 5103679318/12199, 30794361040/12199, 188624638990/12199}, {0, 345574170/148815601, 724471758708/1815401516599, 269234048028290682/22146083100991201, 410779028698351981620/270160067748991660999, 293835287869885789800903690/3295682666469949272526801, -470666141671551743384972753052/40204032848266911175554445399, 396586724665935752138907652988984922/490448996716008049430588679422401, -2400662862127423170809208973653982030380/5982987310938582195003751300273869799, 616330974967014718680810203958323836887956010/72986462206139764196850762112040937678001}}","{17.537307014981877, 0.26740115670922193, 0.07150337860942986, 2991993/12199, Sqrt[320023677449/74401701], 320023677449/74401701, 454402136903094799560329/204830308255963182295202, (-69061868808117021*Sqrt[2/320023677449])/320023677449, {2991993/12199, 786299653/12199, 216732596715/12199, 61760271508777/12199, 18021498582011763/12199, 5350559393082962953/12199, 1609399800209510710755/12199, 488997779761891632744217/12199, 149776295452879257204336243/12199, 46179701326499333234356910953/12199}, {0, 640047354898/148815601, -276247475232468084/1815401516599, 908804273806189599120658/22146083100991201, -967532661353828359499920681500/270160067748991660999, 2032586059218052957317030949031262058/3295682666469949272526801, -3011102431410210683916655203908663913872724/40204032848266911175554445399, 5619721607511959819819089624860837361271414434018/490448996716008049430588679422401, -9415271808235882447184116374382160896391586279605194380/5982987310938582195003751300273869799, 17110595151508078248672709159580127157231771946043981998936218/72986462206139764196850762112040937678001}}"
"{0.8867922417590921, 0.40763533223108117, 0.16616656408314393, 6735/1262, Sqrt[97979613/20703110], 97979613/20703110, 2594638403487169/1066667173736641, (3304351472*Sqrt[13/97979613])/32659871, {6735/1262, 544899/16406, 3742899/16406, 27602019/16406, 215172195/16406, 1755994659/16406, 14900995059/16406, 130806174819/16406, 1182852014595/16406, 10978275453219/16406}, {0, 97979613/20704372, 1239131802/3266114683, 1796288125491117/32974693839568, 41352897490931685/1300439488297963, 47567410736506620441213/52516948295424937792, 5504758134362165701839831/4142274296801641968344, 1582756279605787770999177137997/83640802601018754624802048, 76025786868842990188524222231285/1649292076288838567757815384, 61095979416002352659445918951918813213/133210022417696913440663232934912}}","{25.29012001891053, 0.2766418682411197, 0.07653072326393703, 5421479/16406, 3*Sqrt[249920796061/269140430], 2249287164549/269140430, 1431979976831726140097057/562143638733875578041489, -107783674555970708/(749762388183*Sqrt[249920796061]), {5421479/16406, 1928667665/16406, 724350181355/16406, 283627511697281/16406, 114879632866857899/16406, 47885424833982323105/16406, 20465773069651664915195/16406, 8941845715496012270788481/16406, 6312973867145680412563469/26, 1805050879994406464359691227745/16406}, {0, 2249287164549/269156836, -242513267750934093/1103946762854, 12887819791485535260873513/72445402365530896, -1209941961268948399832115323265/148567408901112484972, 97602451922108097377046980722628869869/19499175283453211427605056, -27734483362579608089808509012717469113928543/79975867425083346670322137184, 868848707982110028497396734621338699446188309502673/5248336323903669541893219930562816, -87599894905061680642437940869365174460472282043788987305/5381512858122725156518760386300847456, 8675447592003682677232132529029748170906881481996991984562168789/1412625599205782862685548526362427253810176}}"
"{0.7823573162710872, 0.41004752637656, 0.16813897388753568, 30845/6629, (4*Sqrt[19994714/9764517])/3, 319915424/87880653, 30704333813572931/12793234814137472, 170164114839/(639830848*Sqrt[9997357]), {30845/6629, 167653/6629, 1008524/6629, 6524863/6629, 44576660/6629, 317452243/6629, 2334786464/6629, 17617345903/6629, 135750935900/6629, 1064777761483/6629}, {0, 159957712/43943641, 170164114839/291302396189, 61408667627145862/1931043584336881, 127437498872070022635/12800887920569184149, 30747996327016147865625382/84857086025453121723721, 120516226964782015098534812139/562517623262728743906546509, 2587210723281892398555507372784066/532704189229804120479499544023, 132378457238476692695062309598090421915/24719072492830600602610217341299269, 12320026865061358587512707718917529750201302/163862731554974051394703130755472854201}}","{22.269433524540666, 0.2790380920719627, 0.07786225682716112, 3791929/13258, Sqrt[1119475576813/19529034]/3, 1119475576813/175761306, 3075886958588546069203513/1253225567080799063236969, -586008003702612636/(1119475576813*Sqrt[1119475576813]), {3791929/13258, 1168969763/13258, 54186301033/1894, 127665884521943/13258, 44182490885098039/13258, 15636206639904964583/13258, 5638006178962536523831/13258, 2065756555643275904951783/13258, 109646589422653080462484657/1894, 288686208293729560130438171303/13258}, {0, 1119475576813/175774564, -146502000925653159/582604792378, 3075886958588546069203513/30896697349390096, -413729343055265724036506763075/51203551682276736596, 11443040051072583417571233070300311013/5430853505628999790318144, -4340152221824565327872469391981823357715549/18000563944407319805009488288, 7078299237952283189864140316607931162406199554119/136372272442829854842751883269888, -5657891925597012135745136179193206508685039425161307835/791010319770579219283526954921576608, 233458729372274222618271407151646289714118196890246525872293213/167795437112293428628176005893604202701824}}"
"{0.715041004293281, 0.4122699553556639, 0.1699665160889611, 52162/12399, Sqrt[231210109/76861401], 231210109/76861401, 295374312846867333/106916229007583762, (555110165912*Sqrt[2/231210109])/231210109, {52162/12399, 256738/12399, 1408324/12399, 8397142/12399, 53514292/12399, 360019918/12399, 2532284284/12399, 18479393302/12399, 139045781092/12399, 1073336191198/12399}, {0, 462420218/153735201, 2220440663648/1906162757199, 196916208564578222/7878170675503467, 7836534297809417178640/293044314616702461999, 1142509558911750009118476058/3633456456932493826325601, 8501998704515911857395817382496/15017075536501996984203708933, 2780508296818838425175647941296363306/558590158731264781821425361180801, 84403674440526175948653448805307663590960/6925959378108952029803853053280751599, 861784334211064440563540163748006283729814122/9541663369908099579726441556403115452889}}","{40.977423151981014, 0.37875519785625344, 0.1434554999031297, 1180573/4133, 3*Sqrt[33320891926/25620467], 299888027334/25620467, 29505310701477927337459/9992536548697547905284, 19064289019388629/(99962675778*Sqrt[49981337889]), {1180573/4133, 385598345/4133, 142243736573/4133, 57969333938889/4133, 25451922885720053/4133, 11774459765061061825/4133, 5643394203963205938173/4133, 2769899233965034870958489/4133, 1381625339866013195403232133/4133, 696919187901935994130344669105/4133}, {0, 199925351556/17081689, 76257156077554516/70598620637, 118021242805911709349836/291784099092721, 84023961131841093169550577820/1205943681550215893, 94366505099224195740028297113993236/4984165235847042285769, 82332641805898508898356671973014196213716/20599554919755825767083277, 85002117275190537108166720542275101105318425756/85137960483350827895355183841, 80163509646268786882549227439214398180204892443209100/351875190677688971691502974814853, 80868644267662560873112770500279358717695757831359528764516/1454300163070888520000981794909787449}}"
"{0.7495352484103234, 0.3830457384966627, 0.1467240377804537, 76060/14889, Sqrt[212189921/55416858], 212189921/55416858, 439961235611595567/180098250295944964, 1449239690111/(424379842*Sqrt[212189921]), {76060/14889, 445556/14889, 2884684/14889, 20133212/14889, 148714900/14889, 1147124996/14889, 9151065964/14889, 74968595372/14889, 627482627140/14889, 5345628537236/14889}, {0, 848759684/221682321, 5796958760444/3300628077369, 586614980815460756/16381017147982347, 23441212248023355266500/731690892948927493449, 5209856933158076603441659204/10894145705116581449962161, 26771726401240231246357459771508/54067645134493593736162205043, 2733404445184896681466211587655402324/345005643603203621630451030379383, 264933383671916172492622106353581272719220/35957523193256691057190497739230434409, 8984011257709807226801099387447431653408702836/59485729202710985905612146759933548657289}}","{20.372615551648543, 0.2522626710977535, 0.06363645522937338, 1588858/4963, Sqrt[120478137091/18472286], 120478137091/18472286, 92034817722074462176797/29029963033835579884562, (17566648001245767*Sqrt[3/120478137091])/481912548364, {1588858/4963, 1623075112/14889, 194403553258/4963, 219942666606952/14889, 4127159355940254/709, 35529640908435654832/14889, 5026642554962703609338/4963, 6593563834517637183707992/14889, 985120996947192264588757858/4963, 1351744921292900196555570117952/14889}, {0, 481912548364/73894107, 11711098667497178/122245484347, 245426180592198565804792/1820113016442483, 13285180140670423986263302450/3011073633534681043, 157452010074533708256761312714098504/44831875329697866049227, 12939767967821277136765589523067274672658/74166865753763503067437867, 15538472950705388302063841934450688307971448536/157752923458254971024440343109, 11761455364433150756717931610043254589223199391727890/1826831437954411982786693986649923, 78251051806933517694499084022139977800627292663591373772744/27199693279703240011711086767230703547}}"
"{1.0050185492654022, 0.42616952470840563, 0.18162046379018837, 83779/15140, Sqrt[1274695459/57301115]/2, 1274695459/229204460, 3919652789603033557/1624848513195220681, -9793179880422/(1274695459*Sqrt[1274695459]), {83779/15140, 109559/3028, 3920359/15140, 29848267/15140, 237780919/15140, 392293919/3028, 16638876439/15140, 144433779787/15140, 1278239441719/15140, 2299991813759/3028}, {0, 1274695459/229219600, -4896589940211/1735192372000, 3919652789603033557/52541625024160000, -21060181884201551808351/198870050716445600000, 3478679082178171278797331179/2408714054277589107200000, -315975284105625208999805129456673/91169826954406747707520000000, 92867814522877970547048897889200132073/2760622360179436320583705600000000, -567414624840288668392994147519406688275831/5224477816639583236704662848000000000, 547958740980911847729583493766157486838857839691/632788753151386321629668764149760000000000}}","{37.86278539836219, 0.328831023164912, 0.10812984179568287, 1325357/3785, Sqrt[759700872374/57301115], 759700872374/57301115, 293537262500666877932318/144286353871454159098969, (-47603988026379288*Sqrt[2/379850436187])/379850436187, {1325357/3785, 1028531781/7570, 427110151327/7570, 185688047029563/7570, 83334160987037299/7570, 38252534460851281851/7570, 17850537502335132160387/7570, 8433760065026324417334243/7570, 4023071022952029687745806979/7570, 1933820556225159697042000305771/7570}, {0, 379850436187/28652450, -23801994013189644/54224761625, 146768631250333438966159/410481445501250, -27484924071396417317133544422/776836135611115625, 16367851895743490667735501631581407/1176129909315229056250, -25541867665172455692018700449541148910252/11129129266895354944765625, 57930634985514659736396787877990795295002265031/84247508550397836931875781250, -23061411523985306305595066089328243980498834862915634/159438409931627906393574916015625, 47353830250893336803335404484465020167600908088768527573843/1206948763182423251399362114238281250}}"
"{0.95216104723659, 0.46272188245629337, 0.21411154050389578, 26153/5881, 2*Sqrt[73217717/69166441], 292870868/69166441, 12669561217616089/5360834082692089, -367180248525/(146435434*Sqrt[146435434]), {26153/5881, 141203/5881, 838778/5881, 5314853/5881, 35378618/5881, 245123993/5881, 1756558238/5881, 12956219093/5881, 97978915058/5881, 757148730833/5881}, {0, 146435434/34586161, -367180248525/203401212841, 50678244870464356/1196202532717921, -225148843710842822085/7034867094914093401, 23581540139358318129339424/41372053385189783291281, -120628317039044438428161349545/243309045958301115536023561, 12632436320909129312942015777053636/1430900499280768860467354562241, -64656081964998279114780051961675404765/8415125836270201668408512180539321, 7384956357239531716057152015978418797911464/49489355043105056011910460133751746801}}","{34.70310647338142, 0.33788752960722945, 0.11416798266407636, 1787620/5881, 6*Sqrt[20266805838/69166441], 729605010168/69166441, 25554393118755253606517/7393381539753435880392, -33366165975886855/(729605010168*Sqrt[10133402919]), {1787620/5881, 605405164/5881, 218838349675/5881, 83335476578266/5881, 33276978562803175/5881, 13894413708660366994/5881, 6046742917177611019975/5881, 2731131947940316738151026/5881, 1273746934351781376999289975/5881, 610063358172798821961700039474/5881}, {0, 364802505084/34586161, -100098497927660565/203401212841, 459979076137594564917306/1196202532717921, -200670161706443293054805419425/7034867094914093401, 773658902460860021153868092871921594/41372053385189783291281, -420633486401032073914118025651981102035985/243309045958301115536023561, 1413582149216551241549859597685462910896734868386/1430900499280768860467354562241, -917727537753664168295420079785765108821245042156661905/8415125836270201668408512180539321, 2699734061393757015320458631734197559893049639086359991890154/49489355043105056011910460133751746801}}"
"{0.7728263061180881, 0.40373534602635464, 0.16300222963102032, 2290/483, Sqrt[8547410/2332729], 8547410/2332729, 9251137272117/3652910885405, 642855916/(4273705*Sqrt[854741]), {2290/483, 183/7, 55142/345, 849357/805, 1190806/161, 8763553/161, 1007188474/2415, 2661524477/805, 1862459662/69, 36404453457/161}, {0, 854741/233289, 642855916/563392935, 3083712424039/90706262535, 874813340926648/26286674882643, 5848227659273863117/12696463968316569, 8962774394653202193052/10220653494494838045, 17424699111426585204861931/2115675273360431475315, 33646732404055223609480044400/1430619619846323763608003, 13677393635317172022733850941757/76776586265086041980296161}}","{22.645193559493002, 0.2765633184211869, 0.07648726909613883, 428998/1449, (2*Sqrt[35189226914/2332729])/3, 140756907656/20994561, 5079672882271927669125/2476563381609963926792, (-1452968025440417*Sqrt[5/17594613457])/140756907656, {428998/1449, 97660936/1035, 46093148515/1449, 81058248166762/7245, 5888754477845707/1449, 10967155152537882262/7245, 833660868858212600215/1449, 230158519828843846178566/1035, 5493945425935922926760549/63, 250969269148450322985324911422/7245}, {0, 70378453828/10498005, -1452968025440417/15211609245, 135457943527251404510/1469441453067, -20787974518301453805681977/6387661996482249, 83441443105095733245206123513858/46278611164513894005, -2127916807532806531214986873816109999/22352569192460210804415, 115899636527268358781515941661394588251214/2776189093703558181908343, -77022308571762981253103208986120850988994571433/28158885977435190639096323049, 23818372137886818546272128713284841125723646508914082/22667903211835328464472540054445}}"
"{0.8533004345554832, 0.4471742331582246, 0.1999647948006462, 52372/12273, Sqrt[274212013/18826782]/2, 274212013/75307128, 405358827847335273/150384456147024338, (1668895108295*Sqrt[2/274212013])/274212013, {52372/12273, 89390/4091, 1570036/12273, 3382246/4091, 70511572/12273, 172271670/4091, 3940374436/12273, 10315408166/4091, 248616798772/12273, 677689926550/4091}, {0, 548424026/150626529, 6675580433180/1848639390417, 270239218564890182/7562783746195947, 22601267032789627087180/278454134751188572593, 1751534473172349676867278466/3417467595801337351433889, 23363366633042052413978945352260/13980859934423271104716039899, 4586023550821679733378108750972987026/514761281925530418804539873041281, 219103782589213243416296918889744090213260/6317665213072034829988117861835641713, 1482507666574553284193788061430435263886050834/8615189462225898163160463390923203415961}}","{15.413675660115253, 0.24687807382103405, 0.06094878333358394, 3103787/12273, Sqrt[293550941011/18826782]/2, 293550941011/75307128, 458679519267418472224089/172344309936887203404242, 92247214505781923/(293550941011*Sqrt[587101882022]), {3103787/12273, 832770767/12273, 236024323679/12273, 70293395702015/12273, 21874774642426367/12273, 7072307084146689167/12273, 2362550126600427992159/12273, 811344321014186264974175/12273, 285153515041878389784307007/12273, 102167282461463785685903896367/12273}, {0, 587101882022/150626529, 184494429011563846/1848639390417, 305786346178278981482726/7562783746195947, 703102882163822465594591685110/278454134751188572593, 2018532033474365436044070014961267082/3417467595801337351433889, 778765173805260692234226440848284140054602/13980859934423271104716039899, 5255147467827801221625369557242638471129440673938/514761281925530418804539873041281, 7468870154518731652901942892202084029080664941437838950/6317665213072034829988117861835641713, 1661946831796798191309522450380931772112650766883258082414538/8615189462225898163160463390923203415961}}"
"{1.3445733167242946, 0.4958628304525152, 0.24587994662437987, 44234/8089, 2*Sqrt[240535231/130855753], 962140924/130855753, 346558211763514159/115714394704446722, 3446589252945/(240535231*Sqrt[481070462]), {44234/8089, 301362/8089, 2403758/8089, 21517854/8089, 209242754/8089, 2157159642/8089, 23177268878/8089, 256532992854/8089, 2902242508634/8089, 33384024537522/8089}, {0, 481070462/65431921, 6893178505890/529278808969, 693116423527028318/4281336285750241, 21950505118225347235350/34631729215433699449, 1488132589956893055679614842/280136057623643194842961, 64584501993713695822252563359850/2266020570117649803084711529, 3853528569237496566074655878829619718/18329840391681669257152231558081, 192508110185018107179579563934187957107870/148270078928313022621104401073317209, 11027832995945328989073441762633084992850958322/1199356668451124039982113500282062903601}}","{40.76242404609974, 0.34310131006477285, 0.1177185089681634, 5601961/16178, Sqrt[3694010019577/261711506], 3694010019577/261711506, 28641908524752880330783345/13645710024735267923258929, -733149367160121600/(3694010019577*Sqrt[3694010019577]), {5601961/16178, 2168128141/16178, 906088735783/16178, 399740468313169/16178, 183528421434594511/16178, 86887070069774985841/16178, 42154913911853604325423/16178, 20867861870589088713905089/16178, 10505716595324704972060253551/16178, 5365263843668702747625095157841/16178}, {0, 3694010019577/261727684, -91643670895015200/529278808969, 28641908524752880330783345/68501380572003856, -352647210627300575308842532890/34631729215433699449, 288757584407611092431113091925079094377/17928707687913164469949504, -2722523173502734056801611249790517440805755/4532041140235299606169423058, 3356729426534772787266023934885996634528817693724385/4692439140270507329830971278868736, -22207747590809635983460186677714298316504647037658074295/593080315713252090484417604293268836, 42617359758724607517771867399123262566520809494396963245927177177/1228141228493951016941684224288832413287424}}"
"{0.917616529563949, 0.4362867414946981, 0.19034612080406152, 75773/15718, (7*Sqrt[22302281/1461774])/13, 1092811769/247039806, 454175585744223047/170605366066415623, 5503697845152/(7649682383*Sqrt[22302281]), {75773/15718, 434811/15718, 2788745/15718, 19432155/15718, 144104873/15718, 1119482571/15718, 9003036425/15718, 74309013435/15718, 625590557033/15718, 5348466169131/15718}, {0, 1092811769/247055524, 687962230644/485402340779, 3179229100209561329/61036431938914576, 716937415722967623480/29980332412995603299, 12228473193226985087047351529/15079387675758876564917824, 2571303411391762127572600605441/7406806733986813182730573676, 53472323392815075753902702405265983969/3725446023833751347397093025259776, 1081090804021228769465057989990225839765/228736564853980092493701203793098278, 253614211063573720503432030212305934637543561689/920392019551963928016894853432299195802624}}","{25.184964931483044, 0.288369441523137, 0.08315693480436592, 2380182/7859, (4*Sqrt[58884526547/730887])/13, 942152424752/123519903, 20749593611007011002795/7925457066661366270192, -220817644218399/(42825110216*Sqrt[117769053094]), {2380182/7859, 780804500/7859, 272703853806/7859, 100210915969724/7859, 38388909185383482/7859, 15214683296851008920/7859, 6199705241754346363566/7859, 2584289647059804438149444/7859, 1097595035502397656945031842/7859, 473498796354400842437131282640/7859}, {0, 471076212376/61763881, -4857988172804778/485402340779, 580988621108196308078260/3814776996182161, -108102873915578818234838349390/29980332412995603299, 1005717306016241983067855418032804176/235615432433732446326841, -395929257999182167556647548455340113628618/1851701683496703295682643419, 2022121097925094284515205094683850824650494302220/14552523530600591200769894629921, -1175761409722171931765249255561672143508471139635977350/114368282426990046246850601896549139, 4388114896812213823018718352545652458018412492363279977300776/898820331593714773453998880304979683401}}"
"{0.8083151615946291, 0.4373012806564268, 0.19123241006375097, 18277/4324, Sqrt[191628057/14021651]/2, 191628057/56086604, 11902418213507253/4080145803288361, -4335956010/(63876019*Sqrt[63876019]), {18277/4324, 92027/4324, 513637/4324, 3107155/4324, 20114877/4324, 138138267/4324, 998935637/4324, 7553405795/4324, 59319715117/4324, 480818979307/4324}, {0, 63876019/18696976, -2167978005/40422862112, 11902418213507253/349576911544576, 4770583912191618055/377892641379686656, 3409269074788256222280839/6536031125303060402176, 7735478901673774175513888425/14130899292905216589504512, 1200134558410628350013329184907433/122204017085044313066035019776, 1195319414080179305649455453419734015/66051271234466451212191928188928, 478474536520934108598861127340233237410459/2284845574542663480332143179911397376}}","{22.237925621916652, 0.28964162615048855, 0.08389227159909937, 3438581/12972, Sqrt[8334893029/353487]/2, 8334893029/1413948, 169588228578801603273957/57868878023459038102553, -540636657105672938/(991852270451*Sqrt[991852270451]), {3438581/12972, 987950321/12972, 299206350569/12972, 94196371634753/12972, 30552899387833001/12972, 10144733273216364881/12972, 3431770357325555954729/12972, 1178466198596315993970593/12972, 409688303791410124638495401/12972, 143890239485858268395089283441/12972}, {0, 991852270451/168272784, -270318328552836469/1091417277024, 960999961946542418552423/9438576611703552, -1124920687585700703267835294105/91827911855263857408, 14435952789035665887589198448957448391/4764766690345931033186304, -5451598192099615879677952835411632804892413/10301425584527902893748789248, 93179962314143993265474315833500027932581736260009/801780556094975738026255764750336, -30178096953085469542997822240705469717491320080602417185/1300087171708003159209573722542669824, 74988297803467289785829773799963714986104247359763391912949059/14990871814574415094459191403398678183936}}"
"{1.0374394000338452, 0.4631573684800327, 0.2145147479773488, 68534/14171, 8*Sqrt[7870978/100401535], 503742592/100401535, 72970628737859107/31719574874359808, -192419841687/(503742592*Sqrt[3935489]), {68534/14171, 402540/14171, 2603768/14171, 17956560/14171, 130434944/14171, 992403360/14171, 7878096608/14171, 64997118240/14171, 554875627424/14171, 4878198288480/14171}, {0, 1007485184/200817241, -6157434933984/2845781122211, 2335060119611491424/40327564282852081, -5822246026472913123360/571481913452296839851, 7652946065016858557890119584/8098470195532498517528521, 60500752821018450763637854175136/114763421140891036491896671091, 30274342003575083176278157530412372064/1626312440987566878126667726030561, 591623028001772338779392729407864557606240/23046473601234810229933008345579079931, 133614778199986845982599581777317299054627889184/326591577403098495768380661265201141702201}}","{30.08186173491779, 0.3122968232888689, 0.097529305836319, 4370892/14171, 2*Sqrt[232892042491/100401535], 931568169964/100401535, 558404356953263386567481/216954813822518997940324, -245713649578666869/(465784084982*Sqrt[465784084982]), {4370892/14171, 1479629752/14171, 527691547704/14171, 194366400062128/14171, 73193101184511432/14171, 28024262777928120352/14171, 10874704513489298683944/14171, 4268133326015695848833008/14171, 1691965084923770305958497992/14171, 676756072124539744747251631552/14171}, {0, 1863136339928/200817241, -1965709196629334952/2845781122211, 8934469711252214185079696/40327564282852081, -19149097965778247933226601424760/571481913452296839851, 66720930376258457013098639953148507168/8098470195532498517528521, -188481076472699787003929406062176931642348952/114763421140891036491896671091, 631342365962276520997580040203572945445859580250576/1626312440987566878126667726030561, -2001095512341749175566391494364992222134197654579388648440/23046473601234810229933008345579079931, 6757471190950246885542032828164812666562555115276024587438318208/326591577403098495768380661265201141702201}}"
"{0.9522721575745694, 0.4129749263123322, 0.1705482897626762, 14361/2572, Sqrt[8116457/1526482], 8116457/1526482, 24533336622047829/11133191745351481, (-63080266578*Sqrt[3/105513941])/105513941, {14361/2572, 140791/3858, 673609/2572, 7720675/3858, 41170161/2572, 511843951/3858, 2911226609/2572, 38173440235/3858, 227182441681/2572, 3098813099911/3858}, {0, 105513941/19845552, -10513377763/8507126624, 8177778874015943/131281978061568, -817686289795436075/28138103964529408, 866153777220628796789081/868454440761235648512, -257358753206626615101612313/372277470272983014662144, 112865981637960564674915498268683/5744985921252673882266206208, -10782067066453181962957722143379835/615670991227578217716195098624, 17173109722044971863647435390009560899421/38004138946495948223185291047862272}}","{31.95287290952894, 0.300152847841679, 0.0900917320674701, 2736637/7716, Sqrt[674669662727/59532798], 674669662727/59532798, 1130187735270233819323053/455179153804163933076529, -361749674251621942/(674669662727*Sqrt[674669662727]), {2736637/7716, 88170163/643, 431203273543/7716, 15160576787513/643, 78642640425253747/7716, 2884393800137644728/643, 15448111100608728247063/7716, 581046505882880623075123/643, 3176515495728163311344659387/7716, 121551261986741253621727081718/643}, {0, 674669662727/59536656, -180874837125810971/229692418848, 376729245090077939774351/1181537802554112, -345377907510094701923175666275/6837559263380646144, 3006491549493166970244495826525279987/211034429104980262588416, -838150109029479216252854131429265609100587/271390275829004617688702976, 10161936848127827392962607440191381183088966935513/12564284209779597780516192976896, -2399110090965438534078787851825747398129600825477589875/12118252120332422059307868126216192, 4299908316224857718507438255028670906630278679824028463961383/83115051875986638764106231521674788864}}"
"{2.0157427728227018, 0.566874804294215, 0.32134704374360457, 17959/2863, 2*Sqrt[155454961/49177751], 621819844/49177751, 53330346641293296/24166244899511521, (1250661420525*Sqrt[3/310909922])/310909922, {17959/2863, 446555/8589, 1438708/2863, 45794549/8589, 172100224/2863, 6074914925/8589, 24600196408/2863, 919165285469/8589, 3892463185504/2863, 150748004489645/8589}, {0, 310909922/24590307, 416887140175/23467349647, 71107128855057728/201561066118083, 218951230294346399935/192356444098690543, 23103736787800997553906932/1652149498363653073827, 105375963117811432313755818235/1576701337938379583455567, 1283190735393627308169287324365184/1934612541650391748899980709, 50316041700412024627263382162567498375/12923856649071833679901504463023, 3839951834784696185319756908339344368385292/111003004758877979476674021832904547}}","{78.28144863660975, 0.44314517714639984, 0.19637764802811408, 3423808/8589, Sqrt[4603790706658/147533253], 4603790706658/147533253, 12161183921454935214413421/5298722217677641751382241, 115881698711575778/(177068873333*Sqrt[2301895353329]), {3423808/8589, 77753697/409, 884978266282/8589, 174717086076243/2863, 329804274865183558/8589, 72079462819729838919/2863, 145859842804803190510282/8589, 4780043809164053092931949/409, 70099250214138785198243692558/8589, 16497646351958619446705096401359/2863}, {0, 2301895353329/73770921, 1506462083250485114/633618440469, 4053727973818311738137807/1814049595062747, 15699165411888801729890137635430/46742615915981801949, 81789398002530587144969809993873352929/401472328102367696939961, 48856619612797699714589185472023245393906878/1149415275357078716339108343, 87686259180484793271662492015368841355202255022723/4230997628589406754844257810583, 1330897889857232351775765163844577580207901783320666313870/254380270423680902321501312345681709, 545869264735419955597879302851685959070385487191250030293115681/242763571407666141115486085748562244289}}"
"{0.8103918950466095, 0.41088089572411, 0.16882311047104698, 67261/14012, Sqrt[763708355/49080533]/2, 763708355/196322132, 358866873904005841/116650090299361205, 9389842848678/(763708355*Sqrt[763708355]), {67261/14012, 377373/14012, 2382571/14012, 16545561/14012, 123904771/14012, 983346633/14012, 8154929011/14012, 69920597001/14012, 615025964611/14012, 5518969488393/14012}, {0, 763708355/196336144, 4694921424339/1375531024864, 1794334369520029205/38547881440788736, 11873500943820297974175/135033228687082942208, 6006080130112545734423894135/7568342401453624744873984, 118406548145362990295966727429249/53023806864584094962587131904, 23872254708205669756817748543016079465/1485939163573104677231541784477696, 150220290559586639260236780369119000020215/2602622444998292842171045435512684544, 105291244641792898538073721592561562991657252715/291743565594528634436005509139229886644224}}","{20.715356501634297, 0.2625894966731495, 0.068953243763058, 4209571/14012, (3*Sqrt[135755325131/49080533])/2, 1221797926179/196322132, 1206160205507295686044871/497596724138435044513347, -1901708037244034/(1221797926179*Sqrt[135755325131]), {4209571/14012, 1351861685/14012, 458497762069/14012, 162643821220745/14012, 59866215573889261/14012, 22713688648429721945/14012, 8833524278156485072909/14012, 3505102049968783303159385/14012, 1413591985891479506747007181/14012, 577635121014469858538361009305/14012}, {0, 1221797926179/196336144, -2852562055866051/1375531024864, 3618480616521887058134613/38547881440788736, -178499258011851769411700677935/135033228687082942208, 13670261236496943439705262946943626519/7568342401453624744873984, -3522143577183401286537856431170027743508241/53023806864584094962587131904, 59180460842789793468027470952127500083615331735273/1485939163573104677231541784477696, -6597556600499425519924325665632180339165648756015109575/2602622444998292842171045435512684544, 281648368135355645627537844284814807277537576006454508534883659/291743565594528634436005509139229886644224}}"
"{0.9016900967015808, 0.43834451477810316, 0.19214591363605069, 67383/14359, Sqrt[145395291/34361087], 145395291/34361087, 330406404798461773/126838743869848086, 213527442787/(145395291*Sqrt[96930194]), {67383/14359, 376965/14359, 2357847/14359, 16010565/14359, 115892823/14359, 882479685/14359, 6996922647/14359, 57307817925/14359, 481904812503/14359, 4140906299205/14359}, {0, 872371746/206180881, 3843493970166/2960551270279, 1982438428790770638/42510555689936161, 26059342566415865302830/610409069151793335799, 6225496707838613878055111646/8764863823950600508737841, 147565762749733232358366542614446/125854679648106672704966658919, 23626026821475029633620274821852394238/1807147345067163713370616255417921, 797677199347490678877400493556084514895310/25948828727819403760288678811545927639, 101700782312839966359222249126179428848720417246/372599231702758818593985139054987974968401}}","{31.957740142482653, 0.3264760626029565, 0.10658661945272956, 4305242/14359, 2*Sqrt[82310707893/34361087], 329242831572/34361087, 746012308613999474229541/325202526424645079973552, 10760434958029255/(1975456989432*Sqrt[54873805262]), {4305242/14359, 1428411844/14359, 511090803650/14359, 193648425465604/14359, 76701829607128322/14359, 31459490151760538404/14359, 13264371284469457620290/14359, 5716397828564099098203844/14359, 2506631815347807896538906242/14359, 1114393590390593830282101732964/14359}, {0, 1975456989432/206180881, 64562609748175530/2960551270279, 8952147703367993690754492/42510555689936161, 520152210451189001290293771930/610409069151793335799, 49974306915626947797195634098885355092/8764863823950600508737841, -359223271951634809069064272627440987946590/125854679648106672704966658919, 309761571181119900422787245528530774516706963863932/1807147345067163713370616255417921, -51269871225609466180540220266705161839053726472350321590/25948828727819403760288678811545927639, 2058651881948555596531636452278455321676619825192471869800214052/372599231702758818593985139054987974968401}}"
"{0.6416022685109801, 0.34951767631915764, 0.12216260605954345, 18067/3440, Sqrt[39872991/2958185]/2, 39872991/11832740, 1214263605662719/529951803762027, -15149262118/(13290997*Sqrt[39872991]), {18067/3440, 212959/6880, 338573/1720, 9089083/6880, 7946563/860, 459859519/6880, 855562883/1720, 26098534243/6880, 6353349937/215, 1613433739879/6880}, {0, 39872991/11833600, -22723893177/20353792000, 3642790816988157/140034088960000, -1504457656594431993/120429316505600000, 86667912455863818635871/331421479023411200000, -333476085677132652792824811/2850224719601336320000000, 58862399651795944990904311463673/19609546070857193881600000000, -9071120317867513348878386156079033/8432104810468593369088000000000, 8696424324554049262244604553695293561559/232051524384095689517301760000000000}}","{16.65139801165417, 0.22518469317576742, 0.050708146040664516, 451847/1376, Sqrt[51760561611/591637]/4, 51760561611/9466192, 851852782526615971245/297683970920680768369, (-1414460918892574*Sqrt[5/51760561611])/17253520537, {451847/1376, 389748953/3440, 8701033592/215, 12747570681863/860, 1903469541102467/344, 450868548444657608/215, 1384140096961545722671/1720, 134199418328753987612059/430, 42017973582317177710115015/344, 10360407549547771544445810458/215}, {0, 51760561611/9466880, -2121691378338861/6513213440, 1533335008547908748241/17924363386880, -12491263154750118253643769/1233196201017344, 64488272078009106015836911879191/33937559451997306880, -6535954298109942492982642863990141351/23349040902974147133440, 3096249057293791261389015006407358275416221/64256560564984852911226880, -16963422471442633099351707706203164613060102873/2210425683435478940146204672, 157406986117127453536782111409364947917987321299811171/121661829616288760865647105146880}}"
"{0.8837320615562178, 0.40719715283011326, 0.16580952127295062, 87057/16334, 3*Sqrt[139620041/266783222], 1256580369/266783222, 1527664315677352651/526331407918725387, 1917088354696/(418860123*Sqrt[139620041]), {87057/16334, 540927/16334, 3767751/16334, 28723083/16334, 235342047/16334, 2040886587/16334, 18491189631/16334, 173223333243/16334, 1664411295807/16334, 16305747825147/16334}, {0, 1256580369/266799556, 2156724399033/544737993463, 4582992947032057953/71182003081797136, 9881655606887642151825/72667927396129651214, 23629599290434460509384564209/18991326817414107566871616, 154029916390323740489629939599483/38775541529455254124660121968, 145006432590416733823627237332885612993/5066877562736976966977587457802496, 294803663186731409921099038866202750304385/2586324315929555680581622297992061552, 988420829672077933796182463951988683551756599249/1351840684044587599571846995692874668491776}}","{20.804931012483486, 0.24044580849729277, 0.05781418682391679, 2938965/8167, 23*Sqrt[1887865214/133391611], 998680698206/133391611, 609003460649580188369563/249340784242305912904609, -58443244555050378/(11484828029369*Sqrt[943932607]), {2938965/8167, 1118752984/8167, 445721030388/8167, 184321606847266/8167, 78603266438770800/8167, 34388046599783332834/8167, 15369951751855985420088/8167, 6994742871087197453898586/8167, 3232258383963758673919935600/8167, 1513160830198481734423028053234/8167}, {0, 499340349103/66699889, -58443244555050378/544737993463, 609003460649580188369563/4448875192612321, -230745685296856172113654546050/36333963698064825607, 1062795589884995846179813540752748363/296739481522095430732369, -798127319256898871670942065674659437977218/2423471345590953382791257623, 2349275659127497519527747846355223737814345850763/19792490479441316277256201007041, -2636699810314043053628110289196111584446356435639404130/161645269745597230036351393624503847, 6093328806755392655053095169663563868580496602619413613125323/1320156918012292577706881831731322918449}}"
"{0.9287475162895518, 0.4331747819256541, 0.187640391696338, 35266/7125, (2*Sqrt[116675122/4060965])/5, 466700488/101524125, 26079285448839723/13613084093714884, -307576986029/(233350244*Sqrt[58337561]), {35266/7125, 207304/7125, 1338166/7125, 1827788/1425, 64916086/7125, 475879444/7125, 3587859646/7125, 1111297276/285, 11623761154/375, 1801928390884/7125}, {0, 233350244/50765625, -615153972058/361705078125, 34772380598452964/859049560546875, -340910216486881816946/18362184356689453125, 13217031092708218093764284/26166112708282470703125, 3220375593993509696187311162/310722588410854339599609375, 53931348878155015272988380529740428/6641695327282011508941650390625, 387556825063372043031223590541219974638/47322079206884332001209259033203125, 5919705907157224192870183529640984884299724/37463312705450096167623996734619140625}}","{31.809178231020653, 0.3240900751677379, 0.10503437682223, 4315547/14250, Sqrt[1956017278541/8121930]/5, 1956017278541/203048250, 6694309984869943720046457/3826003593950939979088681, -201614642491690604/(1956017278541*Sqrt[1956017278541]), {4315547/14250, 1444207943/14250, 519518634653/14250, 196512972757259/14250, 76954527581579957/14250, 30873743554458432203/14250, 12602526983136216562133/14250, 5210140094067427000540859/14250, 2174820123233526994646660117/14250, 914651362671553849338757481963/14250}, {0, 1956017278541/203062500, -50403660622922651/723410156250, 2231436661623314573348819/13744792968750000, -335113307864089817051140711559/73448737426757812500, 5607203838141594364147178760592481921/1674631213330078125000000, -1824534392634140303091596662699330154113331/9943122829147338867187500000, 131955382016006130499190817254803218412920512386673/1700274003784194946289062500000000, -9580396614871164264902404557009911833529083230936763679/1514306534620298624038696289062500000, 74828626750711526024911853870551305314593020213957530202423701/38362432210380898475646972656250000000000}}"
"{0.8923302060599523, 0.3797856840386856, 0.14423716580073234, 46727/7553, Sqrt[629816774/114088065], 629816774/114088065, 334317565088929549/99167292202941769, 2521547062869/(314908387*Sqrt[314908387]), {46727/7553, 25444/581, 2606411/7553, 22508140/7553, 210671387/7553, 2116041412/7553, 22585472051/7553, 253716665980/7553, 228694959959/581, 36053522649652/7553}, {0, 314908387/57047809, 2521547062869/430882101377, 334317565088929549/3254452511700481, 8411661444201295840905/24580879820873732993, 633513008073014460174405757/185659385287059305296129, 26253543616066924170468187699209/1402285337073158932901662337, 236023236176523739031966034308041747/1513065878701938488600893661623, 84208905232017439870695041966949647203065/79997306072850189830817848783669633, 5025535593464201338496817329426041459127396077/604219652768237483792167211863056738049}}","{32.37715886699869, 0.2888083319684319, 0.08341025261438798, 2931830/7553, 2*Sqrt[119485994951/38029355], 477943979804/38029355, 106996993641590693199718/42830708968291192477203, 45375505443040735/(238971989902*Sqrt[716915969706]), {2931830/7553, 1232959502/7553, 554669352905/7553, 263968317775808/7553, 131544771383628065/7553, 68015871595417513532/7553, 36201413097133300666565/7553, 19706133703329553126724768/7553, 839610924575523191911473245/581, 6127670403409838816797627263812/7553}, {0, 716915969706/57047809, 136126516329122205/430882101377, 1283963923699088318396616/3254452511700481, 296370680847492267484696397865/24580879820873732993, 2894919147640725952704815789885667576/185659385287059305296129, 511411003464567311619642490959573016479825/1402285337073158932901662337, 1042166866708710384696026695398537304068946955088/1513065878701938488600893661623, 763685396013242519872455357534824265396661596186020265/79997306072850189830817848783669633, 19729536220996362463931013793901477473308019914640199610263496/604219652768237483792167211863056738049}}"
"{0.735991989378591, 0.3565233690625572, 0.12710891268771637, 46901/8100, Sqrt[279584699/32398]/45, 279584699/65605950, 201034637425348197/78167603914920601, 971268035902/(279584699*Sqrt[279584699]), {46901/8100, 61217/1620, 2186831/8100, 16769437/8100, 136099511/8100, 231341609/1620, 10209315551/8100, 92956540477/8100, 868471472711/8100, 1658058133001/1620}, {0, 279584699/65610000, 485634017951/265720500000, 67011545808449399/1434890700000000, 493149445777624263251/8716961002500000000, 40679948426300603216594099/56485907296200000000000, 580638622181231604376140228551/381279874249350000000000000, 251813186270974691650072288498131593/18530201888518410000000000000000, 753329638019002218522591929121431913851/18761829412124890125000000000000000, 39557078329431635188143176018099870590723499/135085171767299208900000000000000000000}}","{19.976221198304238, 0.2314844813859155, 0.05358506512250626, 754909/2025, Sqrt[244284632302/16199]/45, 244284632302/32802975, 35402037905901042744972/14918745394730835454801, 7917764632730764/(122142316151*Sqrt[122142316151]), {754909/2025, 1186021091/8100, 488079497947/8100, 209246842625729/8100, 92921457107750671/8100, 42509101042011983201/8100, 19932755593455694543327/8100, 9537607147560839037331049/8100, 4639303574045175470304343711/8100, 2286901744640510852389671236561/8100}, {0, 122142316151/16402500, 1979441158182691/16607531250, 2950169825491753562081/22420167187500, 176410858083877483047489767/68101257832031250, 156727477413498166451014395612911/55162018843945312500, 5371656543783365268453421818442773601/93085906799157714843750, 74273370070120025818085880872926570827641987/1130993767609766235351562500, 1606036006716808922133484475691142229185253863999/1145131189704888313293457031250, 810857397264427088990859236368639970813875416069104771/515309035367199740982055664062500}}"
"{2.313265460347816, 0.6120474647259824, 0.37460209907750264, 100243/16233, Sqrt[941004221/65873514], 941004221/65873514, 11002765003883874015/3541955775759267364, 48135589792475/(1882008442*Sqrt[941004221]), {100243/16233, 850901/16233, 1264141/2319, 104996861/16233, 1353031963/16233, 18363714221/16233, 257808057307/16233, 3704610955901/16233, 7735229641549/2319, 801850471630541/16233}, {0, 3764016884/263510289, 192542359169900/4277562521337, 14670353338511832020/23145890802954507, 4507136640071915539190500/1127181736213081536393, 759845798528244763796431413844/18297541123946952580267569, 33013579451011477427556194736228260/99007995021676960411827815859, 2219919489801868327641333000490112373620/688798621365806613585086114931063, 2241197470620822847809710958463328993687222900/78268876144417971308286920325731619753, 38691903829409570457477697447626199982411201966756/141170962939148547583046841960844598161161}}","{94.30416919557679, 0.49012945735466695, 0.2402268849667803, 2124158/5411, (3*Sqrt[180641378919/10978919])/2, 1625772410271/43915676, 1528604572232656778190781/587363539999639276954098, (48346683539526133*Sqrt[2/60213792973])/541924136757, {2124158/5411, 147738614/773, 583056196664/5411, 52017632542818/773, 243529224222245288/5411, 24335427849154394554/773, 122745337356159440413184/5411, 12893848105886585349798338/773, 67335494668447339668344264888/5411, 7254314640372603022131585589194/773}, {0, 1083848273514/29278921, 580160202474313596/158428241531, 3057209144465313556381562/857255214924241, 2995516733535058478069846638540/4638607967955068051, 11034336186111236275584842971584380794/25099507714604873223961, 14597125245108310298696770234245872450186156/135813436243726969014852971, 6322664791651437629575085467820342017237475149686/104983786216400947048481346583, 70525301385182259704479596089696011052521774681087188300/3976470870518618671355327964524291, 189712625864211599674542710381549857029169190003844875418116474/21516683880376245630703679616040938601}}"
"{0.7181341059691966, 0.38061778595199575, 0.14486989898299926, 78337/15803, 7*Sqrt[9071069/124859503], 444482381/124859503, 1433440156622509757/395129174038858322, (4287293959728*Sqrt[2/9071069])/3111376667, {78337/15803, 444577/15803, 2830183/15803, 19923997/15803, 153004207/15803, 1263973117/15803, 11079732223/15803, 101771159917/15803, 969103279087/15803, 9484700486557/15803}, {0, 888964762/249734809, 17149175838912/3946559186627, 2866880313245019514/62367474826266481, 143578810935017242241880/985593204679489199243, 16236117484444538089670969122/15575329413549967815637129, 1147010717656884752597122718469312/246136930722330141390513549587, 114636828148583996981727734066566251754/3889701916204983224394285624123361, 9356909664443271413813543507077218407638440/61468959381787349895102895718021473883, 894195647772873003958192678820728460454570458482/971393965110385490392311061031893351773049}}","{16.234870380060464, 0.2225987071525572, 0.04955018442598992, 5177774/15803, Sqrt[664161929493/124859503], 664161929493/124859503, 391676061510704794401555/98024681908414378497122, 276587292785881525/(221387309831*Sqrt[1328323858986]), {5177774/15803, 1780526954/15803, 645106418474/15803, 246754331391266/15803, 99555792202731914/15803, 42199070275914681074/15803, 18672783326425764988634/15803, 8561387676985629336821666/15803, 4037553770404221644335301354/15803, 1945948144571466115996643638994/15803}, {0, 1328323858986/249734809, 1659523756715289150/3946559186627, 7050169107192686299227990/62367474826266481, 16254552472635658381223617622070/985593204679489199243, 53943998122931898010154893071991397286/15575329413549967815637129, 148335174085159284195052130259231916292068950/246136930722330141390513549587, 463508595836117448884502117663225529395296937060870/3889701916204983224394285624123361, 1354879460030876530583133320026429134264748951199158967190/61468959381787349895102895718021473883, 4170557998069841639156898429254335291076813087041667354751854886/971393965110385490392311061031893351773049}}"
"{1.3035173456901918, 0.5136395296303911, 0.26382556639892935, 78075/15802, Sqrt[536033739/83229134], 536033739/83229134, 2256309811461816811/861996508038960363, 11643878047120/(1608101217*Sqrt[178677913]), {78075/15802, 487521/15802, 3554265/15802, 28802901/15802, 250947345/15802, 2301227061/15802, 21913644225/15802, 214796027781/15802, 2154203773905/15802, 22010991886101/15802}, {0, 1608101217/249703204, 4366454267670/493226253701, 6768929434385450433/62351690087865616, 10026499284442339974735/30790043961514139501, 42838831682783643122295116577/15569416789755085836633664, 178957705538646597641204997795225/15376745256981866649405322408, 333958002267598568327499247377402756993/3887733256813239308702446475059456, 417864390706663895231943130554203376611895/959905639440043868064313424982648808, 2945951396774336282004096510064273311062457357537/970779450523620685001745967460852253697024}}","{38.2173777507302, 0.34127933896017676, 0.11647158720109523, 2592525/7901, 2*Sqrt[391388823527/124843701], 1565555294108/124843701, 904196413711637548051001/306370422363698297439458, 277581050546037243/(391388823527*Sqrt[782777647054]), {2592525/7901, 949748579/7901, 385547577861/7901, 170929634553827/7901, 81279427597951425/7901, 40733398935045550799/7901, 21203997026296456666341/7901, 11340981036676018696040747/7901, 6184404701732675834510681865/7901, 3420173598876387329574183990119/7901}, {0, 782777647054/62425801, 555162101092074486/493226253701, 1808392827423275096102002/3896980630491601, 2475984063634917612785429503050/30790043961514139501, 5831351287744392522510778645548613174/243272137339923216197401, 10051456070748990073904203266756034425956166/1922093157122733331175665301, 21457965556650618100311059437819093077858896698522/15186458034426716049618931543201, 40489704943559680146785717844128926984443802166791204290/119988204930005483508039178122831101, 83767044261855421367482099271168651758235400838989390375652894/948026807151973325197017546348488529001}}"
"{1.16824460185941, 0.5234209674314139, 0.2739695091468372, 32190/7549, 2*Sqrt[141933667/113967253], 567734668/113967253, 113039389339713079/40290331656133778, 1303562912157/(141933667*Sqrt[283867334]), {32190/7549, 174866/7549, 1112094/7549, 7904102/7549, 60680190/7549, 491414126/7549, 4132835214/7549, 35729320262/7549, 315416520990/7549, 2830671045086/7549}, {0, 283867334/56987401, 2607125824314/430197890149, 226078778679426158/3247563872734801, 4413616362675431448090/24515859675275012749, 257441490555604905345212774/185070224688651071242201, 7060873298779064412955927101594/1397095126174626936807375349, 351711838854094795337679804469495358/10546671107492258745958876509601, 11606303972711533940526443930736202912410/79616820190459061273243558770977949, 536162482813189396515459462864222740736438614/601027375617775453551715625162112537001}}","{29.279825236743086, 0.3197576883935787, 0.10224497928680498, 2161802/7549, 2*Sqrt[238899399567/113967253], 955597598268/113967253, 32118075049435849801837/12682871802994026619442, (10306277336482351*Sqrt[2/238899399567])/79633133189, {2161802/7549, 682366762/7549, 233829470624/7549, 85741379835106/7549, 33214805677626932/7549, 13448800101142473262/7549, 5643328307994440762264/7549, 2437767997193634767876746/7549, 1078502273729210983937309852/7549, 486741471090107282011130433862/7549}, {0, 477798799134/56987401, 123675328037788212/430197890149, 578125350889845296433066/3247563872734801, 351735833579344449944296724640/24515859675275012749, 1029608238134782340081108182616965854/185070224688651071242201, 947000035107046080913094290328920260557172/1397095126174626936807375349, 2292979129851397247903518347071722177102140765426/10546671107492258745958876509601, 2651360993771416532072028584890075418793047000710655880/79616820190459061273243558770977949, 5832318940953057052988088946224769423608378253193017480059174/601027375617775453551715625162112537001}}"
"{1.1305480244794033, 0.45351507549670833, 0.20567592370278506, 97089/17663, 2*Sqrt[242330979/155981953], 969323916/155981953, 26928965867534121/9490796506359344, 6582423078415/(646215944*Sqrt[484661958]), {97089/17663, 643431/17663, 4869987/17663, 40740507/17663, 369214779/17663, 3574633371/17663, 36563315067/17663, 391333707147/17663, 4346046359259/17663, 49724938020411/17663}, {0, 1938647832/311981569, 39494538470490/5510530453247, 10663870483543511916/97332499395701761, 667940324263525107313770/1719183936826280204543, 104211688581181729826947433892/30365945876162587252843009, 10300178439266144713096830693693570/536353702010659778646966067967, 1388145882413066843325313332135549547116/9473615438614283670241361658501121, 163158479503639297395752339297888639139348090/167332469492244092467473170974105300223, 21315661508797161452039239465088157330647700732852/2955593408641507405252978618915621917838849}}","{44.43674218066335, 0.3436322621904921, 0.1180831316181551, 6646895/17663, Sqrt[2608380320011/155981953], 2608380320011/155981953, 20483343387702668997614593/13607295787641373534080242, 500720473860787845/(2608380320011*Sqrt[5216760640022]), {6646895/17663, 2796692169/17663, 1277944423415/17663, 617448553097313/17663, 309393937140810335/17663, 158800011894997199049/17663, 82852313108180398697015/17663, 43736188081633079380570353/17663, 23290492395746310080306032655/17663, 12487588174580816777781293415129/17663}, {0, 5216760640022/311981569, 1001440947721575690/5510530453247, 40966686775405337995229186/97332499395701761, 15576082683244444751393058408210/1719183936826280204543, 368063097628065719880316867951108325282/30365945876162587252843009, 196077877773975205736821841374690615628956530/536353702010659778646966067967, 3548070349805035317052779927753419914141166989371026/9473615438614283670241361658501121, 2300729322748856193687577042874449556708318988918845382450/167332469492244092467473170974105300223, 35735659718544879334725370810199995407674620444050511876669112642/2955593408641507405252978618915621917838849}}"
"{1.0800211614064568, 0.4142693490767213, 0.17161909358445038, 25097/3988, Sqrt[540452399/19879183]/2, 540452399/79516732, 734936908114408525/292088795584855201, (1616598750174*Sqrt[5/540452399])/540452399, {25097/3988, 925213/19940, 7629817/19940, 68353069/19940, 130565837/3988, 6562664293/19940, 68791065577/19940, 746396642749/19940, 1666560867101/3988, 95243658789973/19940}, {0, 540452399/79520720, 808299375087/158564315680, 29397476324576341/252941796372736, 64277598231927068751/252182970983617792, 61030995326838922873853939/20114113765653355089920, 440148768090628802094453952437/40107542848712790049300480, 6356429650293347408031676320329449/63979552352266642686644125696, 14824640867015817187857617302242390759/31893806847604921379292096659456, 18742692124562079282088105754448441029996279/5087700068329937058424675259116421120}}","{30.184336067338663, 0.27465526054781897, 0.07543551214659032, 3989339/9970, Sqrt[1200482816379/99395915], 1200482816379/99395915, 368927645391924254076253/160128776935695092296849, (-61703370701445318*Sqrt[3/400160938793])/400160938793, {3989339/9970, 171668089/997, 388838044171/4985, 182827147422848/4985, 88417759812308767/4985, 8744545388865521134/997, 22019659145195963383981/4985, 11262137660431115950275368/4985, 5837578020931648068185953267/4985, 612333785409434972604851449474/997}, {0, 1200482816379/99400900, -277665168156503931/495513486500, 3320348808527318286686277/9880538920810000, -807129282015860136755165446551/24627243260118925000, 2422874299726166981231733087813077139/196426892242708545800000, -7928882816148597125508277137184015193175513/4895940289149510504065000000, 49922925329971854451890259278750175826313463026633/97625049365641239451056100000000, -9559717239130098427705782595700283943405852398856267791/121665217771930394665878664625000000, 219760307082111844840148807117803761865660182052284297307337091/9704017769489168278550482290490000000000}}"
"{1.1331467378856275, 0.5391981732157366, 0.2907346699991875, 18295/4694, Sqrt[97300571/2447921]/3, 97300571/22031289, 38883565981023653/9467401116926041, 1109533286238/(97300571*Sqrt[97300571]), {18295/4694, 46017/2347, 570643/4694, 2066751/2347, 33180655/4694, 141925257/2347, 2525371363/4694, 11518471971/2347, 213715831255/4694, 1003299459597/2347}, {0, 97300571/22033636, 554766643119/51712943692, 38883565981023653/485481115380496, 207572038625625295395/569712088899012056, 23604934408257089402466911/10696914181167850363456, 298386589238928849276738638469/25105657583200944803031232, 16452991856647964254094716620141833/235691913391090469810857206016, 55088075079412726314923465878416314955/138292230182222333161520465629888, 12179408444126475800377047654335665119062051/5193149827802813054881416525333554176}}","{36.21482668587851, 0.3849885439995294, 0.1482161790108776, 573461/2347, Sqrt[64982417182/7343763], 64982417182/7343763, 9060422560055303841382/3167035907111616615843, (6795903873637538*Sqrt[2/97473625773])/32491208591, {573461/2347, 321767645/4694, 102616491115/4694, 36275715398603/4694, 13793284689589027/4694, 5499222958730722535/4694, 2258467992076536834895/4694, 944919961693143065409083/4694, 400120526455052115345634027/4694, 170817897085961431849421581775/4694}, {0, 97473625773/11016818, 10193855810456307/12928235923, 13590633840082955762073/60685139422562, 2324828998810942551437292825/71214011112376507, 2432798010701318052925097552501253/334278568161495323858, 493905533647011177928404976816824769527/392275899737514762547363, 481679272730417925604038372211299825783410673/1841343073367894295397321922, 105397443828738598187993078099544994579258370426565/2160816096597223955648757275467, 100543458528908362706409910550107183760894830394870631933/10142870757427369247815266651042098}}"
"{0.7806306730624097, 0.4778088488437988, 0.22830129603343619, 6059/1772, (7*Sqrt[1197229/5494529])/2, 58664221/21978116, 1326228651358915/491641546505263, 17553334158/(58664221*Sqrt[8380603]), {6059/1772, 25447/1772, 841067/12404, 4332757/12404, 3414389/1772, 139369669/12404, 121551701/1772, 771115891/1772, 35369111123/12404, 238201959109/12404}, {0, 8380603/3139984, 8776667079/19474180768, 1326228651358915/69016496641792, 343977091659406875/30574308012313856, 44209261388403528933241/216710695191280611328, 6736607156129035383176907/27429382277067803090944, 261745202569503846795528048265/97209730789928294154305536, 789576978069708145191809288092035/150723687589783820086250733568, 87907023405428000379028541279408419861/2136658995272775433542690399059968}}","{23.365396257112643, 0.3239212367890886, 0.1049249676429728, 1381103/6202, Sqrt[200122522003/38461703], 200122522003/38461703, 8340356088199468048901/2355824930167130537177, 39491124074950182/(200122522003*Sqrt[200122522003]), {1381103/6202, 169910353/3101, 91071288659/6202, 13180479387559/3101, 8190024384638423/6202, 1357289408868590713/3101, 953288666450094468539/6202, 175982635758830551265899/3101, 135523646957894537223534143/6202, 26998446626028109710973587373/3101}, {0, 200122522003/38464804, 19745562037475091/119279357204, 141786053499390956831317/1479541146758416, 22045452704640762057081124695/2294028548048924008, 179444419426092121667543579221734343/56910260219997706790464, 90192762133508534632140014438007727285521/176478716942212888757228864, 42050880871585540406339616693454545588176717071/312720286421601238877809547008, 44968558398601172184038504127325173604469449419780255/1697054814338424523080152959225664, 537872409626225164893789087285953190529596392778800248644283/84201071668215271137144869224940545024}}"
"{1.3308601131221294, 0.5551576628563725, 0.3082000306281497, 49646/11497, Sqrt[379781173/16521189]/2, 379781173/66084756, 566340390116923027/288467478730511858, 1335485239713/(379781173*Sqrt[759562346]), {49646/11497, 280446/11497, 1801790/11497, 12483270/11497, 90807806/11497, 683342886/11497, 5271457550/11497, 41440335270/11497, 330645137246/11497, 2670053970726/11497}, {0, 759562346/132181009, 2670970479426/1519685060473, 1132680780233846054/17471819140258081, 8558094184918020988170/200873504655547157257, 2116889422230649491424064966/2309442683024825666983729, 22635465088679432724191493561546/26551662526736420693311932313, 4468580713313741788988057765605478774/305264464069888628711007285802561, 59572624030940344267250008317665302847850/3509625543411509564290450764872043817, 10229244261338717415473389146958194951438464486/40350164872602125460647312443733887764049}}","{49.3278625487647, 0.4267293789711469, 0.1820979628771007, 3114381/11497, Sqrt[147173476061/11014126], 147173476061/11014126, 264397776867391235566085/129960192335266440454326, 60575029006153133/(588693904244*Sqrt[441520428183]), {3114381/11497, 997255869/11497, 356115716535/11497, 136692970143825/11497, 54998757329092431/11497, 22809849474992785569/11497, 9646950791535820798095/11497, 4132889314639362988186785/11497, 1786189090297549691291616111/11497, 776797146276304797854120175969/11497}, {0, 1766081712732/132181009, 363450174036918798/1519685060473, 6345546644817389653586040/17471819140258081, 380058762038504454543908561910/200873504655547157257, 27266839859427495739885432644849424152/2309442683024825666983729, -6758357014308400036521757531547438003047002/26551662526736420693311932313, 129994297221557002835208534073538338941677985982920/305264464069888628711007285802561, -81500341500485052940843549486849546558454633662463434890/3509625543411509564290450764872043817, 670240479282168259834885047326274548434301069885728294965241272/40350164872602125460647312443733887764049}}"
"{1.2705933083051788, 0.48933348639708996, 0.23944726090953103, 22361/4214, (3*Sqrt[39905863/1087126])/7, 359152767/53269174, 46508032718750857/14332301115972921, (108715711012*Sqrt[3/39905863])/39905863, {22361/4214, 147065/4214, 1136981/4214, 9931681/4214, 13568403/602, 970590945/4214, 10413803221/4214, 115882252481/4214, 1326123405221/4214, 15514508104225/4214}, {0, 119717589/17757796, 244610349777/18707838086, 46508032718750857/315339318777616, 110300043461154966285/166104986166109228, 29778637748703436553487389/5599731293631874294336, 193910580025299808064273673627/5899316917841179569082976, 3504336087458875172386494753823911/14205555138161560402351806208, 45249194509654440598240413495019599045/26189716591593106796785848720224, 22845323462659879916101196286360610779509989/1765815451471573632666489064112382976}}","{31.603869805906996, 0.30819953657272736, 0.09498695434364392, 4206221/12642, Sqrt[1680404294117/3261378]/7, 1680404294117/159807522, 6192766203497983080496617/2823758591686853040809689, -76392796421533916/(1680404294117*Sqrt[1680404294117]), {4206221/12642, 1532407799/12642, 597832986119/12642, 816085559447/42, 104997842181044951/12642, 46257840570130617059/12642, 20858215475310303169679/12642, 9575595611500271493652427/12642, 4457908030219580770207692071/12642, 299767287320365732496006844917/1806}, {0, 1680404294117/159820164, -19098199105383479/505111628322, 2064255401165994360165539/8514161606995632, -244691592602925029938560761075/40363511638364542404, 28740879565271961386926934006344260877/4082204113057636360570944, -1656073753276480204277780300507580203914223/4300602033106219905861489504, 21478928551821621274974868825355645274838769600231/93202647261477997799830200530688, -10104516064090389473425699590873155682155509562484614315/515492191672327121081135860360168992, 94114279610192687209734026201506150300039621348048797618402893/11585515177104994603924834749641344705536}}"
"{1.1983595389743533, 0.49350021547200046, 0.24354246267091087, 34862/7085, 2*Sqrt[49328441/33462455], 197313764/33462455, 36271423184581717/14599770548942886, 15857973533/(2901673*Sqrt[295970646]), {34862/7085, 213314/7085, 114842/545, 11467958/7085, 7258634/545, 818277854/7085, 7390575866/7085, 68910436598/7085, 658839860882/7085, 6425478492494/7085}, {0, 295970646/50197225, 1617513300366/355647339125, 217628539107490302/2519761397700625, 3280023370600159906878/17852509502708928125, 46245834663310159044755886/25297005965338551153125, 5658003388092095168481659177718/896146436322118174599453125, 299046902183801515855823096329255758/6349197501342207267037125390625, 9447453006312816010967924087594054765646/44984064297009538486958033392578125, 436397916596341863076075073725266953359812534/318712095544312580180097666586416015625}}","{40.76543823738894, 0.3771480512431031, 0.1422406525564703, 4061049/14170, Sqrt[2345684215369/200774730], 2345684215369/200774730, 15703605701875262986265617/5502234438231281175806161, 240290510393375928/(213244019579*Sqrt[2345684215369]), {4061049/14170, 1329414481/14170, 489052504989/14170, 15214455956173/1090, 85916850219280869/14170, 39282545880585286321/14170, 1432142911651800554193/1090, 9050760901824464152428409/14170, 4481735629078908297129018069/14170, 2250406710754537309995894149761/14170}, {0, 2345684215369/200788900, 330399451790891901/355647339125, 15703605701875262986265617/40316182363210000, 2091317909252394883144104444981/35705019005417856250, 28985785735267689946971106137441981509/1619008381781667273800000, 50402368496424482913536070914072955758115783/14338342981153890793591250000, 1581340478273297641075382443248344209320336517649953/1625394560343605060361504100000000, 158442988829154671318823561359527757834684422763522328741/719745028752152615791328534281250000, 19241464154910880100516086615578074507686527836502763980034433641/326361185837376082104420010584490000000000}}"
"{0.7901179916503094, 0.44383174897354577, 0.19698662139691656, 2547/635, Sqrt[28111642/8870315], 28111642/8870315, 510638169273727/197566103984041, (266919636*Sqrt[11/14055821])/14055821, {2547/635, 134512/6985, 717762/6985, 4136578/6985, 25353642/6985, 163722742/6985, 1106502582/6985, 7783450738/6985, 56700642162/6985, 425757480622/6985}, {0, 14055821/4435475, 266919636/2816526625, 4220150159287/162590400625, 12267112196603208/1135693948365625, 46946805247558264141/144233131442434375, 160086482912270541133668/457940192329729140625, 1500842497630390025939720693/290792022129378004296875, 1738743210545931685783558465536/184652934052155032728515625, 11077742641516258632299121419215049/117254613123118445782607421875}}","{25.153497234567467, 0.3026520366186828, 0.0915982552694365, 1918128/6985, Sqrt[673971106362/97573465], 673971106362/97573465, 105712934355694919890039/37853087684234859739587, 1843395093405598/(112328517727*Sqrt[336985553181]), {1918128/6985, 574975029/6985, 184501707402/6985, 62603473299501/6985, 2022285829833978/635, 8210431569136382049/6985, 3125972153237521659402/6985, 1220604102561463426921701/6985, 486475362743834395741452438/6985, 17921215787232221485997273979/635}, {0, 336985553181/48790225, 5530185280216794/340799721625, 317138803067084759670117/2380486055550625, -37514583171756894094657798578/16627695098021115625, 88114862375535988679490224438812341/23228890051935498528125, -183786287810939333282979905553568829652198/811268985063847286094765625, 775004357580490443309488225497766644560873632253/5666713860670973293371937890625, -599069926900365178506169102577786286543515418413880666/39581996316786748454202986166015625, 1591903147025022045602054035766641063466529463830877107174609/276480244272755437952607858369619140625}}"
"{0.8008364142406478, 0.3657083622593294, 0.1337426062264009, 30664/5121, 2*Sqrt[15718429/13111467], 62873716/13111467, 9348330648645969/3953104163648656, -10727437715/(125747432*Sqrt[31436858]), {30664/5121, 208168/5121, 171082/569, 12124804/5121, 100090714/5121, 856660828/5121, 7540131218/5121, 67834524004/5121, 206966634958/1707, 5761957031788/5121}, {0, 125747432/26224641, -21454875430/134296386561, 12464440864861292/229243931859627, -63219785764673432390/3521874525159449601, 14670530816645692386705532/18035519443341541406721, -21822398818241128711591920730/30786631689784011181272747, 6689684078674512174762435622274276/472975022650151763777893212161, -53851395276641984505938175456080384950/2422105090991427182306591139476481, 377474345276887961281876340304681719719148/1378177796774122066732450358362117689}}","{21.29577312286862, 0.23422687861220143, 0.054862230664414945, 5963428/15363, Sqrt[975454814479/13111467]/3, 975454814479/118003203, 5835583738726878557727849/1903024190180520616082882, 181421048795786983/(975454814479*Sqrt[1950909628958]), {5963428/15363, 2441800634/15363, 1047951723910/15363, 469191866832374/15363, 218354878849537078/15363, 105287238957468576974/15363, 52427789883857221071310/15363, 26865484561560489786554774/15363, 14114840105414714931109396678/15363, 7575455988844110799349847627614/15363}, {0, 1950909628958/236021769, 362842097591573966/3626002437147, 3890389159151252371818566/18568758480629787, 7438688228533567197898624439470/855815509613746253043, 90556361091876697978798536494035439578/13147893674195983685499609, 31967081866700058401664903313641018822330722/67330363505557632453443497689, 779163087007150378413043109617010456318110148625458/3103189123607645722146757364988321, 1091509121482460384346353018236320149668213570728504824510/47674294505984261229340633398315575523, 786154333242104324641557382781192670520285086883347721196980922/81380020721715133918484461210924687417761}}"
"{0.9281020758545341, 0.4660318121429547, 0.21718564992924622, 55130/12901, Sqrt[4400299/1109486], 4400299/1109486, 53424459672471757/24203289111751250, (465282020407*Sqrt[2/13200897])/550037375, {55130/12901, 286750/12901, 242312/1843, 10929106/12901, 10679720/1843, 534712330/12901, 3961935584/12901, 30220490386/12901, 33746479160/1843, 1885535888410/12901}, {0, 660044850/166435801, 5583384244884/2147188268701, 961640274104491626/27700875854511601, 20874919342980050119140/357368999399054164501, 2100427407850235140150217130/4610417461247197776227401, 71891643434587193950376215642884/59478995667550098511109700301, 843760822784453606892952689972350118/109619789015294831555975177654743, 252823891526905970118778337082078789536100/9899434286604230353325450368466876101, 18969002739225090689569454084969005562831026410/127712601731481175788251635203591168579001}}","{17.801405820882394, 0.25557273961844823, 0.06531742523607914, 3515998/12901, Sqrt[403703611849/3328458]/5, 403703611849/83211450, 656886961157924353996861/325953212439856106397602, (3544163502962589*Sqrt[2/403703611849])/403703611849, {3515998/12901, 145831986/1843, 312410676160/12901, 99770645974242/12901, 32965081503266128/12901, 1598806962854597526/1843, 3883374756700413367480/12901, 195945446181740677474446/1843, 25874125059385247287010752/679, 178375499091137899847728129962/12901}, {0, 807407223698/166435801, 14176654011850356/2147188268701, 1313773922315848707993722/27700875854511601, 35921984662463400616843809780/357368999399054164501, 2708308513262454303087761681772747098/4610417461247197776227401, 124436261583441372486722559007168943741316/59478995667550098511109700301, 901495848574538844967155178364921185379983083926/109619789015294831555975177654743, 474488581746685659306456371519404056255298881848330580/9899434286604230353325450368466876101, 15844675580290993973205075750709767769630712613640669190945498/127712601731481175788251635203591168579001}}"
"{0.9020748715278374, 0.42395504426038333, 0.1797378795538236, 2931/584, Sqrt[926385/204619], 926385/204619, 5256779946477/2383858800625, -98103498/(7719875*Sqrt[61759]), {2931/584, 8677/292, 453387/2336, 1581423/1168, 23116779/2336, 87444293/1168, 1358802087/2336, 5392471303/1168, 87131228979/2336, 357350242953/1168}, {0, 1543975/341056, -49051749/99588352, 5256779946477/116319195136, -363933837326205/16982602489856, 24455996914343242835/39671359416303616, -6952881203151110242239/11584036949560655872, 138433951407169208374112857/13530155157086846058496, -14857302635133833094538523565/987701326467339762270208, 897651265660949383589064099076095/4614540597255411369326411776}}","{33.134663139235165, 0.3211999142185275, 0.10316938489398943, 1500495/4672, Sqrt[139360665017/204619]/8, 139360665017/13095616, 885066192557862996571941/485534873849512190257225, (54104911098554586*Sqrt[3/696803325085])/696803325085, {1500495/4672, 1594875655/14016, 203500636093/4672, 247506850308499/14016, 34869393541854365/4672, 45572637938206047115/14016, 6768828770792959505253/4672, 9205966285967452148650099/14016, 1410285160159386295279969165/4672, 1966018572614832503169900845275/14016}, {0, 696803325085/65482752, 9017485183092431/50989236224, 295022064185954332190647/1429330269831168, 4087850227764161698698121135/556485918387601408, 158251909742668079910779947414253905/31198826528482485338112, 6075809479716551134324651064705708567981/24293486256845028583276544, 95896048183669349610385017958772173906578418027/680995006751879841246408081408, 1063683163189047305517504322822745149356207837365615/132567027981032609095967439847424, 62438918543809613361773353307663012900199330562344120657925/14864475713457224392712637095211958272}}"
"{0.78221118534909, 0.4468938272885588, 0.19971409286861622, 55593/14194, (5*Sqrt[24687569/22383938])/3, 617189225/201455442, 903531175454216657/380922539456100625, 4562350422552/(3085946125*Sqrt[24687569]), {55593/14194, 261221/14194, 1386369/14194, 8013053/14194, 49366833/14194, 320010461/14194, 2164803969/14194, 15197168093/14194, 110246470353/14194, 823571940701/14194}, {0, 617189225/201469636, 570293802819/357457501673, 903531175454216657/40590014229972496, 1263626227976352547515/36008416373764350514, 2112764707231939318447724345/8177655392147379059131456, 10814189593557204771474593239449/14509205079517487295663985808, 6983682467094014284292820544345526177/1647549255189369717397236916470016, 12192108461735770177604043554011390608555/730791066504934805273011899761731472, 28669074575264096766934090942999218618618841865/331931148735073428033444188966976528434176}}","{23.559021598488325, 0.3078598644230253, 0.09477769612256354, 1764111/7097, Sqrt[196623809614/33575907], 196623809614/33575907, 59470599572215892621369/28995691880341889121747, 636285386640451/(98311904807*Sqrt[294935714421]), {1764111/7097, 480065286/7097, 140028542553/7097, 43037747239062/7097, 292879230720003/151, 4541510325148970466/7097, 1535846448413476568193/7097, 529901960483818118437662/7097, 185858972179180999650158421/7097, 66082058195737414334076677946/7097}, {0, 294935714421/50367409, 1908856159921353/357457501673, 178411798716647677864107/2536875889373281, 10077849785580587546889222045/18004208186882175257, 133506531403106638942139147362857651/127775865502302797798929, 13671995233752459130764832334404020828213/906825317469842955978999113, 111767614753107251652150482800507774130699096547/6435739278083475458582956704961, 15370879846745282918647698744035572241109003236752605/45674441656558425329563243735108217, 100588926988749723274607788892982036200960860206177852838131/324151512436595144563910340788063016049}}"
"{0.48719902816116517, 0.334440218549074, 0.1118502597831524, 32098/7369, 2*Sqrt[57614723/108596953], 230458892/108596953, 8357682217102885/3319456306366729, 302427955389/(115229446*Sqrt[115229446]), {32098/7369, 155450/7369, 818905/7369, 4613372/7369, 27430153/7369, 170348360/7369, 1095782005/7369, 7252670972/7369, 49134265393/7369, 339323646320/7369}, {0, 115229446/54302161, 302427955389/400152624409, 33430728868411540/2948724689269921, 225067676625323829465/21729152235230047849, 13178308658814370601890156/160122122821410222599281, 148592350927762757585780148729/1179939923070971930334101689, 6296815627923234732691219113515020/8694977293109992154631995346241, 97900452758763001530718580986296578985/64073287672927532187483173706449929, 3483721232347612248152635892286293943834316/472156056861802984689563507042829526801}}","{10.76410560086007, 0.194942806755581, 0.0380026979057438, 4174477/14738, Sqrt[662199892385/217193906], 662199892385/217193906, 1509421977924293165425793/438508697474705580988225, 27129228830349216/(132439978477*Sqrt[662199892385]), {4174477/14738, 1227334653/14738, 373715214367/14738, 117669758809137/14738, 38273002847720047/14738, 12850261490502705513/14738, 4450853015639329532407/14738, 1589091445293304005578097/14738, 584204714419643193875584927/14738, 220832708762384560231047316473/14738}, {0, 662199892385/217208644, 16955768018968260/400152624409, 1509421977924293165425793/47179595028318736, 36208133449687332460758521340/21729152235230047849, 5973885225008605346307959725583084705/10247815860570254246353984, 265361689145039147680928820300851355259905/4719759692283887721336406756, 31310903004020949606332675464255547309570242350593/2225914187036157991585790808637696, 117982147280011646526467048451175514898509334040715670/64073287672927532187483173706449929, 189422231520952481942880043760881796526622631641340220014859425/483487802226486256322113031211857435444224}}"
"{0.5493005765679723, 0.2993533355050336, 0.08961241947798923, 58067/9473, Sqrt[67141578/19940665], 67141578/19940665, 26029929190715603/10142980866742689, 670418273029/(302137101*Sqrt[33570789]), {58067/9473, 387830/9473, 2790719/9473, 21389294/9473, 172812167/9473, 1458810110/9473, 12772640519/9473, 115294128014/9473, 1067672090087/9473, 10102141784990/9473}, {0, 302137101/89737729, 2011254819087/850085506817, 234269362716440427/8052860006077441, 4092969118511606040435/76284742837571598593, 277064510362385836956359211/722645368900315753471489, 7488214912307628043410666518067/6845619579592691132635415297, 412384051265517391835596838742075987/64848554277481563099455289108481, 13848877032017024505965584454775594411555/614310354670582847241139953724640513, 699147178397082805532623400088857899154012571/5819361989794431311915318781633519579649}}","{14.982867276935886, 0.1921998942295058, 0.036940799341833225, 7684333/18946, Sqrt[436240230757/7976266]/3, 436240230757/71786394, 10675355963538035452853681/4757638473273015219826225, -310383077471223336/(436240230757*Sqrt[2181201153785]), {7684333/18946, 3231825969/18946, 1399866296767/18946, 620899458068637/18946, 280726739115635503/18946, 128940077697455910309/18946, 60011219648375296214647/18946, 28248910914268183629302877/18946, 13430219733698823151238246623/18946, 6441768602288754574598335350549/18946}, {0, 2181201153785/358950916, -193989423419514585/850085506817, 10675355963538035452853681/128845760097239056, -884790277628387569084013065365/152569485675143197186, 66581822260031833441111947493154870825/46249303609620208222175296, -14629285138518424019993259774548747362262835/109529913273483058122166644752, 465155452251659209468646218598680644024159586783841/16601229895035280153460554011771136, -30026649321612946411130865489049583492766854097362781645/9828965674729325555858239259594248208, 3466300923666577919084522111603684265245754978967586120240127065/5959026677549497663401286432392724049560576}}"
