"{0.7485294565789278, 0.256289597663537, 0.06568435787053765, 53344/4681, Sqrt[654165905/76688823], 654165905/76688823, 385694407838567023/171173212505787610, (52230478227*Sqrt[14/654165905])/130833181, {53344/4681, 4534802/32767, 58095868/32767, 777945482/32767, 10804356508/32767, 154654513082/32767, 324321110404/4681, 34042995999242/32767, 519863795967388/32767, 8065027393523162/32767}, {0, 1308331810/153382327, 1044609564540/717982672687, 550992011197952890/3360876890847847, 1168750842009510558300/15732264726058771807, 45060465065341577488720870/10520390168954444404081, 186669139005194266723428219780/49245946380875754255503161, 217889626081250098851164061257651770/1613641925062155839690072076487, 1455529680314196515453526098239087355100/7553457851215951485589227390035647, 171370082842164213577424986603229531920755370/35357736201541868904043173412756863607}}","{17.55963885884669, 0.15375635376311672, 0.0236410163225287, 112157/151, Sqrt[10755092265/824611], 10755092265/824611, 63896322620439983443/27761282310879079254, (31841754797141*Sqrt[217/7170061510])/32265276795, {112157/151, 18504737473/32767, 14387832510917/32767, 11425536757492465/32767, 9253333085972805029/32767, 7631036912320900658113/32767, 913987535489786183814851/4681, 5444718992008531425350811985/32767, 4696070543211868439145690631109/32767, 4099163531505098827213744726016353/32767}, {0, 64530553590/4947817, 191050528782846/747120367, 6309709277857799550/16116453631, 9248163124925055896970/549519080257, 38879000892070177173232569330/2572298814683017, 53350030336095389246220225357498/55488160145305081, 38403464578521834486578231501600829570/58650985273587470617, 463854993540629804979821850574089198810390/8856298776311708063167, 5803600631242804311283339009314600258889486110/191043016460438273934031}}"
"{0.807941084513574, 0.2713099188632263, 0.07360907207357044, 84988/7743, Sqrt[2126632910/239808453], 2126632910/239808453, 3178168042658129178/1130641883473767025, (5883975914377*Sqrt[2/1063316455])/1063316455, {84988/7743, 23023/178, 25097909/15486, 110588385/5162, 4593852161/15486, 760920293/178, 987098213369/15486, 5051116202825/5162, 238491075557921/15486, 1278244229389377/5162}, {0, 1063316455/119908098, 5883975914377/928448402814, 529694673776354863/2396325327662934, 17113001182475878138085/55664241036282293886, 3577107428403990303634497845/431008218343933801559298, 17976416819928028758374014312999/1112432211545693141824548138, 9950806036863882224770725907808738629/25840687841994905991442428697602, 193587508619722162994002380954488100060565/200084445960566557091738725405532286, 3462861976489115073989894398281290819008181965/172139318341407427951259216757226276722}}","{12.954616594131725, 0.1347243105716958, 0.01815063985901874, 3684263/5162, 3*Sqrt[82121696349/79936151], 739095267141/79936151, 231935829604103000635709/60695757101136239368209, -8787353868235774/(82121696349*Sqrt[27373898783]), {3684263/5162, 1338643834/2581, 1976014391531/5162, 739302289320816/2581, 1120153788309913423/5162, 429092249830203744854/2581, 664281016705177391674611/5162, 259540109486148393309671596/2581, 14109500637181159869293299747/178, 162576296342063782752523831357074/2581}, {0, 246365089047/26646244, -39543092407060983/68773955764, 231935829604103000635709/710022319307536, -56697521538430034070488541675/916283803066375208, 426498072974378837629598221573902067/18919427965714515294784, -303119856004699352732540987363423127054813/48831043579509163975837504, 1027389465805186266798271830531286897331889286329/504131693914852608886546391296, -203216171930359732209172643269317724657716295199282835/325290975498558645884044058983744, 2699479107950966957086135392962610565143047586286123462460687/13433216124188477840427483459792692224}}"
"{0.8501322708342022, 0.26250103575420597, 0.06890679377203092, 399202/32357, 7*Sqrt[56024497/261735773], 2745200353/261735773, 85288000040766735421/30144499912445298436, 43323469931064/(19216402471*Sqrt[56024497]), {399202/32357, 5264488/32357, 73655008/32357, 1086001588/32357, 16772692792/32357, 1092360364/131, 4496830699528/32357, 77267267369668/32357, 1362663154582072/32357, 24567798157068628/32357}, {0, 10980801412/1046975449, 346587759448512/33876984603293, 341152000163066941684/1096157590808751601, 28243072593636866757625680/35468371165798775553557, 15401784851920515261111407094292/1147650085811750980586443849, 2035350128630463036184486825064652432/37134513826610826478835563622093, 845929008083255351338635587591704097081524/1201561463887646512375682332120063201, 145281030722668310666398838042460483321155775120/38878924287012578200939953220408884994757, 52121880508952617470862801250290537895924717047698772/1258005353154865992847814066352770291775352249}}","{25.42269541083516, 0.1791688096232512, 0.03210146234181284, 25625068/32357, Sqrt[5269646177747/261735773], 5269646177747/261735773, 161509609767944805857070085/55538341677287133435992018, 5640945173869263753/(21078584710988*Sqrt[5269646177747]), {25625068/32357, 20945164716/32357, 17630071821010/32357, 802713480068280/1703, 13535449355051862418/32357, 12301522111675742444736/32357, 11428350057378430346839690/32357, 10832337054408906675381241800/32357, 10454896748813304143183405505058/32357, 10254427472925189864928762833352656/32357}, {0, 21078584710988/1046975449, 11281890347738527506/33876984603293, 1292076878143558446856560680/1096157590808751601, 1502378322056911820745181814000850/35468371165798775553557, 97518498719608540725384133211068182907568/1147650085811750980586443849, 172479479387918902889251362580538528395648488186/37134513826610826478835563622093, 8001905309968733966371922837788699638247340065234726760/1201561463887646512375682332120063201, 18564166038893591130008340633936504098057820418573965534026370/38878924287012578200939953220408884994757, 690689770129739252160232168774712115789626424520630999244780824329248/1258005353154865992847814066352770291775352249}}"
"{0.6858111202091756, 0.2375734693541405, 0.05644115334096274, 399218/32855, Sqrt[4497517838/539709085], 4497517838/539709085, 83962160538266265943/20227666703128194244, -982613699772/(204432629*Sqrt[2248758919]), {399218/32855, 1024928/6571, 68842256/32855, 192862340/6571, 14059050728/32855, 42609994244/6571, 3351088906376/32855, 10923600340340/6571, 920501054053448/32855, 3200366510088740/6571}, {0, 8995035676/1079451025, -86470005579936/35465363426375, 335848642153065063772/1165214515373550625, -14182196961211085198155728/38283122902598005784375, 4396908911304480957757920688076/251558400592971496009128125, -1589933232732445953781179637033283808/41324756257410392506899522734375, 1772535740918641114140923191565995739706268/1357724866837218445814183819437890625, -167268947630874025533751430025164799863029900656/44608050499936812037225009387631896484375, 156844671127631167139041633557900715253384346456221884/1465597499175423959483027683430645958994140625}}","{8.964568387317724, 0.10597912765422832, 0.011231575498351222, 26223471/32855, 3*Sqrt[429077071383/539709085], 3861693642447/539709085, 54012457551890387907421457/9941785192077052186765206, (-2029524886178991859*Sqrt[2/429077071383])/3861693642447, {26223471/32855, 21165540057/32855, 17246130625761/32855, 14169513623385021/32855, 11727971657662425921/32855, 9771898795047900211557/32855, 8191423706980579823402121/32855, 6904588819347815864743653021/32855, 5849462574087634808031354822321/32855, 4978722692920541436475531066854357/32855}, {0, 7723387284894/1079451025, -24354298634147902308/35465363426375, 324074745311342327444528742/1165214515373550625, -3011801479142332046370486901175196/38283122902598005784375, 7169218212265974428684823920749958852934/251558400592971496009128125, -421349848569473974260966600211874752934872972164/41324756257410392506899522734375, 5163594197701187002049131176242481878987721261706014678/1357724866837218445814183819437890625, -63855715550338557484248321220327209214734116497401829317391212/44608050499936812037225009387631896484375, 799182568951752419965454795904129115136973348490438405192725037322766/1465597499175423959483027683430645958994140625}}"
"{1.1300650612432943, 0.3088911572603473, 0.09541374703363663, 66515/5616, Sqrt[422121287/876070]/6, 422121287/31538520, 407270291700387309/178186380938536369, 338842815334/(422121287*Sqrt[422121287]), {66515/5616, 862957/5616, 12011929/5616, 176579669/5616, 902582275/1872, 1588900311/208, 697190464769/5616, 11559484032709/5616, 194755645118425/5616, 3324488000193437/5616}, {0, 422121287/31539456, 169421407667/88562792448, 135756763900129103/331579094925312, -279087344871371455525/1396611147825414144, 544856515769896434784338547/31373472824750103330816, -848810013053205727098392202301/29365570563966096717643776, 880537845581305594831317056871125849/989502265723401594997724676096, -1874831717951970677872383035204831123605/694630590537827919688402722619392, 180600783969392498193920528261996802470504423/3467595907964836975084506391316004864}}","{44.607024432411365, 0.23810363081428088, 0.056693339006943365, 1657027/2106, Sqrt[249056740334/87607]/9, 249056740334/7096167, 35263473640413386305128/15507314976449375607889, -52843188862718642/(622641850835*Sqrt[622641850835]), {1657027/2106, 3673819489/5616, 9590395035047/16848, 2887696753444039/5616, 8068078077814873931/16848, 2567545104427281370999/5616, 577137671464276448046359/1296, 2475826428221499785606051119/5616, 7449769656452990384404307160251/16848, 2517255549594269318509171201537159/5616}, {0, 622641850835/17740944, -26421594431359321/37362428064, 36732785042097277401175/13114212250464, -22122350726340069326028909925/82855592998431552, 104891072261642809438366275735122665/348987757709393697024, -13759033340721431751421578973402406713777/244989405911994375310848, 3681224162266786373046102722130380554562991755/96740191659498778950871104, -8160053670670072873889076999775285971569027446579645/814939374539617713882138180096, 4053506610031509542849540152538839533831964192519547326055/762783254569082180193681336569856}}"
"{1.1465192173770369, 0.329969468618319, 0.1088798502202558, 313819/29802, 5*Sqrt[428895413/888129402], 10722385325/888129402, 338155737927074107449/114969547057775355625, 276032879143724/(53611926625*Sqrt[428895413]), {313819/29802, 3664343/29802, 46474027/29802, 631654943/29802, 9107546059/29802, 138145337423/29802, 2188599990187/29802, 35991762693023/29802, 611137298398219/29802, 10666088841377903/29802}, {0, 10722385325/888159204, 69008219785931/6617230149402, 112718579309024702483/262942257216637872, 3044027712545502595216775/2938576931088840698004, 16528741536316972495121712617125/700603757602477043855321664, 174749273618048494538725174050241667/1739949432005751738414691352544, 1039083444409895560259645421059232034433009/622247675671624959698815580262195456, 11628932041517746896298677965913785668865706815/1159014076897860440559006370185871811232, 8528695490897594000585537655674000177023273553393525/61406111146151176621403569500941069721486336}}","{28.227028294706297, 0.20072712004652937, 0.04029137672217381, 10439230/14901, 4*Sqrt[548838387367/444064701], 8781414197872/444064701, 22046728659519985288982931/9639154414323492646166048, -2468544255998824093/(8781414197872*Sqrt[1097676774734]), {10439230/14901, 2536031812/4967, 5731763770147/14901, 1479777806456434/4967, 3518480289391243795/14901, 947578429721238773422/4967, 2333963678084421153936127/14901, 647420658846162361967214274/4967, 1634785413841644509089386846715/14901, 463106882564977263548364173909782/4967}, {0, 4390707098936/222039801, -2468544255998824093/3308615074701, 14697819106346656859321954/16433891076039867, -72232559213742433550426714728505/734644232772210174501, 616627122937805181309717553863487767166/10946933712538703810239401, -556477829522589206016595206419019057723083611/54373419750179741825459104767, 10386941420611083152101837447150330402634272455986942/2430654983092284998823498360399201, -36578418294895209127639567792850506267985351327472461400025/36219189903058138767468949068308494101, 21808061042205551642464801741007694507638610515810826236037120494/59966905416163258419339423340762763399889}}"
"{0.9130884648993873, 0.27795100432714664, 0.0772567608064695, 95272/8061, Sqrt[2804875454/259910823], 2804875454/259910823, 4830163980885939426/1966831578112926529, (2293329770725*Sqrt[2/1402437727])/1402437727, {95272/8061, 808665/5374, 32820293/16122, 155556031/5374, 6915028709/16122, 35361345875/5374, 1676328960233/16122, 9058186203231/5374, 450432002214749/16122, 2537743526765035/5374}, {0, 1402437727/129959442, 2293329770725/1047603061962, 805027330147656571/2814909427491894, 12996591831922907880365/68072954685036472602, 6046722114642212609219457077/548736087716079005644722, 17400986944740666598637399142595/1474453867693104288167368014, 18779623011167492618874143975660387713/35656717882422341000751460682562, 200497692548939854650268586782541002322965/287428802850206490807057524562132282, 7405146713985176794194141780976692063614255653/257440397752834946932854522832816480578}}","{32.72837347567638, 0.20574157566106116, 0.04232959595549615, 12465199/16122, Sqrt[6577018844261/259910823], 6577018844261/259910823, 106239985802930817837722121/43257176877764300172636121, 6037886221895258984/(6577018844261*Sqrt[6577018844261]), {12465199/16122, 10045788671/16122, 4210634495675/8061, 7322018673958949/16122, 3290487218535632417/8061, 6092863621508437871501/16122, 2895144130757787425352905/8061, 5629516210453445532010599869/16122, 2790962864586949191924504145817/8061, 5628782198018659886954962562056781/16122}, {0, 6577018844261/259918884, 754735777736907373/523801530981, 35413328600976939279240707/22519275419935152, 15899875219612481608263748965355/68072954685036472602, 2333040733866041041535346509115261082861/17559554806914528180631104, 347454700713538856704252416927038546168599561/11795630941544834305338944112, 59302701406097757545632091118463078898099156368836881/4564059888950059648096186967367936, 8070512080376093764760073101096595329370968532620735140615/2299430422801651926456460196497058256, 181918686931628006170124468532664831030408837643969006655840918029/131809483649451492829621515690402038055936}}"
"{0.6623796458225688, 0.2502305688556984, 0.06261533758984641, 165036/15601, Sqrt[3410783718/486766801], 3410783718/486766801, 2952865739362424029/969453797581158627, 8469594928256/(568463953*Sqrt[1705391859]), {165036/15601, 1855155/15601, 22041996/15601, 275516679/15601, 3606094896/15601, 49176861195/15601, 695104421316/15601, 10130528061039/15601, 151481301439416/15601, 2313701673739635/15601}, {0, 1705391859/243391201, 25408784784768/3797146126801, 8858597218087272087/59239276724222401, 301889542642445159020140/924191956174593678001, 63698703854652585517437119019/14418318708279835970493601, 3221482460982708601107113066696328/224940190167873720975670669201, 534249178962470931418538779672093149087/3509291906808997920941438110204801, 34243652058116866693754008093558335721914180/54748463038127176564607375957305100401, 4934001818034468783060034273588000671732188636979/854130771857822081584439672309916871356001}}","{15.938366417467448, 0.1517841242720885, 0.023038420381044807, 10793034/15601, Sqrt[5367299939554/486766801], 5367299939554/486766801, 18987549138301007722177403/7201977160284093013429729, -33719000373320853/(2683649969777*Sqrt[2683649969777]), {10793034/15601, 7638820133/15601, 5522535246705/15601, 4072284246050603/15601, 3058572711426676029/15601, 2336757209561377362683/15601, 1813807119418701959369685/15601, 1428730400059391242082271443/15601, 1140816127022725606437913519389/15601, 922432450839696216391903924731083/15601}, {0, 2683649969777/243391201, -33719000373320853/3797146126801, 18987549138301007722177403/59239276724222401, 1800004345196461706750996945295/924191956174593678001, 172921245021711720814881024915217212227/14418318708279835970493601, 72185372040149720016062300091300054533770047/224940190167873720975670669201, 1818756914104882169672066742036755857182258003132323/3509291906808997920941438110204801, 1582474092315509152732979542029895978304514345378547315935/54748463038127176564607375957305100401, 21092545430831805729133342869554719957851393211716988065592987427/854130771857822081584439672309916871356001}}"
"{0.7057299335283272, 0.2281628473265128, 0.05205828490014158, 481623/35527, 9*Sqrt[24845961/210355367], 2012522841/210355367, 72068455828505360605/24301489113280267686, (36052227717431*Sqrt[2/8281987])/54338116707, {481623/35527, 6869025/35527, 102678297/35527, 1602937653/35527, 26055558633/35527, 439900274685/35527, 7697557792017/35527, 139319032708053/35527, 2602457740023513/35527, 50051761677340845/35527}, {0, 12075137046/1262167729, 432626732609172/44841032908183, 432410734971032163630/1593067376129017441, 59288710179981137622165660/56596904671735602626407, 27983263864357814483744348737206/2010718232272750754508361489, 6677975922712247515094260947892683252/71434786637954016055418558619703, 2492396102352788957106330177385138305115710/2537863664886592328400855132082188481, 741323922380737070116231825864630120905198224460/90162682422425965651097180277483910164487, 259510819864528722656885439545882511192163952729890566/3203209618421527281686529523718170876413729649}}","{13.772471013148543, 0.12480197544222349, 0.015575533074281354, 31414307/35527, Sqrt[2561736237362/210355367], 2561736237362/210355367, 19585743656406892411433089/6562492549813617204719044, (319310447367307304*Sqrt[3/1280868118681])/1280868118681, {31414307/35527, 28210349923/35527, 25727979186167/35527, 23828501790878539/35527, 22408457772346698647/35527, 21390464951637917761243/35527, 20716798361242837669202087/35527, 20344836338709375768239187979/35527, 20243801851573893868009855446647/35527, 20392418361379958561445621469771963/35527}, {0, 15370417424172/1262167729, 22990352210446125888/44841032908183, 705086771630648126811591204/1593067376129017441, 1413120903124988421635556441952800/56596904671735602626407, 47419931996353350480247832314772911620852/2010718232272750754508361489, 67832811943343956113872373912502974285802453968/71434786637954016055418558619703, 3770391649338556042421838053140365734980693845741012324/2537863664886592328400855132082188481, 1900184972089790914328377899474312527661376831588862792627520/90162682422425965651097180277483910164487, 326063788704294900645689417376626404768612070024621374455603180766932/3203209618421527281686529523718170876413729649}}"
"{1.6443962469952984, 0.35853710754300894, 0.12854885748530714, 410009/32052, Sqrt[21609337427/256824663]/2, 21609337427/1027298652, 1099217949162631043829/466963464033942980329, 1877304589489942/(21609337427*Sqrt[21609337427]), {410009/32052, 5919029/32052, 94792175/32052, 1647056753/32052, 30411723599/32052, 587128285529/32052, 11716459902215/32052, 239793963006833/32052, 5006842121265119/32052, 106266684763934729/32052}, {0, 21609337427/1027330704, 938652294744971/16464001862304, 366405983054210347943/351802791793711872, 51552493292616993758418695/8456987311929039691008, 83416217509671253342604707198567/1084253429287798320704753664, 3617585188381456786104930355045686467/5792081819255418629204794073088, 7950476705987057067694448400351817343194409/1113886838824648067419632357783699456, 303644069033959020370383902736733710811059602495/4462787619750952482116757041460391870464, 97134252786564502403254785774951299159077893776565923/127147794478451136850494485949234204650766336}}","{95.5515000005579, 0.3416331747968005, 0.11671322612174125, 6560132/8013, Sqrt[20090542842746/256824663], 20090542842746/256824663, 171971579284581592931277174/100907477929053131721205129, (13181258119482690035*Sqrt[2/10045271421373])/10045271421373, {6560132/8013, 3998333339/5342, 12078075188791/16026, 4360063046732341/5342, 14885315920995900439/16026, 5830767575819788593249/5342, 20986035127099452081264211/16026, 8508848832731379820596332501/5342, 31350003607644538684701723787999/16026, 12926229264985458701312756542048009/5342}, {0, 10045271421373/128416338, 13181258119482690035/1029000116394, 28661929880763598821879529/2748459310888374, 215733033465164268822062596482955/66070213374445622586, 966344144156402392017735477896067457823/529420619769432773781618, 1038827342906741415623737579885454389216520525/1414082475404154938770701678, 12576789058201246679724098535810848665029470690620987/33993128626240480573108897637442, 45155373922332043658071629422847378063394097333367350645555/272386939682064970832321596768822746, 19731820250530372325230028542280469415017574434119589660904175647/242515171963598512364376994989841851522}}"
"{0.515529361460841, 0.20306192634569634, 0.04123414593122501, 72902/5831, Sqrt[1314845506/4163215]/7, 1314845506/203997535, 1890590806845783753/432204676162099009, (6491362428669*Sqrt[3/657422753])/657422753, {72902/5831, 2847115/17493, 12868717/5831, 545883253/17493, 383932231/833, 124623336685/17493, 672953445217/5831, 34286786671933/17493, 11953517479601/343, 11312325100044205/17493}, {0, 657422753/102001683, 2163787476223/198257271191, 630196935615261251/3468114444944163, 7051802783756070970155/6740858442823138151, 1371133818729048613087215443/117917836740305155675443, 22655071427448375184047686181683/229192968677573120914502711, 587657599848214186591459707256460333/572753228725255229165342274789, 77056003132757343269987265187791586373035/7792689512292914229613925210020871, 13974222858688460306103163460837186599649799683/136317517638539948618636393698895096403}}","{14.696217011005782, 0.13279305061140756, 0.01763399429068385, 14578712/17493, (2*Sqrt[1873900814131/12489645])/7, 7495603256524/611992605, 22835409389843595055143033/7023008522401649218570322, (1111635557763367711*Sqrt[2/1873900814131])/1873900814131, {14578712/17493, 12364182542/17493, 10675979053196/17493, 9388670799698426/17493, 8410972127211100172/17493, 7676072000115096480842/17493, 7134849683203739321184956/17493, 6751090034874792944127411626/17493, 6498091494319576921468444290092/17493, 6356249544598499572956238849959242/17493}, {0, 3747801628262/306005049, 4446542231053470844/5352946322157, 15223606259895730036762022/31213030004497467, 128149778074121552590608491530460/1638028601606022570693, 813245320329336145409461928771920422322/28654034327894152829132649, 1049314452912354687527654874401719054581710788/167081674165950805146672476319, 2457017272025807540909454932031936948027686561713838/1252611311222133186184603554963543, 76599071167062955766741327789976744348887137092238505295100/153383507670461430781490889908840803893, 44181592179250603723386172977353865034450138217050771972772032898/298126411075486867628957793019483575833361}}"
"{0.675190444680693, 0.24117633543266287, 0.058166024772728316, 133132/11469, Sqrt[515456094/65767069], 515456094/65767069, 260620381992167227/88564994947245612, 1604391854977/(257728047*Sqrt[257728047]), {133132/11469, 4905844/34407, 21166712/11469, 862528540/34407, 4080708872/11469, 180775159804/34407, 921759391832/11469, 43634989829500/34407, 235825573539752/11469, 11743547691315964/34407}, {0, 343637396/43845987, 12835134839816/1508608874709, 1042481527968668908/5767411728012507, 33342063865742072522120/66146445108575442783, 14759924982281055022829489668/2275900736850755259834681, 245923036136512624810013187599512/8700768516980437358347985463, 9705723232511868521264040286591446916/33263038040416212020964348425049, 5497046488589670932147140756191784866049400/3433444049569801821015961008781982829, 64650560494471489042661362000184416386205870372/4375352200501784120581339645524506785089}}","{24.38453560429278, 0.17721026522461264, 0.03140347810097756, 26716745/34407, (2*Sqrt[2801832911203/65767069])/3, 11207331644812/591903621, 185000726201963553265462095/62802141298402224663257672, 863204288150953247/(659254802636*Sqrt[5603665822406]), {26716745/34407, 21396783407/34407, 17675705135789/34407, 15055237756809455/34407, 13209227614978739645/34407, 11921431469972600046047/34407, 11046810354813392634701309/34407, 10487178537628680734344881935/34407, 10175704584417625703788745274365/34407, 10066928717788755474627245526468287/34407}, {0, 22414663289624/1183841649, 58697891594264820796/40732439617143, 493335269871902808707898920/467160349969013067, 9457411353363287028413840386008020/48220758484151497788807, 146068580659838336390102351944370598765904/1659131637164200584419482449, 447934080587271272163652831532299839199276633252/19028580746636216502707044207581, 17396454802315103866093865776878323408208316285069360520/1964149133248536903625923810150718401, 185189988449991149075030198145128322991084588358772008902124740/67580479227682409243057160535855768023207, 250092679403163725493301632404035395432717773058967001496243549406976/258360172087429850536207524728576601152720361}}"
"{0.705762501709707, 0.2540058921541855, 0.06451899324904371, 182055/16643, 2*Sqrt[356392459/184654085], 1425569836/184654085, 2350929320496618731/762093508992400086, -11007992487487/(356392459*Sqrt[2138354754]), {182055/16643, 192723/1513, 25762287/16643, 323166453/16643, 4159016115/16643, 54715474953/16643, 734147239167/16643, 10029929811933/16643, 139344708928395/16643, 1966401816228753/16643}, {0, 2138354754/276989449, -66047954924922/4609935399707, 14105575922979712386/76723154857323601, -877441641438259355047410/1276903466290436691443, 137653478643855096038881473354/21251504389471737855685849, -11789527044966474357466833794454882/353688787553978133132179584907, 1679655512190205869036922358727648478386/5886442491260858069718864831607201, -173366233824480287689351958845079375542043250/97968062382054460854331067392438646243, 23926803447823582606841298550189109832491214051354/1630482462224532391998631954612356389422249}}","{16.00102360921066, 0.14714880808256603, 0.02165277172011985, 12298889/16643, 6*Sqrt[60651068141/184654085], 2183438453076/184654085, 9507852217634248532422459/1787776304389093445198166, (-90870913645380025*Sqrt[2/181953204423])/181953204423, {12298889/16643, 9285455045/16643, 79968613687/187, 5515714852204037/16643, 48430810952419411/187, 3390457779217353126545/16643, 157708391711888681036959/979, 2129438507936783138491256237/16643, 1697700312491119419339155473859/16643, 1357932874507285137106651877450345/16643}, {0, 3275157679614/276989449, -9814058673701042700/4609935399707, 57047113305805491194534754/76723154857323601, -293283010541410472711828579631660/1276903466290436691443, 1644054257524986877608265384610807223594/21251504389471737855685849, -9279974061375992974307873481149045713006934100/353688787553978133132179584907, 53404000174446433958879390875789376366395511344790754/5886442491260858069718864831607201, -310093012292491977657625628892450933400882813075011956140380/97968062382054460854331067392438646243, 1814862380175100160094174509330709618653085234254628143766722616474/1630482462224532391998631954612356389422249}}"
"{1.2006217427100991, 0.2999668287351589, 0.08998009834142814, 76243/5714, Sqrt[1569115829/97946531], 1569115829/97946531, 6331486528002812037/2462124484818357241, (-5642435635878*Sqrt[3/1569115829])/1569115829, {76243/5714, 1663292/8571, 8590459/2857, 419407259/8571, 2367510049/2857, 124331973587/8571, 746097210589/2857, 41265883403039/8571, 258789623735569/2857, 14860640946951707/8571}, {0, 1569115829/97949388, -940405939313/93280467172, 2110495509334270679/3198027536524848, -1426580593647129763085/1522794111975248456, 3870244745223316945842572009/104414946669918836131008, -9177953292274641570721553112123/99437834211986038275429952, 8539767795176267936423675787836297579/3409126708123729336234840474368, -7760138232519452573349117994204908929285/811656250425791226135244936272448, 21558044962495683920653580421149770370980666589/111307291558391305587282949580658428928}}","{38.99642707398009, 0.21193817586419048, 0.04491779038864053, 14882227/17142, Sqrt[9948132604073/293839593], 9948132604073/293839593, 244453507347203183758381521/98965342308220248176189329, -16316205117340868728/(9948132604073*Sqrt[9948132604073]), {14882227/17142, 13500689131/17142, 12673077858037/17142, 12218582501486455/17142, 12034698562409223397/17142, 12063072236953596754111/17142, 12271247079799562947034197/17142, 12642724066591637778134622295/17142, 13171467155182645013601717774277/17142, 13858848337352689132996042002810991/17142}, {0, 9948132604073/293848164, -2039525639667608591/629643153411, 81484502449067727919460507/28782247828723632, -51683109465461233808362515506375/92509742302496343702, 8211434859009846840139579951409456232313/25372832040790277179834944, -1632817465450036768906840922638473271722769727/18122545285134455475697108752, 326989493879713500252568265853327392211256728081880481/7455760110666596058345596117442816, -58629018858170417606864669261714562217811277908562894015095/3993957494282712176005006520162648496, 1602070610352020961530223378417822955352198769031932322626268964417/243429046638201785319387810732899984065536}}"
"{0.632923085544655, 0.2175439428063876, 0.04732536705174885, 458202/34261, Sqrt[1655937821/195630310], 1655937821/195630310, 46562812959828009389/16452780402109368246, (4213473220354*Sqrt[6/1655937821])/1655937821, {458202/34261, 6417930/34261, 93718548/34261, 1421118246/34261, 22298975892/34261, 360923916270/34261, 6008531069628/34261, 102609075446886/34261, 1793045147350212/34261, 31987297407401310/34261}, {0, 9935626926/1173816121, 151685035932744/40216114121581, 279376877758968056334/1377844285919486641, 11109057630638789878765560/47206323079887531807301, 12193059887697821880657278036766/1617335835040026727249939561, 689840661346732070429711018599608984/55411543044306355702310179299421, 658793934578427033139529737515688169792814/1898454876240980052716849052977462881, 41331429506651655227501885295625950270649971960/65042962514892217586131965404060855765941, 39903821532139303622883289104500251028698200612233406/2228436938722722266718467266708528979396904601}}","{16.51046196455259, 0.13969105134699783, 0.019513589826429586, 28988256/34261, 2*Sqrt[1024822587821/293445465], 4099290351284/293445465, 162871355940973142860269385/33608362768260200240897312, -10774695138558937965/(8198580702568*Sqrt[1024822587821]), {28988256/34261, 25005579152/34261, 21893684370264/34261, 19398124219089512/34261, 17357112453131093976/34261, 15662803068667089668312/34261, 14240042421067048351446264/34261, 13034376940601707018401935912/34261, 12005052638954987489048115693336/34261, 11120768412261892960670069554823672/34261}, {0, 16397161405136/1173816121, -86197561108471503720/40216114121581, 1302970847527785142882155080/1377844285919486641, -13019826250719029218563521218110120/47206323079887531807301, 159718519798029147172875186475485217274936/1617335835040026727249939561, -1818672867309849068947631656495556244469400318280/55411543044306355702310179299421, 21704605506610391515617195539565009607222999095967289480/1898454876240980052716849052977462881, -255914867248139558513623523404706489679316231740130184098308840/65042962514892217586131965404060855765941, 3059802530798670149873813275099322045901058337303054015818431050203736/2228436938722722266718467266708528979396904601}}"
"{1.5189048661386537, 0.3524942297445877, 0.12425218200323018, 416411/34064, Sqrt[21544462391/72520127]/4, 21544462391/1160322032, 1484334561729183679373/464163859717213436881, 2341174960379574/(21544462391*Sqrt[21544462391]), {416411/34064, 5722833/34064, 87438773/34064, 1463970069/34064, 26438962181/34064, 507360537933/34064, 10212432031853/34064, 213381817884309/34064, 4590994837464821/34064, 101096299577293533/34064}, {0, 21544462391/1160356096, 1170587480189787/19763185027072, 1484334561729183679373/1346426269524361216, 92936997013771833957246195/11466166111269460115456, 169347339872889131180351479035011/1562333929657131557491572736, 28758093181164578994533344615371351777/26609671489920264687196466839552, 24489553902154713801313906407007172188478873/1812863699265287792609320892844998656, 1177151219108164696393698100644943205260803277155/7719173631471595420930488361734004277248, 3981023687909860290486244584174833270747692059856798031/2103567444659587411348609244432856973601406976}}","{39.95586850860333, 0.22721349063568164, 0.051625970326850984, 26363799/34064, (3*Sqrt[3986841334055/72520127])/4, 35881572006495/1160322032, 1037461373061202206164772287/429162403219095206774061675, 50619354810704820554/(35881572006495*Sqrt[3986841334055]), {26363799/34064, 21457593639/34064, 18368445335631/34064, 16491720924597711/34064, 15451602080047344639/34064, 15014539256420649016239/34064, 15036744988073705637348111/34064, 15432172256501253382751543151/34064, 16152916576142334773250414702879/34064, 17177222775994817297107597816581039/34064}, {0, 35881572006495/1160356096, 75929032216057230831/19763185027072, 3112384119183606618494316861/1346426269524361216, 6871127020700111784933997926014415/11466166111269460115456, 399416070347907346332115428218178533501595/1562333929657131557491572736, 2287294254856542436828237202323944495414030906381/26609671489920264687196466839552, 61532247224332412065226278481828895177150308945677675641/1812863699265287792609320892844998656, 96867243786867629563651877249781595801159097728042452142600335/7719173631471595420930488361734004277248, 10310351558388476293629829842063214173342268053620413308657045082209495/2103567444659587411348609244432856973601406976}}"
"{0.755389310094807, 0.24783087693014724, 0.061420143559965786, 396683/32254, Sqrt[9664614601/1040288262], 9664614601/1040288262, 289240899013667154001/93404775385862389201, -409621271572992/(9664614601*Sqrt[9664614601]), {396683/32254, 5178335/32254, 70663559/32254, 999133583/32254, 14553216143/32254, 217459934375/32254, 3322552776599/32254, 51771940691423/32254, 820912888447583/32254, 13221321029376215/32254}, {0, 9664614601/1040320516, -51202658946624/4194312240383, 289240899013667154001/1082266776010506256, -1056568087191938384929920/1090857268545089649407, 14090102759323240504728473801881/1125904330868906289663148096, -20267206433496021238636053029671284/283710299123794558334337333503, 884398666239495149951455204018118998987681/1171301374456175319618011693415137536, -398140222220659636375286008405717867540337640/73787411194745075701092478826976261887, 63905250464770543168608494927133637119050535699878761/1218528850265757527891474847787669683662488576}}","{25.603524871046098, 0.18025423655316852, 0.032491589795365636, 25416303/32254, Sqrt[20988541249033/1040288262], 20988541249033/1040288262, 1119642332426556670977261841/440518863762359723723435089, -44634392028431755200/(20988541249033*Sqrt[20988541249033]), {25416303/32254, 20678892523/32254, 17277711139089/32254, 14759067444793111/32254, 12843071959195934073/32254, 11351087203152975546343/32254, 10165618166023183968421929/32254, 9207289589840480478617702791/32254, 8421171967992038099715524498553/32254, 7768409512380056422624100577557863/32254}, {0, 20988541249033/1040320516, -5579299003553969400/4194312240383, 1119642332426556670977261841/1082266776010506256, -206447745676852110150668405219190/1090857268545089649407, 102537451035839829098470213551810567045913/1125904330868906289663148096, -7229412444341242031399331102164902803274672050/283710299123794558334337333503, 12389370995413943075511726570666854978808638806737837601/1171301374456175319618011693415137536, -1040516456083801081613664096145695514958500157063500489934325/295149644778980302804369915307905047548, 1695214615999301826403884011931853328152422029615436045222066568266793/1218528850265757527891474847787669683662488576}}"
"{0.8881498855409989, 0.2536125774925732, 0.06431933946242645, 253523/18360, Sqrt[4133942951/9363345]/6, 4133942951/337080420, 41607204642183869997/17089484322122588401, 61512325902214/(4133942951*Sqrt[4133942951]), {253523/18360, 1862959/9180, 5784983/1836, 2770277/54, 469692257/540, 70043147597/4590, 505827412901/1836, 4676795327407/918, 882295898857609/9180, 8463086880843377/4590}, {0, 4133942951/337089600, 30756162951107/3094482528000, 13869068214061289999/37876466142720000, 342539108790715707258443/521558938785254400000, 113761803597031105481920132151/7660657692877816627200000, 4552953892819405373713520744322707/117208062701030594396160000000, 9085716020232034492232310831672648223193/12911640187145530278680985600000000, 68366651029010292815631294737646988580172443/29632214229498991989572861952000000000, 17730465329613698321885276522779557683539357975751/483597736225423549269829107056640000000000}}","{21.890841207891444, 0.15656972203774924, 0.02451407785897806, 2186041/2448, Sqrt[585720391771/1872669]/4, 585720391771/29962704, 891709334563847139063285/343068377336373724516441, (7697507392397098*Sqrt[5/585720391771])/585720391771, {2186041/2448, 9999835237/12240, 1039818438701/1360, 198776073001281/272, 1743796338941319265/2448, 8654323799419319425037/12240, 8735117232717067555799029/12240, 1790676502181253092432394473/2448, 620492699084913561728971395883/816, 3266898558288882429848477167468079/4080}, {0, 585720391771/29963520, 3848753696198549/36675348480, 59447288970923142604219/59854168719360, 284373177889997840154981361/21978450753748992, 71962612645655773622538466803071111/1076064948903550648320, 627210251070051581864639556586715886293/439034499152648664514560, 32744632868422426919135314431613350022272277597/6448538723554103584389857280, 60687442437275172861836362379271010167343597489201/394650569881511139364659265536, 1754368405589319682184363560752272588166756119819513240539/4293798200310841196287492809031680}}"
"{1.0812764289133894, 0.28355032418832665, 0.08040078634730514, 147773/10988, Sqrt[5266942249/90549361]/2, 5266942249/362197444, 85457077404491634429/27740680654301178001, (-84772506044622*Sqrt[3/5266942249])/5266942249, {147773/10988, 6441347/32964, 32939205/10988, 1582184819/32964, 8747096813/10988, 448244509547/32964, 39047799895/164, 140316993143939/32964, 851004559725213/10988, 47147236024877147/32964}, {0, 5266942249/362208432, -14128751007437/663324375136, 28485692468163878143/43731649403966208, -113774568908367919357985/40043613637565057792, 236701864266245416171537697029/5279990719794778260221952, -2952889483594899838598560459124127/9669423004850837253886468096, 2401130217574226850726635622789384316603/637485719863805998474227068633088, -9206743809933897999539979429284000807797385/291862212077645846301450292922515456, 27040279351182686271115884525917761245676124642209/76967567671420141419848059647182395932672}}","{37.02883692573257, 0.20618959776443835, 0.04251415022626088, 14355439/16482, Sqrt[8760992004137/271648083], 8760992004137/271648083, 283878258085701426941982609/76754980896552447825114769, -25358733017384067304/(8760992004137*Sqrt[8760992004137]), {14355439/16482, 13034802869/16482, 12185595620431/16482, 11642559437184341/16482, 11318403133419804919/16482, 11164258839785342949749/16482, 11151686454269406611766151/16482, 11264022757485846614519422901/16482, 11491983912335803231751751557239/16482, 11831314329079378204189961698728629/16482}, {0, 8760992004137/271656324, -3169841627173008413/559679941521, 94626086028567142313994203/24599052789730992, -105271684026340819005307906280825/76020297765064914402, 14513082848538753391391783602241336154937/20047464764220798706780224, -4464284696040621362548229986826824954099942901/13767596426828633511881318832, 881309472022986310652352512061111772170116317087195169/5446020583367748901027869527736576, -218245315547144955954988037665182971482597054660342003056785/2805040976720851168335667048629820176, 6361875284681362113046667806857123806020937098932215462919958403393/164382881345113134067585650828503808500736}}"
"{0.8511202561416117, 0.2528982076697307, 0.06395750344256224, 481961/36217, Sqrt[7428024187/18217151]/6, 7428024187/655817436, 299734470241576108255/110351086645314021938, (-78430869669048*Sqrt[2/7428024187])/7428024187, {481961/36217, 6823935/36217, 101488379/36217, 1571563179/36217, 25173470531/36217, 414940786875/36217, 7007733457379/36217, 120817037863899/36217, 2119822036662371/36217, 37754886993321915/36217}, {0, 14856048374/1311671089, -313723478676192/47504791830313, 599468940483152216510/1720481045718445921, -42334688908578347892118920/62310662032784955920857, 34092618653214969713582458024214/2256705246841372748585677969, -4243887945740564790519125526781107312/81731093924853996835527499003273, 2334172105203881870119349345395121734506350/2960055028676437203392299431401538241, -400754969111472754324420631606491102413660690840/107204312973574526195258908507069510474297, 180680100644224459184957110962495033419836579267269254/3882618602963948615213691889400536460847614449}}","{30.520777360457394, 0.1864534442817338, 0.03476488688452161, 31795616/36217, (2*Sqrt[1098280663286/18217151])/3, 4393122653144/163954359, 797222265814501040160109633/308792426329071643729355776, -3794822448307710363/(140579924900608*Sqrt[549140331643]), {31795616/36217, 28884396224/36217, 27056259484394/36217, 26048897107236452/36217, 25701458217457234466/36217, 25917781813800866642324/36217, 26644864008906685232719874/36217, 27860203639701487394789762612/36217, 29564427928205217396785834959106/36217, 31777147360780387874790323873992724/36217}, {0, 35144981225152/1311671089, -7589644896615420726/47504791830313, 3188889063258004160640438532/1720481045718445921, -4885430695181678917984700560913310/62310662032784955920857, 367419701806893010557794689082243999651572/2256705246841372748585677969, -1121564292778495746319394220355883047787482599006/81731093924853996835527499003273, 47015005587212593433969787989919199397374470227254066132/2960055028676437203392299431401538241, -212284440713404237462302720858196651096827105063115472023311870/107204312973574526195258908507069510474297, 6425803944663550312371764346821551049430658993591463026790325362658292/3882618602963948615213691889400536460847614449}}"
"{1.0558119896579328, 0.2824693511458068, 0.0797889343367331, 88592/6695, Sqrt[104368022/7470281], 104368022/7470281, 71033243691239033/32678052048577452, 65900844245/(104368022*Sqrt[156552033]), {88592/6695, 6329164/33475, 7401244/2575, 1536557956/33475, 5105542844/6695, 438078977524/33475, 7725746983612/33475, 139482807907396/33475, 7909015150492/103, 48232854620248084/33475}, {0, 626208132/44823025, 158162026188/60018030475, 852398924294868396/2009103570150625, 6546906979419252180348/13450948402158434375, 321387363459622506187145484/18010819910490143628125, 26407516530040439127454379787276/602912196503657557951484375, 731770250321227551941210574582220668/807299431118397470097037578125, 91615863468183354579840435008002236297948/27024348456688355311498332927734375, 9424049585683455619694420112891872934616472604/180928012917528538810481338951181640625}}","{33.72687694027081, 0.2008121144623626, 0.04032550531484502, 27997348/33475, (2*Sqrt[188144424797/1067183])/5, 752577699188/26679575, 147803822388398156152564921/83256859417320260931323568, (326620762170943563*Sqrt[3/53755549942])/73752614520424, {27997348/33475, 374773256/515, 21958790070838/33475, 816301174174084/1339, 19458405098444629318/33475, 758017766383264216108/1339, 18778735701599537661161998/33475, 3775006805771868483989751764/6695, 19195507010347584824850567790198/33475, 3942584622993833259911348028190412/6695}, {0, 31608263365896/1120575625, 5879173719076984134/37511269046875, 1773645868660777873830779052/1255689731344140625, 454776970410034493964578078165622/42034213756745107421875, 25357082779938509490064395467962732365636/281419061101408494189453125, 3272736956285639803996562982862632797356552782/47102515351848246714959716796875, 10332878151568125446368788260008886085919532364246818508/1576756701403120058783276519775390625, -3821782160136553086045347744873985575426158991958892954273146/52781930579469443967770181499481201171875, 902585730475288305311296353398047492131869874517321634164080466921284/1766875126147739636821106825695133209228515625}}"
"{1.4307242662395145, 0.3466845122283481, 0.12019015101900765, 412349/34640, Sqrt[20435545479/74993435]/4, 20435545479/1199894960, 153604440459232867653/46401279891586371049, 279587112799646/(6811848493*Sqrt[20435545479]), {412349/34640, 5498477/34640, 16039423/6928, 1263661769/34640, 21338940179/34640, 383522783657/34640, 1457154717991/6928, 145256193089369/34640, 3017953144978259/34640, 64914025649486537/34640}, {0, 20435545479/1199929600, 419380669199469/20782780672000, 1382439964133095808877/1439831044956160000, 49721925618126419243474949/12468936849320345600000, 31305281059906028881583470772439/345539177968365417267200000, 20747147356901197091898412594862971287/29923692812060445135339520000000, 23953254809150471080295448292514926746233433/2073113438019547638976321945600000000, 1068708170195458489197885017550715417793352657909/8976581186624641276767474024448000000000, 4325483631804086832248000099276189113630912683745386591/2487590178437420590617802401655029760000000000}}","{55.64977521391776, 0.2666723514392863, 0.07111414302215822, 27107241/34640, Sqrt[52253342606719/74993435]/4, 52253342606719/1199894960, 6721316769299611611891128317/2730411813575155177903944961, 37736193751170235842/(52253342606719*Sqrt[52253342606719]), {27107241/34640, 4544202409/6928, 20172464200047/34640, 3758510885875573/6928, 18236722768396785471/34640, 3666713475500382391453/6928, 19011522628642947768055047/34640, 4052730658043164375956287797/6928, 22131880320219078188945950652271/34640, 4940371640299343067948023081313997/6928}, {0, 52253342606719/1199929600, 18868096875585117921/20782780672000, 6721316769299611611891128317/1439831044956160000, 6331140333827505678533763608223201/12468936849320345600000, 243925669573289521825954957782660055820159/345539177968365417267200000, 4924294541337032751936069584612654893377726529443/29923692812060445135339520000000, 280110393047852186663670761867224048783481734459533532153/2073113438019547638976321945600000000, 422918505283906690631306379664910383986139004969798505822913761/8976581186624641276767474024448000000000, 75497490740841618305087568454356600890568088012874396691893659108182391/2487590178437420590617802401655029760000000000}}"
"{1.7046799342567729, 0.33500776056722664, 0.11223019964026826, 79424/5229, Sqrt[353974018/1518983]/3, 353974018/13670847, 280922867758071105/125297605419064324, 384467069396/(176987009*Sqrt[176987009]), {79424/5229, 9392396/36603, 172239968/36603, 3363019820/36603, 68898419528/36603, 1465207912676/36603, 4584812612864/5229, 720021067789820/36603, 16479046980300728/36603, 383628237469302356/36603}, {0, 707948036/27342441, 3075736555168/142973623989, 53509117668204020/35600432373261, 10692851728422361785080/3909247878475417149, 2431274782040296579987346956/20441457156547956272121, 13087369754314499177258062759936/35629459823863087782306903, 909985830159401782672998533882530220/79845619465277179720149769623, 151398511594345140818247481480706024976520/2922589209287540609296642017510669, 2102476590446025208288359912751189719856843964/1698024330596061094001349012173698689}}","{61.9984568645177, 0.2505421170174596, 0.06277135239959042, 5164616/5229, (4*Sqrt[52320961306/1518983])/3, 837135380896/13670847, 1348107959334613260581349/700795645947891001762816, -267662148647149873/(6697083047168*Sqrt[26160480653]), {5164616/5229, 37948499584/36603, 41771653361282/36603, 47674667370598300/36603, 55918933044529234322/36603, 66958238910401338914004/36603, 11636140846555140342682166/5229, 100307722015721314266896494780/36603, 124730885057547725081807498110082/36603, 156319341830036235115367019301497124/36603}, {0, 1674270761792/27342441, -535324297294299746/142973623989, 1797477279112817680775132/249203026612827, -729339426187195905798904662670/558463982639345307, 24610352707108351367247883562620542652/20441457156547956272121, -13552022944099516755951720963127370485140062/35629459823863087782306903, 20351954230409871399208415411864869876941059223788/79845619465277179720149769623, -310683691030295182251422930357912756735145943003864301810/2922589209287540609296642017510669, 105514016632610569002207938888607458317382249712651736826929868/1698024330596061094001349012173698689}}"
"{0.5893448818000021, 0.21224546432737784, 0.04504813712754422, 469847/35914, Sqrt[9944378821/1289779482], 9944378821/1289779482, 260623626400087938025/98890670135553350041, -95553373411188/(9944378821*Sqrt[9944378821]), {469847/35914, 6423695/35914, 91209251/35914, 1338143159/35914, 20199831227/35914, 312643673375/35914, 4946771812451/35914, 79811754012359/35914, 1310204779727627/35914, 21843336637329455/35914}, {0, 9944378821/1289815396, -23888343352797/11580607532986, 260623626400087938025/1663623755758636816, -1009410215770883712801945/7468422945539460326228, 10096440415938394329568815881581/2145767533328833425249219136, -165215698327782623044562865195621567/19265773797992930908600114012576, 500749153553750493546875715376527118445905/2767644000724472482605857978590617856, -3304471641539993928457164596435059550561140305/6212322915126169046269173965193965605024, 29396851458890351072814518623009028616363387081416341/3569749842781459762043377820575617291821310976}}","{11.110284555730972, 0.11387729991141197, 0.01296803943511367, 30769089/35914, Sqrt[12276978795097/1289779482], 12276978795097/1289779482, 333599298127980144115453681/150724208335261385911239409, -3929837403656160504/(12276978795097*Sqrt[12276978795097]), {30769089/35914, 26703063337/35914, 23460376299309/35914, 20851647359545705/35914, 18735444644563117269/35914, 17005316792591868396097/35914, 15580508633357468682797469/35914, 14399274556394163525503176825/35914, 13414032985048912444818847933989/35914, 12587832672903078126446796467721457/35914}, {0, 12276978795097/1289815396, -491229675457020063/5790303766493, 333599298127980144115453681/1663623755758636816, -22547018745006801386931372838755/3734211472769730163114, 11763194996781943026199938520004066926537/2145767533328833425249219136, -2982937818621189557541099734580171691740213813/9632886898996465454300057006288, 472683384068531171716263670179286070518559160938446561/2767644000724472482605857978590617856, -44280156538367619274980692812258211418381222591474727000875/3106161457563084523134586982596982802512, 20702595733520921413013209272793448735332533503558546949046011512377/3569749842781459762043377820575617291821310976}}"
"{0.9783703963494293, 0.27063422540703713, 0.07324288396166698, 243875/18257, (8*Sqrt[136125074/74068649])/3, 8712004736/666617841, 21995723430361777337/9487378315010803712, 96343338475659/(34848018944*Sqrt[68062537]), {243875/18257, 3496249/18257, 53365766/18257, 859385143/18257, 14470198610/18257, 252731227159/18257, 4548613193546/18257, 83921089696543/18257, 1580818957473650/18257, 30308083941554119/18257}, {0, 4356002368/333318049, 96343338475659/6085387620593, 43991446860723554674/111100921789166401, 2241539525731327461653235/2028369529104810983057, 652857476820980893676776834438/37031942492866534117671649, 51073334116225767288551125400803479/676092174092264313386331295793, 12015368427645703724269796809897677061474/12343414822402469569494250467292801, 1212239735112179722004098157863031370099307275/225353724412601886930256530781364667857, 251730484386294377959983976639822831839435857487358/4114282946600872649685693482475374741065249}}","{22.475972343285935, 0.16208110724727504, 0.026270285326502673, 15620075/18257, (293*Sqrt[149318590/74068649])/3, 12818851632910/666617841, 18738218031848214476075131/8216147859327968669753405, 591120197193293904/(375592352844263*Sqrt[74659295]), {15620075/18257, 13715077440/18257, 12343747882730/18257, 11369987021328210/18257, 10699379429881867670/18257, 10265938831794538986090/18257, 10023407325316759499295830/18257, 9939467991167124008729802330/18257, 9991849092842391702051199104230/18257, 10165675134577445361822170291115690/18257}, {0, 6409425816455/333318049, 2955600985966469520/6085387620593, 93691090159241072380375655/111100921789166401, 57533301470116387521984005206920/2028369529104810983057, 1885415430912049546249882001337891491255/37031942492866534117671649, 786867279031080937402469927378496781434217920/676092174092264313386331295793, 44267328620283259289718110342883049110777399640623815/12343414822402469569494250467292801, 732903651353168791890252427324093752609567333924822807480/225353724412601886930256530781364667857, 1128077665538872209102684613842440516574963180057486854978451594455/4114282946600872649685693482475374741065249}}"
"{1.375621817934572, 0.3260816112722515, 0.10632921720990773, 159091/12297, Sqrt[1345556913/75606055], 1345556913/75606055, 3452437677966951995/1207015604081393046, (21508269658778*Sqrt[2/1345556913])/1345556913, {159091/12297, 6831193/36891, 11896903/4099, 1814559685/36891, 10941833021/12297, 626722078213/36891, 4170693594349/12297, 259288249668565/36891, 616133986794687/4099, 121819667202136933/36891}, {0, 897037942/50405403, 86033078635112/1859505722073, 6904875355933903990/7622113954777227, 62022128745076798270160/10414348366877284491, 278927936488540268380283232106/3457761530422229119417329, 11164677673033792855343200952859544/14173364513200717160491631571, 1717210387650009685519190816370786738950/174289863418829218922565593428587, 726879647126084820711325114127372210670814880/6429727351384028715272367307174003017, 12412938780980835010166642657250770538426434739754/8785150804441044567967144530702079455561}}","{40.889890825457044, 0.2205036520973002, 0.0486218605882472, 31024501/36891, Sqrt[4679822824529/15121211]/3, 4679822824529/136090899, 1996908489298725152481850557/1095037083449129376203592050, (-9384402348241812589*Sqrt[2/23399114122645])/23399114122645, {31024501/36891, 9119820467/12297, 25114760351815/36891, 7940812335061087/12297, 23198400525539026711/36891, 2563185159842193417709/4099, 23326695260927373472391455/36891, 7969459957923342163647622367/12297, 24777190815682736813112274087111/36891, 8638420227159474309194969531946487/12297}, {0, 46798228245290/1360945881, -37537609392967250356/50206654495971, 1331272326199150101654567038/617391230336955387, -7965698313182071918941823246225940/68328539635081863545451, 428100682247628311559857431764001560305530/2520708155677805028055232841, -460757248782984216434961925984506241054918604812/30997148190369968429995198245777, 52135531506190864070057181050266088088844574302139754554/3430547381672815516052858575454877921, -228726743977330578960918718915017517156856459788450403771767540/126556323457291837202706005707105901383611, 766068798949326837668817688098920214603189263623250549742569630847530/518754369851439240693891917393427089771421489}}"
"{1.0453228308967946, 0.27737588875819097, 0.07693738366439633, 227699/16759, (2*Sqrt[1994420398/4642243])/11, 7977681592/561711403, 10742814253339995011/3977712723958478404, 32057665811331/(3988840796*Sqrt[997210199]), {227699/16759, 3331683/16759, 51962333/16759, 856238187/16759, 14795316329/16759, 266382462183/16759, 4970068266173/16759, 95642095911507/16759, 1890629188812689/16759, 38258327339793183/16759}, {0, 3988840796/280864081, 64115331622662/4707001133479, 42971257013359980044/78884631995974561, 1980879273325330236327630/1322027547620537667799, 696718459673516272442675433836/22155859670572590774643441, 56148132710499113753362510831776702/371310052219126048792249427719, 14544599067669503199311170485097152710924/6222785165140333451709308159142721, 1631889995528011576228470087666902691317878350/104287656582586848317196295439072861239, 361560101411448036259918515652970538707511449298476/1747756836667572990947892715263422081504401}}","{36.20923753324689, 0.197134404949385, 0.03886197361474811, 15615023/16759, (2*Sqrt[4737695628315/4642243])/11, 18950782513260/561711403, 4383627228381839858716811/2493973318506118069971025, -2455571669505408293/(3158463752210*Sqrt[9475391256630]), {15615023/16759, 15114525601/16759, 15110167112318/16759, 15511465628110891/16759, 16266055131212312438/16759, 17348103637949802314311/16759, 18751206509709648619492418/16759, 20484121231807773328707104011/16759, 22568348632402559595293951990078/16759, 25036955620328875543991494132176271/16759}, {0, 9475391256630/280864081, -7366715008516224879/4707001133479, 157810580221746234913805196/78884631995974561, -335645454737420599113406752881355/1322027547620537667799, 3599171332130259794564050047020065630740/22155859670572590774643441, -12358883249971422993170518841912921067571344699/371310052219126048792249427719, 97227093649624823254811173161070949176384164417368676/6222785165140333451709308159142721, -423575873017062617193729879803349848514029276200081210311675/104287656582586848317196295439072861239, 2871175202551037434869237997965136677947649808788462140463510028500/1747756836667572990947892715263422081504401}}"
"{0.7117834484858985, 0.24123780655606572, 0.05819567931198179, 426160/34843, Sqrt[1761458415/202333301], 1761458415/202333301, 3657905205716027909/1241094299109724890, (55006341314*Sqrt[2/587152805])/117430561, {426160/34843, 5515630/34843, 74905240/34843, 1060963030/34843, 15602937880/34843, 237386952310/34843, 3724594406680/34843, 60091449303670/34843, 994208740873240/34843, 16825517978988790/34843}, {0, 10568750490/1214034649, 29703424309560/42300609275107, 329211468514442511810/1473880128972553201, 5595771074649928946045880/51354405333790671182443, 14774679072536543549869826728530/1789341545045268356009861449, 672292718441707937350844560927377720/62346027454012285328451602467507, 808310123063700777204931471889711075625090/2172322634580150057699239184775346401, 66942032982872989587477305411197177460240147640/75690237556676168460414590915127394650043, 50253239002596262256017926546056997184982148889313970/2637274947187267737666225591255783811791448249}}","{21.93685948538357, 0.16472634982761866, 0.027134770327531, 28168508/34843, Sqrt[3588311391285/202333301], 3588311391285/202333301, 60910774917786268280464327/25751957281651384747902450, (-1829342950462733269*Sqrt[2/1196103797095])/10764934173855, {28168508/34843, 23390486218/34843, 19890833830076/34843, 17274185685530218/34843, 15282555320052842948/34843, 13744075671047385492418/34843, 12541821341069594696768636/34843, 11594578239797512292452599418/34843, 10844801155683826119502912160948/34843, 10250949168108300088740846290658418/34843}, {0, 21529868347710/1214034649, -21952115405552799228/42300609275107, 1096393948520152829048357886/1473880128972553201, -2173892718866637544117789807595940/51354405333790671182443, 71483885353574207345613952253140891253910/1789341545045268356009861449, -192144417751038449897082590890797524512781370108/62346027454012285328451602467507, 5260913976636935766416251653799411034571381674962706766/2172322634580150057699239184775346401, -16782501759415163696547012501124141782297671896981707693985620/75690237556676168460414590915127394650043, 416310001365914567870855287051699038371104813390821290060111805722310/2637274947187267737666225591255783811791448249}}"
"{0.48432788846648467, 0.19499078194714353, 0.038021405044358476, 447025/35093, Sqrt[1899413054/307870889], 1899413054/307870889, 2575240796798936132/901942487426401729, (-445537847445*Sqrt[7/271344722])/271344722, {447025/35093, 5910837/35093, 80667865/35093, 1131355989/35093, 16252169545/35093, 238521803637/35093, 3569141336185/35093, 54360365530389/35093, 841489778568745/35093, 13222017743642037/35093}, {0, 7597652216/1231518649, -174650836198440/43217683949357, 164815410995131912448/1516638182834785201, -8524611329672634136573080/53223383750221117058693, 5116630235161480867766419172816/1867768205946509660940713449, -388697049768377549881905756898620360/65545589651280863531392457065757, 189008742003617049385142766099803121750848/2300191377632399343907155495808610401, -18275411430521535783788646661647719752937218680/80720616015253790175733807814411564802293, 7784400066370037783360157100250760257304501204695216/2832728577823301258637026517631145043606868249}}","{10.27727278046024, 0.11112347243551858, 0.012348426126127458, 29206988/35093, Sqrt[5266750934911/615741778], 5266750934911/615741778, 164469489851833769778651865/55477330820771785117155842, -3196885218540181707/(5266750934911*Sqrt[10533501869822]), {29206988/35093, 24608373462/35093, 20975345246834/35093, 18075624256601178/35093, 15739391644626584018/35093, 13840930944607896277122/35093, 12286047957091119506279354/35093, 11003354909870602085033627898/35093, 9938163199506235320991437154178/35093, 9048154444348301792555678935728882/35093}, {0, 10533501869822/1231518649, -6393770437080363414/43217683949357, 328938979703667539557303730/1516638182834785201, -617295512787718660402205483279430/53223383750221117058693, 13732994325062361727955108174480839381082/1867768205946509660940713449, -45260640913924138828444378754135912114413042014/65545589651280863531392457065757, 657217600349585717909744536191063694320921345406610450/2300191377632399343907155495808610401, -3006978618448945283450965384806521983742209961892735079062870/80720616015253790175733807814411564802293, 34307286207021887736982369618411556552498385732540512855776645709642/2832728577823301258637026517631145043606868249}}"
"{0.7761960314952898, 0.24922930257940418, 0.062115245264216204, 439624/35181, Sqrt[6002313169/68759310]/3, 6002313169/618833790, 213907153091103438321/72055526757501645122, (30600455939555*Sqrt[2/6002313169])/6002313169, {439624/35181, 5834794/35181, 81538780/35181, 1192294426/35181, 18158600404/35181, 287009648914/35181, 4693559757820/35181, 79193485720426/35181, 1374953999375524/35181, 24498546205135234/35181}, {0, 12004626338/1237702761, 122401823758220/43543620834741, 142604768727402292214/510636041529007707, 19249187621636127652600900/53894059731096060419901, 23769422484765861455957400169738/1896046915399690501632537081, 730760431423603249044170413847393060/22234942176892170512644762348887, 1659264767839618791064057434774111008374802/2346742502175730352416066152588580641, 231618727707165416410568471740396337317084502420/82560747969044369528349623314218855531021, 14706826128154950513476532987841770139693312473503882/322729963810994440486318677535281506270761089}}","{19.04444951606201, 0.15222927893295005, 0.02317375336444591, 28912139/35181, Sqrt[9685331422213/68759310]/3, 9685331422213/618833790, 570381635400059706409802667/187611289516212986539634738, -28090910901078409123/(9685331422213*Sqrt[19370662844426]), {28912139/35181, 24310919087/35181, 20838571667615/35181, 18155240648874575/35181, 16040082725767572479/35181, 14345172804084364781567/35181, 12968446197666265816391375/35181, 11837493251959314019323087215/35181, 10899631329176900455353850164959/35181, 10115670051212752779767556818103647/35181}, {0, 19370662844426/1237702761, -56181821802156818246/43543620834741, 380254423600039804273201778/510636041529007707, -7161299514448044974590656132052150/53894059731096060419901, 93836756981290084569625948133627992697086/1896046915399690501632537081, -260642521154371875776298507006422183881732107962/22234942176892170512644762348887, 8832137659817454304984183835159135722817439536257323734/2346742502175730352416066152588580641, -82715104937697452344772622432501304235659905504916980950334470/82560747969044369528349623314218855531021, 98156678191049629144599151372011340892100512910810580393071412117694/322729963810994440486318677535281506270761089}}"
"{1.3766888709286975, 0.3385393706643482, 0.11460890548981294, 409419/34084, Sqrt[6403543361/96807081]/2, 6403543361/387228324, 318637927595790029575/123016102728621528963, -54372486379682/(6403543361*Sqrt[19210630083]), {409419/34084, 5481591/34084, 79245399/34084, 1214958207/34084, 19519946439/34084, 325868984991/34084, 5616956880279/34084, 99471259770207/34084, 1802547992842599/34084, 33313834595576991/34084}, {0, 19210630083/1161719056, -81558729569523/19798016152352, 955913782787370088725/1349591165073531136, -6797630470595622523583295/11499866317591558809856, 70472824168952052114720640900983/1567845774275162761900527616, -2306468132811405035630519885216771553/26719227685197323788308791631872, 6476618857062459232294956901126082204674665/1821396312844531168001433707961450496, -90435887883599189795082198894486034305326096535/7760058990874125041270108312769759838208, 682466303053424208067489288871929903152325318390149483/2115950805159629423253202973859555954603851776}}","{62.179110418010445, 0.28048136117983297, 0.07866979396929191, 13469673/17042, Sqrt[14272806430763/32269027]/3, 14272806430763/290421243, 470971181254989180517829861/203713003410029647512762169, -22555709667943653774/(14272806430763*Sqrt[14272806430763]), {13469673/17042, 5741840663/8521, 10322720678085/17042, 4819732734154331/8521, 9255638849846656173/17042, 4535721040724498318783/8521, 9027620098620543852701325/17042, 4543814806376919958093661171/8521, 9228429196897283756546744213133/17042, 4717686296638899767111107060398503/8521}, {0, 14272806430763/290429764, -11277854833971826887/2474752019044, 470971181254989180517829861/84349447817095696, -570107897500983651924119725902675/359370822424736212808, 25345555008835508742725093192802746806703/24497590223049418154695744, -92595986491623229119510905797974999030013993437/208743966290604092096162434624, 1753883214679904285154841349077716429817687961169055241/7114829347048949875005600421724416, -1848564006380047002749012749046721633723168336861153081039915/15156365216551025471230680298378437184, 135214302580412238069185695116080616459989350472088961965743939792243/2066358208163700608645706029159722611917824}}"
"{1.0620845458797656, 0.28038451998833336, 0.07861547904908811, 30127/2230, 3*Sqrt[134776693/84537070], 1212990237/84537070, 1381265092317321331/490448438352438723, (686493490964*Sqrt[17/134776693])/1212990237, {30127/2230, 33467/170, 115937333/37910, 1902898097/37910, 32782748669/37910, 589888168001/37910, 11041363405853/37910, 214176256471457/37910, 4289282524262429/37910, 88349550734772161/37910}, {0, 1212990237/84539300, 514870118223/47130659750, 243752663350115529/420405484970000, 211970013158861941347/117188028935387500, 15843509914225343861613777/418126887241462600000, 251628878772095647931996218149/1165528698185576997500000, 1926393818342729912949125103491313/611559763989138048100000000, 34588085630605238766024373361560240587/1449014415801763962716937500000, 15319929412344531377876946589555366651783053/51700834355806938189740330000000000}}","{55.9926009227551, 0.24643633612013613, 0.06073086776031671, 17476117/18955, 54*Sqrt[12721267757/718565095], 37095216779412/718565095, 19481613065134276767197897/9555938249385899954632401, 8129429790060739927/(166928475507354*Sqrt[25442535514]), {17476117/18955, 17091124969/18955, 17629868734888/18955, 3808086174594443/3791, 21363922023012464812/18955, 24725181922463408532919/18955, 29335217100301078083058348/18955, 7100722621731702166761256019/3791, 43660834972711045260164704789852/18955, 243908814603338464208665331207353/85}, {0, 18547608389706/359292025, 24388289370182219781/6810380333875, 701338070344833963619124292/129090759228600625, 2005241171047939672795657551237453/2446915341178124846875, 6790654990896676808854618640050615332216/9276256058406271294503125, 143877150762725776249243653290222570945793615273/879157167935454361936533671875, 1876014923140015802930495392540789392886241158914390228/16664424118216537430506995750390625, 10004656842682845154313370904937213568355545688800376159549941/315874159160794466995260104448654296875, 112344781187404700261350125250020956985434889318251584498552363875984/5987394686892859121895155279824242197265625}}"
"{1.483528481169377, 0.3211533689763888, 0.10313948640488453, 529263/36796, Sqrt[875472059/10256885]/2, 875472059/41027540, 246615487005482553661/92740610456853637201, 69149345010554/(15133159877*Sqrt[238765107]), {529263/36796, 8397921/36796, 144452679/36796, 2655922401/36796, 51551105823/36796, 1044800039481/36796, 21906728940999/36796, 471646671215601/36796, 10365892687011183/36796, 231527191973224041/36796}, {0, 28890577947/1353945616, 726068122610817/24909891443168, 2219539383049342982949/1833168731085619456, 49680904309923311358995565/16863319157256613375744, 227944372632528110968690012470687/2482010766841657383095504896, 12345607322112883774872471144694620747/45664034088352812534191099076608, 26398760915513806153008172957941611388764169/3360507596630060180016191363245735936, 389423133585745762703281339790835692361894250245/15456654690699961797984472175248762437632, 3261948423178684882335372002867045301031292906512653027/4549944527991966354549093105283627701240856576}}","{48.007613515059944, 0.22815701037179975, 0.05205562138179754, 8483657/9199, 2*Sqrt[749293612637/67695441], 2997174450548/67695441, 38641129822160141020936072/14036022948465165152344225, 3939933931737697143/(7492936126370*Sqrt[3746468063185]), {8483657/9199, 8231210366/9199, 16731205032799/18398, 8868287393078435/9199, 19526632245168666019/18398, 11113015185207592907591/9199, 26040726165692096235049099/18398, 15636663093618022005505488695/9199, 38348947821507906366157595240899/18398, 23926670980391341865341573006162391/9199}, {0, 3746468063185/84621601, 3939933931737697143/1556868215198, 38641129822160141020936072/7160815355803201, 70460392764902858389920280671495/131744680916067291998, 551937162663004305021774518513550247630/605959659873451509544801, 1034831150999104248558896182493298575388885603/11148445822351760872605248798, 8962018398573979021513213030210017904844201545159792/51277276559906924133547841846401, 14137589481175531598438786421213495107299107315822309191055/943399334149167590209013194290085598, 155177813510890307536935826600464913823202406144708998128239812850/4339165237419096331166356187137248708001}}"
"{1.0580566939030664, 0.26726693102768095, 0.07143161242095517, 574312/38773, 227*Sqrt[8467/27839014], 436296043/27839014, 28013762840950416431/10279128805422723846, (28627084812283*Sqrt[2/25401])/2674058447547, {574312/38773, 9114442/38773, 21890572/5539, 386540254/5539, 49880683492/38773, 956096720242/38773, 18999331466644/38773, 390484854377458/38773, 1183011191559196/5539, 25822239462830206/5539}, {0, 23559986322/1503345529, 343525017747396/58289216195917, 1512743193411322487274/2260047779564289841, 146797978778659395427766100/87628832557046210005093, 160533519331277697595348193677242/3397632724734352700527470889, 32654243355193772601312516984369182916/131736413636125057257551628779197, 3230071863272479830425501306291889005003142/729687995130496692149578471807972183, 6467932146822849795160970082373653108383454589620/198045348446363237713009242611873538160213, 3660877047294280298400948224932413235489475576282235162/7678812295310841815846507363790172695085938649}}","{29.716730164162982, 0.175815821393142, 0.03091120305214521, 37274731/38773, Sqrt[21473545023811/83517042]/3, 21473545023811/751653378, 1893559136079012880815165781/922226271779276321113927442, -28772845222523304321/(21473545023811*Sqrt[42947090047622]), {37274731/38773, 36942012771/38773, 37605923467855/38773, 5596919893356933/5539, 1435637469625671059/1337, 44995703811686696679291/38773, 49334634925944675816469615/38773, 54762954775474255576201471731/38773, 61437905040839564154032346518071/38773, 9937931871866574626185396282829373/5539}, {0, 42947090047622/1503345529, -57545690445046608642/58289216195917, 3787118272158025761630331562/2260047779564289841, -11708258644270903562870622189339210/87628832557046210005093, 435638443074147155796631380829536606884522/3397632724734352700527470889, -2150868845019819814190475163005434160350158607802/131736413636125057257551628779197, 8352754474195983397213385962649868468829461286489380566/729687995130496692149578471807972183, -395918215355922654886181674818265609929853669167620446795964490/198045348446363237713009242611873538160213, 8723728180539949275998180833161812366871038823765095000957670366536522/7678812295310841815846507363790172695085938649}}"
"{0.9800943705844865, 0.2695603360914531, 0.07266277479373714, 499187/37009, Sqrt[2263272205/19022626]/3, 2263272205/171203634, 54651478543479125771/20489604295702248100, (-21626858951352*Sqrt[2/2263272205])/2263272205, {499187/37009, 7222401/37009, 15730037/5287, 1749025665/37009, 1689354691/2177, 484624086561/37009, 8366403517139/37009, 147240807066945/37009, 376312538121461/5287, 47798029613604321/37009}, {0, 18106177640/1369666081, -692059486443264/50689971991729, 874423656695666012336/1875985173441898561, -100765179581427242499225840/69428335283911223844049, 64147639402905555297550110872240/2569473260522270483244409441, -12419326190930094245292397477971699504/95093635898668708314392349001969, 843444296229112679950740489160354897998128/502760052996261460858192349173410103, -1507629242527225037496494329988888754118699961520/130246527609370482834305884553911141513489, 623739473007866786064533495404085287694390192982665840/4820293740295192199214826481455697436272714401}}","{24.312614274791002, 0.16762954568903426, 0.028099664587912025, 4574460/5287, Sqrt[85748369833/4076277], 85748369833/4076277, 31825057587755413289171/9603634846062947850304, -500369143074092371/(2743947834656*Sqrt[36749301357]), {4574460/5287, 4069164576/5287, 1522649188878/2177, 23920332377364684/37009, 3200456202679290090/5287, 3030600683950272986676/5287, 2896332975259423209972138/5287, 2789938949752997303718814212/5287, 18941983120909903626366158171910/37009, 18484236853192946078819022059790732/37009}, {0, 587988821712/27952369, -3002214858444554226/1034489224321, 1145702073159194878410156/781334932712161, -12303415006971637629836583484170/28916424524744366449, 26499103590124093293890430680344934724/152881136462323465415863, -7346977045583146502874640100242168349846598/115468938353757737379095383, 15652131896897236875518407904500070653560757966236/610484277076317157523277289921, -230604943357483971925605181578305949565103986808502654570/22593412610317421682778969222686289, 71480009692045844236899775308713401559735960383876339429193052/17064481781535458348121772897191772849}}"
"{1.122442711643191, 0.27605038705689033, 0.07620381619425896, 27279/1852, (3*Sqrt[132311999/18006533])/2, 1190807991/72026132, 340742000100637205/157558185714384009, (-1085287286962*Sqrt[7/396935997])/396935997, {27279/1852, 3026967/12964, 50583125/12964, 878244719/12964, 15690661093/12964, 286615787887/12964, 761390233395/1852, 100585634264079/12964, 1922367378616613/12964, 37144511301317807/12964}, {0, 396935997/24009328, -542643643481/22232637728, 48677428585805315/82349690144512, -72697576411703990885/38127906536909056, 7933348069928140008956377/282451531625422286848, -4811987153974773688638650133/37364302612163005374464, 1495900753061802069809139867866175/968781638128162403349102592, -1912746435261708458405953360666276925/224272949226669596375317250048, 307157721965254030251157203664783473573557/3322828015742336739896700376711168}}","{34.18103704504895, 0.18912706774293173, 0.03576904775303948, 18582671/19446, Sqrt[12351294798377/378137193], 12351294798377/378137193, 539309138952021760668334353/152554483196414737081834129, -45949553588683557776/(12351294798377*Sqrt[12351294798377]), {18582671/19446, 6130943061/6482, 2666952075803/2778, 6434957948086049/6482, 20253510664771688081/19446, 7166784206405776663021/6482, 23052630861074888990229581/19446, 8310947847448368143134012569/6482, 3882272105703246306974878757423/2778, 9942732973933099433110561711783781/6482}, {0, 12351294798377/378146916, -5743694198585444722/919180616067, 179769712984007253556111451/47665030026770352, -115806190352702224941608018947295/86896328803179024843, 33913009615437355648982183970343733537977/54073152317011818147103296, -5687846961905042093077288436573708691384223397/21906385832429412826845222792, 339889501902099874374836108155046249367919773311903639/2921085112439467623982849387976448, -313557968868116590715259974631305300112436180911959334252875/6212874182429456436121772256095782104, 19277851324147881268551416431338180637742904162353922551035462975553/859132809610831714537414992298941004760064}}"
"{0.9306640937304096, 0.25911211813360513, 0.06713908976368334, 258452/18645, (2*Sqrt[2242299403/14188845])/7, 8969197612/695253405, 14305411124190549798/5027906612694156409, 99448578062431/(4484598806*Sqrt[4484598806]), {258452/18645, 3823118/18645, 59949311/18645, 198075016/3729, 17139628247/18645, 309080338868/18645, 5778011975531/18645, 22284373390504/3729, 2206020525811727/18645, 44650212788381468/18645}, {0, 4484598806/347636025, 99448578062431/6481673686125, 19073881498920733064/40283601959266875, 3559167515065398294985703/2253263275591592653125, 211632251174435205775558373516/8402418754681049003503125, 33453211957778494451909500854385441/261105162801713597783859609375, 23035700914489031667810344419046691577928/14604917281313850092040187250390625, 2673521960281940677535567703305994329204685391/272308682710096734966089291283533203125, 60568567659111744751709537029683217869672926732276/564132821014417069271414981775719619140625}}","{23.98092616917253, 0.1630683387885416, 0.02659128311525458, 5604899/6215, (2*Sqrt[1253009860061/4729615])/7, 5012039440244/231751135, 3298262853143357079193362/1570033709410086802923721, (-462243181347399081*Sqrt[3/2506019720122])/2506019720122, {5604899/6215, 3113457703/3729, 4918140657126/6215, 14275808159984477/18645, 4687846335080029194/6215, 2814377399132689719601/3729, 4756870044764118153360186/6215, 14640522591308128904074900517/18645, 5056848922463356692721908873114/6215, 3171149276157560893524191955526129/3729}, {0, 2506019720122/115878675, -154081060449133027/240061988375, 4397683804191142772257816/4475955773251875, -772440374405659823699913905879/9272688376920134375, 2066166289550417330758901228878193072/34577854957535181084375, -3304128029373474315879515994390957444800631/358168947601801917398984375, 29692057895472360313804116584890255007720889429904/6678060028035596749904063671875, -13319967737662864583466772713946208630996521976737478983/13834714358080411266884585240234375, 97651220834792595150888670844070985017587551127332289815472848/257948249206409268071063091804169921875}}"
"{0.6609090345020701, 0.222592237330076, 0.04954730411960888, 492354/36911, Sqrt[6005279271/681192505], 6005279271/681192505, 70208775923286676199/24042252748468194294, (20374410768121*Sqrt[3/4003519514])/2001759757, {492354/36911, 6892878/36911, 100893726/36911, 219807690/5273, 24366835014/36911, 399454392798/36911, 6757969677006/36911, 117641283620790/36911, 2101183819843734/36911, 5486101093118274/5273}, {0, 12010558542/1362421921, 366739393826178/50288355526031, 421252655539720057194/1856193490821330241, 35987421600161023011830610/68513957939706120525551, 22840811089021103282738325648882/2528918701512492614718612961, 3383037923317742448584018294359341018/93344918191527614901878723003471, 225113418685624876794915654984151043180742/492207753623925113377606506397302583, 319755656848819177977877700666433123950791547010/127175162758088899019165836303415849487791, 125297076267032297214244676192401697220660494958356322/4694162432563819351696430183795382420443853601}}","{13.276853813567099, 0.12487216105268444, 0.01559305660596756, 31428216/36911, Sqrt[7700677792559/681192505], 7700677792559/681192505, 410647933557157538443213553/118600876929622706071536962, 23333704973730249183/(7700677792559*Sqrt[15401355585118]), {31428216/36911, 27177104834/36911, 23885007177006/36911, 21348451868879294/36911, 19415113352860926966/36911, 17970745820803391969054/36911, 16929681284660581898496246/36911, 16227892084812757125903387854/36911, 15817908061118378649477546181206/36911, 15665082422144105096920543704227774/36911}, {0, 15401355585118/1362421921, 46667409947460498366/50288355526031, 821295867114315076886427106/1856193490821330241, 5334502201682581793542269257037510/68513957939706120525551, 64031508638040403242846843740304611316898/2528918701512492614718612961, 530254213992295371400602945413333725598548419366/93344918191527614901878723003471, 806059792641006915369151002680410132967883686980063198/492207753623925113377606506397302583, 51200146949127921503851004038897071895609347392160038507459430/127175162758088899019165836303415849487791, 520203016177045722569995958921140066448940050616944618210360861427778/4694162432563819351696430183795382420443853601}}"
"{0.5036913734768105, 0.1957195527940037, 0.038306143345884794, 502059/38182, Sqrt[9655317701/1457826942], 9655317701/1457826942, 290460668314439571881/93225159907243925401, 300243912771252/(9655317701*Sqrt[9655317701]), {502059/38182, 6854501/38182, 96986667/38182, 1419795725/38182, 21472742019/38182, 335105540261/38182, 5391277596507/38182, 89344389345725/38182, 1523979712995699/38182, 26734371163040021/38182}, {0, 9655317701/1457865124, 75060978192813/13916051541142, 290460668314439571881/2125370719775535376, 4245966197188239707639505/10143863102808686465804, 16712040651489006653996880876461/3098503847931530133098626624, 952655808481720135561519937857759263/29576768480430420885492940439392, 1471485332106479200147057668925917029306321/4517200696479177320999565807427461376, 27885523230455258118423419834321421103704728025/10779734812060496779400338853699708141152, 161099567950103957853282002361747597278720869013062421/6585469353505502208497019809791396099927450624}}","{19.517755337636693, 0.14917224761721826, 0.02225235945917268, 16744897/19091, 2*Sqrt[3119605358426/728913471], 12478421433704/728913471, 90893155790481488971126451/19463875184640423858394952, 19463013757000675455/(12478421433704*Sqrt[1559802679213]), {16744897/19091, 15013922071/19091, 13795558465660/19091, 13021133050379761/19091, 12650120446069496692/19091, 12666730587615765844741/19091, 13078421894023695273000280/19091, 13916155263409522940142345601/19091, 15236352910942714066951358829772/19091, 17124664803492883198563317470003261/19091}, {0, 6239210716852/364466281, 19463013757000675455/6958025770571, 181786311580962977942252902/132835669985970961, 1181324130628328771174991443904375/2535965775702171616451, 9435456780176965529036765392722327958162/48414122623930158329666041, 72313865854706239522184054248374163199296250115/924274015013450652671654388731, 579172214261687676314183827594156226613531783540894982/17645315220621786410154553935263521, 4643610054793054035326549050062054316263814947548161940479935/336866712876890524356260589178115879411, 37728490067311062573415855999786111524673351086640815619262454411322/6431122415532717000485370907999410253835401}}"
"{0.8966986696041943, 0.24123730699798832, 0.05819543828764166, 655119/42517, Sqrt[1387543521/100425154], 1387543521/100425154, 272891502683355727445/103964959224130181814, 102598634468557/(12487891689*Sqrt[2775087042]), {655119/42517, 10681767/42517, 183032223/42517, 3275680287/42517, 60883358679/42517, 1169042744247/42517, 23078359459263/42517, 466395359708367/42517, 157587204515379/697, 201422387574828327/42517}, {0, 24975783378/1807695289, 615591806811342/76857780602413, 1637349016100134364670/3267762257872793521, 53532143795258609681766870/138935447917977562132357, 148425249157474469648763662707038/5907118439128652009181422569, 1993179155522260139990549596131145302/251152954676432897474366543366173, 16064068635228074243120384192988190174952910/10678270173977897501917642324299577441, -401796624095347706690346088953873473725951476810/454008012987018268089032398702245134058997, 1950644866549834472986426168523385749989606118688319998/19303058688169055704341390495623356364786375449}}","{26.896192544936543, 0.16184338379761226, 0.026193280879061222, 43657968/42517, (7*Sqrt[254712729854/50212577])/3, 12480923762846/451913193, 139440436163633197109481355/44506702278278273042862776, 4069552416299244837/(174732932679844*Sqrt[254712729854]), {43657968/42517, 46003760024/42517, 49658734117044/42517, 54834909475934216/42517, 61866723745579820148/42517, 71239255361391239378504/42517, 83632236448035241071790164/42517, 99984094662367014259355052296/42517, 121582557944383083614297197492788/42517, 150191322791013166096426559568902984/42517}, {0, 49923695051384/1807695289, 16278209665196979348/76857780602413, 7808664425163459038130955880/3267762257872793521, 2720782994072916968826220440821940/138935447917977562132357, 1697910659126031077675157071322948897091304/5907118439128652009181422569, -307086284719118766686214272732081448337602393612/251152954676432897474366543366173, 420180444423058614876510866689408707884689929905043267560/10678270173977897501917642324299577441, -428096252564887168327407789411495714797245070636657215011039180/454008012987018268089032398702245134058997, 110640419234616969255059698196650619593517171068512913526297445980267624/19303058688169055704341390495623356364786375449}}"
"{1.277706212148809, 0.30014828311960484, 0.09008899185964646, 558345/39368, Sqrt[28084452247/387450014]/2, 28084452247/1549800056, 1970661121273028098189/788736458014023349009, 1665523204098042/(28084452247*Sqrt[28084452247]), {558345/39368, 8632229/39368, 143738463/39368, 2547113057/39368, 6791897025/5624, 927183924929/39368, 18773730316023/39368, 392727443886257/39368, 8452961099371335/39368, 186534392684050529/39368}, {0, 28084452247/1549839424, 832761602049021/30507039222016, 1970661121273028098189/2402002240184651776, 89073710536216644096154725/23640506047897342779392, 229355245759308978842092683192547/3722717768374490362156417024, 34423291510981620871555853723122404711/73277976552683468288686912700416, 5050206701226755646378077292539392499582047/824230680264583651311150394054279168, 1663937583035263057112242202233878154313023332405/28392274243074113036715197623987754500096, 6305277387139760354435510785320495929896746408668105647/8941976419210733456235231200489199353278234624}}","{31.494590234635368, 0.18557630335274974, 0.034438564366071796, 18001317/19684, Sqrt[11159444243503/387450014], 11159444243503/387450014, 212797856438453357529022237/124533195823852243957711009, -3794916870571278510/(11159444243503*Sqrt[11159444243503]), {18001317/19684, 8514703769/9842, 16600789169001/19684, 8302569354660935/9842, 16972233244801477137/19684, 8830296688072874112899/9842, 18649971060900468402198321/19684, 9968228595124634422997591495/9842, 1133126355272476148531600231403/1036, 11724803780036747570749822627183979/9842}, {0, 11159444243503/387459856, -1897458435285639255/3813379902752, 212797856438453357529022237/150125140011540736, -29501944229708061120330150821415/738765813996791961856, 4894966052877196794176183547002146338763/58167465130851411908694016, -1815806354026252809490849248237035478216880485/572484191817839596005366505472, 18089214523349383659177258775761891415322548306933951/3219651094783529887934181226774528, -14904533765474823846655335259397699801002033958743405479495/55453660631004127024834370359351083008, 3571067406699370924972294156560604156142722068319996456796140254823/8732398846885481890854717969227733743435776}}"
"{1.0032510351524375, 0.2636622504872709, 0.06951778233201238, 289050/20029, Sqrt[11616117882/802301653], 11616117882/802301653, 9968789625535076583/3748172073570004609, 7255679081867/(1936019647*Sqrt[5808058941]), {289050/20029, 4461429/20029, 72809511/20029, 1245455523/20029, 22169299215/20029, 408100602039/20029, 7727985072891/20029, 149863296751203/20029, 2965007666400855/20029, 59665015239605199/20029}, {0, 5808058941/401160841, 21767037245601/8034850484389, 89719106629815689247/160930020351827281, -537549427464964348117335/3223267377626748611149, 2013628805805406641427479110811/64558822306486147932703321, -58895190673452304881466452264453339/1293048651976611056944114816309, 56760299170801327804606898154677417403327/25898471450439542859533675655852961, -3337163260241166843318872418468211463138232495/518720484680853603933599989711078955869, 1852834127139367116850691559389227798959167125472931/10389452587672816833186074193923200407100201}}","{37.53152320432607, 0.1994241999678718, 0.03977001153282572, 18901651/20029, 21*Sqrt[64437066590/802301653], 28416746366190/802301653, 23586943644483758006806189/9613231833813959161608525, 1490026480803628429/(19891722456333*Sqrt[32218533295]), {18901651/20029, 18547145824/20029, 18897841393381/20029, 19948883616785920/20029, 21749012415394275661/20029, 24398241979620767441584/20029, 28050832343096228454965581/20029, 32922891382583458720837072480/20029, 39304586284618174196033553570541/20029, 47577441669489356706151810975307344/20029}, {0, 14208373183095/401160841, 22350397212054426435/8034850484389, 495325816534158918142929969/160930020351827281, 1233616738239175799064843277577595/3223267377626748611149, 21356406484109799121698026966981916393885/64558822306486147932703321, 57474054015476397163466150398221302662584276375/1293048651976611056944114816309, 996312946462613781753870007377381370905628836941453169/25898471450439542859533675655852961, 2577715241916928351244692707127313923875048906340944631900515/518720484680853603933599989711078955869, 48373693574940595118334341853985056479591211364872222566655256697925/10389452587672816833186074193923200407100201}}"
"{1.127799408380486, 0.2904576913679384, 0.08436567047479257, 474577/35501, Sqrt[4750145481/12602855]/5, 4750145481/315071375, 37171390538637567695/15042588060443147574, 43290949298195/(6333527308*Sqrt[4750145481]), {474577/35501, 6879353/35501, 106478647/35501, 1738541957/35501, 29664288847/35501, 525062947973/35501, 9584558701807/35501, 179581872979157/35501, 3440404323726127/35501, 67180103572968293/35501}, {0, 19000581924/1260321001, 259745695789170/44742655856501, 892113372927301624680/1588409025561642001, 35029223805415635487060170/56390108816463852677501, 57677958184860363641014597486584/2001905253093283233903963001, 4208746188667724727518543275291427370/71069638390064648086824590498501, 4426240091465146191509388114111874892498040/2523043232485685071730359787287284001, 492645810772176548859718152757531400125961006250/89570557796474305731499502808485869319501, 379745443678812246474343638942730745944494735390690744/3179844372332634327773963849204056846711605001}}","{42.339871899076435, 0.22120353517283994, 0.04893100397296184, 30718924/35501, Sqrt[4617255339983/5041142]/5, 4617255339983/126028550, 2028612995127196245596646919/1065952343730076445922014450, (186565191527191551*Sqrt[2/23086276699915])/161442494405, {30718924/35501, 27881604606/35501, 26461363232956/35501, 26128860295261206/35501, 26683432068514190884/35501, 28010450551832676125886/35501, 30055116170723008411340236/35501, 32806415098388211724645346406/35501, 36287494666310310188701463521204/35501, 40550199309673588606722254752869966/35501}, {0, 46172553399830/1260321001, 106715289553553567172/44742655856501, 4057225990254392491193293838/1588409025561642001, 14946405885339482589229355890218780/56390108816463852677501, 420203970458195225145532032839822357491910/2001905253093283233903963001, 1745767294767102912081594890147330155049256333492/71069638390064648086824590498501, 47104368526777568456601641175343497824738203088985423998/2523043232485685071730359787287284001, 190767205078241941715136851014137575613740090226375561193181580/89570557796474305731499502808485869319501, 5546870716451494905893103540220612657166478321697728346675742000476790/3179844372332634327773963849204056846711605001}}"
"{0.7556947093565456, 0.22642461632113348, 0.0512681068761725, 553209/37531, Sqrt[2614947251/26084045]/3, 2614947251/234756405, 131746534020579563035/41027694753074742006, (59066079996173*Sqrt[2/7844841753])/2614947251, {553209/37531, 8572377/37531, 139184547/37531, 2361277653/37531, 41760274539/37531, 768328575237/37531, 14675517339867/37531, 290319269000133/37531, 456291414953943/2887, 124777951378748997/37531}, {0, 15689683506/1408575961, 708792959954076/52865264392291, 790479204123477378210/1984086237907073521, 123113433124063494138925020/74464740594890376316651, 69447219875242562691868318867746/2794736179266830713540228681, 17480675051790998093142723315391664556/104889243544063423509878322626611, 7786003772224258060259395135634837594553570/3936598199452244347749243326499337441, 2397241536393479431129462860174782834744049171900/147744467023642182615376851286846633498171, 973406330194020243078248411470301785079739346748778786/5544997591864314755737708605646641001819855801}}","{16.467231727213772, 0.1332079555936254, 0.017744359433433273, 34829754/37531, Sqrt[10762658809199/78252135]/3, 10762658809199/704269215, 665719467019625579316126347/231669649286457673374043202, (-766841371007054016*Sqrt[2/10762658809199])/978423528109, {34829754/37531, 32896461094/37531, 31569336029676/37531, 30737508630918034/37531, 30327371076620866884/37531, 30293356646617747987474/37531, 30611837664372290273992836/37531, 31277261691304895367129041314/37531, 32299941049951897613648895020004/37531, 2592701267230066874249927345193658/2887}, {0, 21525317618398/1408575961, -33741020324310376704/52865264392291, 1331438934039251158632252694/1984086237907073521, -2256947560024982748866024628610920/74464740594890376316651, 116801139790015334336803280175007455424798/2794736179266830713540228681, -65612261288706209471772656982739836596828395104/104889243544063423509878322626611, 11997931231157413769995575493807097712186052925637112294/3936598199452244347749243326499337441, 10859611601270471771113669232576823045085326185818393483320360/147744467023642182615376851286846633498171, 1343940924060566131429808883446656751400873758357450497691567970725998/5544997591864314755737708605646641001819855801}}"
"{1.1746717376359708, 0.3174878357357671, 0.10079852584018144, 377800/32419, Sqrt[7193408035/58386619]/3, 7193408035/525479571, 419811878946379019479/103490238316005122450, (511532423209902*Sqrt[2/7193408035])/7193408035, {377800/32419, 285090/1907, 68769928/32419, 1074933162/32419, 18276075160/32419, 332302020090/32419, 6355204846168/32419, 126122147433642/32419, 2571541546576600/32419, 53496958164514650/32419}, {0, 14386816070/1050991561, 2046129692839608/34072095416059, 839623757892758038958/1104583261293216721, 226092213882799645905888360/35809484747864792878099, 78386376997881294153109053760910/1160907686041028720315091481, 25206868576606978597721218532199308808/37635466273764110083894950722539, 8745380196809180396439934773450189231757838/1220104181129158684809790407473991841, 3019148066021645145150770011595437881557230833000/39554557448026195402848595219899341493379, 1074760793158493367517439158166433874660968212733102350/1282319197907561228764948608433916751873853801}}","{46.60319627052351, 0.24494707089919857, 0.05999906754209701, 25180875/32419, Sqrt[19021411593533/58386619]/3, 19021411593533/525479571, 2451075983331423515566546787/723628198021183244814844178, 129963928748345553657/(19021411593533*Sqrt[38042823187066]), {25180875/32419, 20732264689/32419, 18173678568999/32419, 16960163622102961/32419, 16767436665274273335/32419, 17412929909617861410769/32419, 18809259425738306396338599/32419, 20937174308336425836608479921/32419, 23830509677077251505287322803735/32419, 27568825117918274671964916385980049/32419}, {0, 38042823187066/1050991561, 259927857496691107314/34072095416059, 4902151966662847031133093574/1104583261293216721, 57495189955685702442915427044901410/35809484747864792878099, 872230891129194343875776595709950761005006/1160907686041028720315091481, 11832835176018481497960747297953184461968426043994/37635466273764110083894950722539, 172580402564939373045045633857014608115146691317666868294/1220104181129158684809790407473991841, 2454680425322560108063634299590972802274030911451934350523809010/39554557448026195402848595219899341493379, 35732701956622185986764116577042750178729319131770172681604107472992446/1282319197907561228764948608433916751873853801}}"
"{1.0034542956386732, 0.28519476015192957, 0.08133605121811664, 427741/34671, Sqrt[7440503458/601021785], 7440503458/601021785, 2033846354420908023/814133701595734673, 99035606854855/(14881006916*Sqrt[3720251729]), {427741/34671, 5706307/34671, 81154639/34671, 93582331/2667, 19052961871/34671, 309528896167/34671, 5185891468519/34671, 89169580573183/34671, 120547365254107/2667, 28052732324842327/34671}, {0, 14881006916/1202078241, 198071213709710/41677254693711, 184402069467495660752/481664032495218027, 21160871028230023131654910/50099321011925112642351, 27734888994299264916170508640936/1736993558804455580422951521, 580629086717642120788655899708911410/20074434559103093142948050728197, 229836978576733417004352177077778006800048/298286023113712861011065085770279223, 133722955989745504620793910372312836158660871310/72393122951628770228802463121189456584431, 11344397945178436819727213185160640408285784435792184/278882440650657899178090022097195516582089689}}","{25.55365861636152, 0.1767115874193655, 0.03122698512827205, 28371964/34671, 2*Sqrt[628400235311/120204357], 2513600941244/120204357, 332007606796925530611304971/157954742295568068506688400, 4320156247157827621/(25136009412440*Sqrt[6284002353110]), {28371964/34671, 23942325016/34671, 2969458122118/4953, 18515729690209972/34671, 16875453954536118034/34671, 15695149656811115869876/34671, 14860035697889906296659346/34671, 14291869008790375910271644932/34671, 1990974547137394414563106089982/4953, 1058279950466314851737303436550372/2667}, {0, 25136009412440/1202078241, 8640312494315655242/41677254693711, 442676809062567374148406628/481664032495218027, 1960052093847732161255836314792130/50099321011925112642351, 89899600000453424361640976084376826632700/1736993558804455580422951521, 81366723985268697576762034954690396800905301014/20074434559103093142948050728197, 988683574108615255234050161344977801141263769838607012/298286023113712861011065085770279223, 26885948794709784607615524426033446941972848223401180726940130/72393122951628770228802463121189456584431, 64469314695912448800846777008689308875117420506502660223307596690140/278882440650657899178090022097195516582089689}}"
"{1.9293544624592107, 0.3867977290741196, 0.14961248321689602, 428201/33205, Sqrt[6857883686/275634705], 6857883686/275634705, 114050782726599995237/47030568650704946596, 117104887943037/(3428941843*Sqrt[6857883686]), {428201/33205, 6348069/33205, 104868953/33205, 1880094213/33205, 35815209881/33205, 713762521029/33205, 14719648146473/33205, 311749362908613/33205, 6744442306656761/33205, 148459559911633989/33205}, {0, 27431534744/1102572025, 1873678207088592/36610904090125, 1824812523625599923792/1215665070312600625, 263584861431574398926798304/40366158659729903753125, 35157086295169715654533340355184/268071659659266290824503125, 36033861277478793682461069966308906736/44506597294929685934138131328125, 20139542632035369893915047048753195170356528/1477841563178140221443056650750390625, 5020687216783349187929003194308915891262505935488/49071729105330146053016696088166720703125, 2527787657479458325824509798574258020155629803473252016/1629426764942487499690419393607575960947265625}}","{79.66099321001653, 0.31148451752639655, 0.09702260465865205, 5452633/6641, Sqrt[3605640293395/55126941], 3605640293395/55126941, 23541723247608863177219533/10400513540282865344500820, 1814727032791032888/(3605640293395*Sqrt[721128058679]), {5452633/6641, 4911266205/6641, 24057553231889/33205, 5055414835324317/6641, 193262170820134313/229, 6458345734938883909797/6641, 38219139059602795053730529/33205, 9212708403710947539810545229/6641, 11241396444841391128850464294645/6641, 13833952413637916432555755648539189/6641}, {0, 2884512234716/44102881, 14517816262328263104/1464436163605, 94166892990435452708878132/9725320562500805, 28584757130911348131894702753216/12917170771113569201, 148189502923142678323968593476082231684/85782931090965213063841, 1285689610508018923052479425319315930999879344/2848422226875499899784840405, 6291855008172926740552748936007289993148002243100692/18916372008680194834471125129605, 2324490724898872147621420572861813696393327544185266832480/25124725301929034779144548397141361, 11179979754229548818004108415613969879475408344963235790403477252/166853300730110719968298945905415778401}}"
"{0.8300821665357884, 0.2512075380729686, 0.06310522718468196, 78187/5944, Sqrt[1157293493/26497609]/2, 1157293493/105990436, 3548229306420813333/1339328228940141049, (7584031794450*Sqrt[3/1157293493])/1157293493, {78187/5944, 820025/4458, 4040251/1486, 376454647/8916, 508772034/743, 102814067515/8916, 149044042543/743, 31992497388907/8916, 48846434542814/743, 10964240571928555/8916}, {0, 1157293493/105993408, 1264005299075/105004136192, 1182743102140271111/3744867513151488, 1572019729050476142795/1854957708181037056, 1802861441287701818224794233/132310423409137011130368, 7673144257077209140963022820985/131075526123985065693151232, 3536553096349027412491227145740362891/4674677563685803382880545538048, 5124775028168667116020075550813450799515/1157761809939517304493415111589888, 8333481672341464241954621869629626896898864573/165161668758731780589812626158967062528}}","{22.228791544455152, 0.1610386179214099, 0.02593343646203784, 7642331/8916, Sqrt[1514605672721/79492827], 1514605672721/79492827, 5259815307356251497285417/2294030343838632963543841, -77214355796907380/(1514605672721*Sqrt[1514605672721]), {7642331/8916, 13440966529/17832, 6050693095469/8916, 11131370483371273/17832, 5219667730314507071/8916, 9962506501003280072149/17832, 4828860190409926547051249/8916, 9495392937981671005959537553/17832, 4727764975631335442579426401331/8916, 9525072277862527149463147653836269/17832}, {0, 1514605672721/79495056, -19303588949226845/177194479824, 1753271769118750499095139/2106487976147712, -1182963218119051245309757355/440190159265617192, 24843819530834607431249820133742296201/502366138881567089135616, -56889373040221060854117367909990581803795/373258041189004347227762688, 139332961464288854352554818995792753375883407884657/39935624342893953118592785514496, -231333831847269460797398897793866935577338027819563475/11127063332538827687667914863976448, 96422465009249515498625932939273026595805064394456393821477209/352742743725924222802656458407872036864}}"
"{0.7004116551160444, 0.24237144416242545, 0.05874391694537972, 394465/33084, Sqrt[9140432051/30403277]/6, 9140432051/1094517972, 207513148776314012853/83547498078948066601, 154146349589078/(9140432051*Sqrt[9140432051]), {394465/33084, 4979539/33084, 66100783/33084, 916725127/33084, 13202509255/33084, 196372130119/33084, 3002101885063/33084, 46980776374327/33084, 750050583904615/33084, 12182372637607399/33084}, {0, 9140432051/1094551056, 77073174794539/18106063568352, 69171049592104670951/399347338063571712, 1696382394406435257933895/9909005499371404889856, 6650881830676425613459266570631/1311318151764814237503983616, 54922623817322914098032792310844963/7230608288831185705596965658624, 259299130018498043434614428792522957430953/1435304667766145687303820071099498496, 2218362221792059637724493599475488441653189695/5935702453546895489844947904031976030208, 1281525026600002325021431805965494724208060319790979/174557137753907102565360227961772351096356864}}","{24.721141780390685, 0.17875229888501667, 0.03195238435667833, 12798329/16542, Sqrt[5233553701247/30403277]/3, 5233553701247/273629493, 46883806360423505589797709/27390084343836172929355009, -1483336673031272978/(5233553701247*Sqrt[5233553701247]), {12798329/16542, 5109139732/8271, 8389886079275/16542, 3528533652647704/8271, 6058384023798180419/16542, 2645213412556969027372/8271, 4685769993620454334721795/16542, 2099793889348077938597161024/8271, 3801453496071988467304393815779/16542, 1735130627325162748470091894997812/8271}, {0, 5233553701247/273637764, -741668336515636489/2263257946044, 15627935453474501863265903/24959208628973232, -4714140240735816376932966187045/309656421855356402808, 496688082670779127437609660777776528107/20489346121325222460999744, -29950724374837421546227870478308098312406273/56489127256493638324976294208, 5731301432461233024576972267544082226004156774158809/5606658858461506591030547152732416, -165194758482835198497978661006048157319308996521882017565/11593168854583780253603413875062453184, 7763531640833771559797049278791560841250640769187055321732245663/170465954837799904848984597618918311617536}}"
"{0.7705348077988866, 0.26038638524620306, 0.06780106962158407, 2057/181, Sqrt[24814605/708434]/2, 24814605/2833736, 284671421437759/136836582512450, (469815787*Sqrt[173/49629210])/8271535, {2057/181, 4318427/31313, 55395661/31313, 743721203/31313, 10359501061/31313, 148651584347/31313, 2185153194541/31313, 32765573830403/31313, 499524025839061/31313, 7723325446844267/31313}, {0, 49629210/5667653, 2818894722/1025845193, 29618991825894/185677979933, 4058559133162650/33607714367873, 23549880213226783110/6082996300585013, 5130849582775768493082/1101022330405887353, 22109145960107699298136374/199285041803465610893, 6436570586003580581675414970/36070592566427275571633, 23226383072217379258542526991910/6528777254523336878465573}}","{20.956879269167064, 0.16789241236407057, 0.028187862129427116, 23280331/31313, Sqrt[7638297596189/122559082]/2, 7638297596189/490236328, 212710643913421410197888627/116687180335893311414647442, 3648201825919169061/(7638297596189*Sqrt[15276595192378]), {23280331/31313, 17796136003/31313, 13963797331543/31313, 11221149363122683/31313, 9211075888705209151/31313, 7703459951249901703603/31313, 6547712329056347142428263/31313, 5643640434811903138346633323/31313, 4923401026845935576412827392591/31313, 4340204959644546010951673258908003/31313}, {0, 15276595192378/980503969, 7296403651838338122/30702520781297, 425421287826842820395777254/961388033224752961, 593126233088267479893670580883690/30103943484366689467793, 15733372630264112754684769760116589247838/942644782325974147305002209, 39249890916058435189360521365084137692013679922/29517036068973228474561534170417, 702019378910565416509684607904708607741332723876012934/924266950427758703223945319478267521, 2527638141968208063381807888533984419968762385962876200050650/28941571018744408274051399788822990885073, 35717184109642459023344644602739089842025288758688663601145965028398/906247413309943656285371481587414313584290849}}"
"{1.4900920106420157, 0.35290145134202827, 0.12453943435930995, 197264/16487, Sqrt[9692133422/543625851], 9692133422/543625851, 78688004258777384665/23484362567462357521, 262930085267601/(4846066711*Sqrt[4846066711]), {197264/16487, 2654161/16487, 39757553/16487, 654206191/16487, 11636193449/16487, 220037911171/16487, 4358584023413/16487, 89374953418351/16487, 1880569331720369/16487, 40350052873847131/16487}, {0, 4846066711/271821169, 262930085267601/4481515613303, 78688004258777384665/73886747916526561, 9140615865041769046065465/1218170812899773411207, 1935299144042662242766406016181/20083982192278564230569809, 298744613052703339564436027617623381/331124614404096688469404440983, 58014720356845782765742178800183762952185/5459251517680342102795071018486721, 10119159244406399359044534836331894546791804385/90006679771995800248782335881790569127, 1939400432527067198976743904229462222246413257082301/1483940129400894758701674371683081113196849}}","{48.287260304422695, 0.24783740769753954, 0.06142338065423643, 12961059/16487, Sqrt[6878761641026/181208617], 6878761641026/181208617, 35283725808190383492961639/11829340428512677121583169, 8266552961533118458/(3439380820513*Sqrt[10318142461539]), {12961059/16487, 10815017460/16487, 9577318137924/16487, 8975446511828310/16487, 8852535540231563784/16487, 9121853516459151575550/16487, 9741630805370636333136744/16487, 10701104438143413264748018110/16487, 12012962677795939699138090564344/16487, 13709609778304948248819760358175390/16487}, {0, 10318142461539/271821169, 24799658884599355374/4481515613303, 317553532273713451436654751/73886747916526561, 1421387834451908658349771285189230/1218170812899773411207, 12898609884062376895791348507072129346719/20083982192278564230569809, 72814805889997027786225408435734364434095293014/331124614404096688469404440983, 584311676814787977008446156880424112058012491560598191/5459251517680342102795071018486721, 3677938357480434120804786137725667931569122426322458952216670/90006679771995800248782335881790569127, 27953883400133475497555509803597919063606204035566110721911690532799/1483940129400894758701674371683081113196849}}"
"{0.5631083047965321, 0.21715800699483176, 0.0471576000019674, 408537/34213, Sqrt[1311748393/195082526], 1311748393/195082526, 32894797240888914071/10324103079228494694, (1558529130069*Sqrt[3/2623496786])/1311748393, {408537/34213, 5108379/34213, 66516957/34213, 898468995/34213, 12553195437/34213, 180986415219/34213, 2686524416397/34213, 40962016728195/34213, 639990910766637/34213, 10221310588931859/34213}, {0, 7870490358/1170529369, 28053524341242/40047321301597, 197368783445333484426/1370139003691538161, 2692961384453481899330370/46876565733298595102293, 7077405966764375669071631268618/1603787943433344834234750409, 196038592876014713005629888593879922/54870396908685026813673515743117, 299400498007460352811960761689468094231546/1877280889436840822376211994119261921, 13792668693264309375562302084079124116703533890/64227411070302635055957340954802308103173, 14224486267192048651118295548676428254251394189163178/2197412414948264053169468506086651367133857849}}","{10.324971974648964, 0.11523494890598233, 0.013279093449364359, 26601836/34213, Sqrt[2349194445173/292623789], 2349194445173/292623789, 18242666185919568279495908/5518714541231679302999929, -12399974241114478743/(9396777780692*Sqrt[2349194445173]), {26601836/34213, 20958537876/34213, 16701937348274/34213, 13442361942208416/34213, 10913012419507585466/34213, 8927488208550386388336/34213, 7353045998501384684363114/34213, 6093461808288448431281495376/34213, 5077845010766678047978802885306/34213, 4253200828198559097194537933389296/34213}, {0, 9396777780692/1170529369, -24799948482228957486/40047321301597, 291882658974713092471934528/1370139003691538161, -1574383022108071464487601476122150/46876565733298595102293, 14088713886947550835107634592155451073632/1603787943433344834234750409, -100168144129051276181643553996798132229540880486/54870396908685026813673515743117, 852259227679501371785722866382903590449464808244457808/1877280889436840822376211994119261921, -6812443427091568676076082136286020909861320703887556641139910/64227411070302635055957340954802308103173, 58160342813667180444326950492533606007108180815078333340440673052672/2197412414948264053169468506086651367133857849}}"
"{1.170367414795417, 0.3150894812907561, 0.09928138122007774, 24567/2084, 19*Sqrt[663914/17371703], 239672954/17371703, 41120931358206344/14360781219771529, (277879961841*Sqrt[2/331957])/2276893063, {24567/2084, 2546855/16672, 8925549/4168, 534900695/16672, 2115982059/4168, 139866623975/16672, 597624193419/4168, 41929161131735/16672, 187569283043859/4168, 13636331318413895/16672}, {0, 119836477/8686112, 277879961841/18101857408, 5140116419775793/9431067709568, 21788348309863453095/39308690213479424, 5075719927454153108925847/163838620809782239232, -2528503876544504325441429609/341439685767586186559488, 768350164084184928089096293417691/355780152569824806394986496, -1668326299591948990706478582999281325/370722918977757448263575928832, 536518404022290795626819358270763625027617/3090346252598586088725168942743552}}","{31.269733939949983, 0.20144859126435916, 0.04058153492239484, 25692917/33344, Sqrt[26788122260935/17371703]/8, 26788122260935/1111788992, 2153424230528391725974416877/717603494266801296227074225, 23427118577407419354/(26788122260935*Sqrt[26788122260935]), {25692917/33344, 20600830921/33344, 17132938980407/33344, 14739417733104565/33344, 13084542440188060127/33344, 11956111148811653261461/33344, 11216006469925044589947647/33344, 10772313838436869904370484165/33344, 10563042763573245995125958967167/33344, 10546288601884836578391523935592501/33344}, {0, 26788122260935/1111822336, 11713559288703709677/18536301985792, 2153424230528391725974416877/1236148906828496896, 907928928618149961608516192405445/10304537287322350125056, 218118007911206600778270904073834579679475/1374377965233905770279469056, 309358935369312064049164463244101061077653393047/22913629436379677002099308101632, 24637892169434898791589749979139673540452065325706102617/1528064119853287899915998658681634816, 12923817896662165452120097318718075276362895943975900859793205/6368971251548503966849882409385053913088, 2990403053348401054727008693529271799975767706420366904712871336397215/1698935819293066530165139832468281901424050176}}"
"{1.1031084252315382, 0.3096374531439284, 0.09587535238945843, 15268/1327, Sqrt[257012879/5062505]/2, 257012879/20250020, 15450197672302325/5743966954075534, 371337870069/(257012879*Sqrt[22348946]), {15268/1327, 192510/1327, 60279314/30521, 875169942/30521, 13407580274/30521, 214789391310/30521, 3570823251914/30521, 61216050833622/30521, 1076570116681154/30521, 19339915255383390/30521}, {0, 22348946/1760929, 742675740138/53745314009, 30900395344604650/71320031689943, 107374409303037608490/94641682052554361, 2731497033276533850006658/125589512083739637047, 14401652490847132989062826738/166657282535122498361369, 294340634804049324127489221134410/221154213924107555325536663, 1965665101585547084704755542794324890/293471641877290725916987151801, 35562369120747441916684963132538456295058/389436868771164793291841950439927}}","{30.44680897098508, 0.2026730163908506, 0.041076351572966, 22622921/30521, Sqrt[2627755801711/116437615], 2627755801711/116437615, 77570443049044560456995219/27620402213703281402110084, -2336614095353712657/(5255511603422*Sqrt[5255511603422]), {22622921/30521, 17457442449/30521, 13940893268489/30521, 498592693148943/1327, 420921797687184127/1327, 8362024310197865220009/30521, 7369515194885494694686649/30521, 6610724684490022312628803929/30521, 6022537614937767666906534775241/30521, 5561127007058414286232177182812169/30521}, {0, 21022046413688/931531441, -18692912762829701256/28431271110761, 1241127088784712967311923504/867750825571536481, -3602946000140153472752097337776240/26484622947268864936601, 100536373764464585032548915103447196920568/808337176973593026729999121, -507400239353086537413490299305659621078935819096/24671258978411032768826303172041, 9470459546242497006642877154888850661226585024657044544/752991495280083131137347599113863361, -64729043532860897170540607413521319081139565995348296591824000/22982053427443417245442986072554223641081, 971714261609715492805718276334168122450159933950497953784019488296648/701435252659000537748165377920427459749433201}}"
"{0.7936222057877312, 0.22978313255466074, 0.052800288006632785, 579807/38575, (2*Sqrt[2218717222/3306649])/15, 8874868888/743996025, 108591025654301218309/39381648889595178272, 138039017429559/(17749737776*Sqrt[1109358611]), {579807/38575, 9175007/38575, 152109579/38575, 2630032919/38575, 47229278187/38575, 877474304807/38575, 16805907159339/38575, 330682284534359/38575, 6663186054895467/38575, 137078276986144007/38575}, {0, 17749737776/1488030625, 552156069718236/57400781359375, 868728205234409746472/2214235140937890625, 78183932275115876703771228/85414120561679130859375, 12226831709464237335139442899576/658969940133354494580078125, 9129082053422630233146581111907174108/127098827203220748142132568359375, 5107824281265453870148147150920878661344168/4902837259364240359582763824462890625, 1013505622119742992484387778884034964740864865756/189126947279975571870905114528656005859375, 469805865983146731754590151682454296796884273083787384/7295571991325057684920164792942905426025390625}}","{17.984312844839803, 0.13489769141000635, 0.0181973871477493, 38123323/38575, Sqrt[4407862343366/9919947]/5, 4407862343366/247998675, 137201366199956035137638521/58287751314192014652629868, -23826019962411772/(46892152589*Sqrt[6611793515049]), {38123323/38575, 38362538707/38575, 39250440571111/38575, 40774915498856443/38575, 42950300976358090303/38575, 45815567139165619722067/38575, 49433999558151087262969831/38575, 53894190280159725757484014123/38575, 59312247150476078712914773477903/38575, 65835215165771471324593870527250627/38575}, {0, 26447174060196/1488030625, -26875750517600478816/57400781359375, 1646416394399472421651662252/2214235140937890625, -4268724750946008552642111020659128/85414120561679130859375, 27840664014245405288108396089513480572036/658969940133354494580078125, -604518596583735991790689373846305235652719446368/127098827203220748142132568359375, 13741306867391236884461054899131088136790173237051034108/4902837259364240359582763824462890625, -82156164936268460254048410692223117303838243656260628239567496/189126947279975571870905114528656005859375, 1483349989793127729527117207795289428610968208785776584230605725157284/7295571991325057684920164792942905426025390625}}"
"{0.8172088302737278, 0.25058570153803084, 0.06279319381530707, 484509/37229, Sqrt[7370120847/692980606], 7370120847/692980606, 94280707864797381107/36212454199589331606, 105392305656791/(2456706949*Sqrt[14740241694]), {484509/37229, 6701475/37229, 97976793/37229, 1505054787/37229, 24146565969/37229, 402329119995/37229, 6926212969113/37229, 122630407076307/37229, 2223921070625889/37229, 41163302844884715/37229}, {0, 14740241694/1385998441, 632353833940746/51599335959989, 565684247188784286642/1920991678454430481, 65382171561885139613072130/71516599197179992377149, 32075680546486270101941430433074/2662491471511813936208880121, 5752736514950605604898702941546912946/99121894992913321031120398024709, 2211854334411153851003816883156058864204002/3690209028691170028667581298061891361, 491288013112068667195476087192139573422056181570/137382791929143568997265384145546153478669, 168999372631829785599977864448929743707935577407708754/5114623960730085930199192986354537747857368201}}","{21.339528616402724, 0.15835940013695143, 0.025077699611735095, 31679513/37229, Sqrt[12583545622679/692980606], 12583545622679/692980606, 801349564731504407489060033/316691240876087643678274082, 18947997092477970837/(12583545622679*Sqrt[25167091245358]), {31679513/37229, 27633259963/37229, 24691969288613/37229, 22580633079652483/37229, 21107154850169662733/37229, 20136132967085285956363/37229, 19571607130431622759274213/37229, 19345556892343433799481429843/37229, 19410139733746642584640819284413/37229, 19732394219096212976662510873174363/37229}, {0, 25167091245358/1385998441, 37895994184955941674/51599335959989, 1602699129463008814978120066/1920991678454430481, 3559178923178077185278202903262170/71516599197179992377149, 131360107348525366429310448969324835631578/2662491471511813936208880121, 301539922335023833691573130922223373145968260994/99121894992913321031120398024709, 11907364519045631121068967675412479771812665437988125826/3690209028691170028667581298061891361, 26372729167415828764433052035477853997976741687893371385359690/137382791929143568997265384145546153478669, 1143274944939314442834960794396622019612924361315469216538511744285098/5114623960730085930199192986354537747857368201}}"
"{1.4095223681993312, 0.3320164927421751, 0.11023495145281481, 72896/5701, Sqrt[3514513898/195002705], 3514513898/195002705, 9313001947328718837/3087951984808788601, (31810369500111*Sqrt[3/1757256949])/1757256949, {72896/5701, 3104497/17103, 16185677/5701, 826359475/17103, 5026040221/5701, 290767379407/17103, 1950935446857/5701, 121753436865715/17103, 865925721888581/5701, 56530250650458967/17103}, {0, 1757256949/97504203, 10603456500037/185290487101, 3104333982442906279/3169023200888403, 41310010155292071742605/6022200422754928501, 8553604124333997077683078939/102997693830377542152603, 150687332018408594952656392040657/195729950842327455937329901, 28923706855852879842899574774650066359/3347569349256326478896153296803, 570669012698894841977658821136466516379365/6361497620036772418728989981691301, 109157957606594130394699880061647521511942885779/108800693795488918677521915656866321003}}","{58.453074655003405, 0.26597414379940065, 0.07074224516982426, 28263817/34206, Sqrt[56510320110689/1170016230], 56510320110689/1170016230, 8371024645063037583184606401/3193416279012541633212054721, 340186054142689425920/(56510320110689*Sqrt[56510320110689]), {28263817/34206, 25005954263/34206, 23682859760677/34206, 23882392529283263/34206, 25411856561707562437/34206, 28232309601968630085743/34206, 32424524998221940082230117/34206, 38175107770038195720356838143/34206, 45776548046910569120826316376197/34206, 55638145727430218275667219670238223/34206}, {0, 56510320110689/1170050436, 42523256767836178240/5002843151727, 2790341548354345861061535467/456339340927930032, 2908468472360264630613540573939020/1463394702729447625743, 1659256007303564162468930653578922282614049/1601820134450031535557281856, 58995794091897185052735120190585190439251922775/142687134164056715378313497829, 369256656923229248950123673674615612810948999813741275521/1874210346706838018392547138587689216, 21376218819978657545454694693934597960437421584843082411742425/250426715310367583035685419619259755166, 9673625783404670759387398281967993926219445526319761181698077920261401/243657848146671887511286199850564243490366464}}"
"{1.2362307439918778, 0.3039237595247794, 0.09236965160367594, 125524/9379, 2*Sqrt[485120933/117284395], 1940483732/117284395, 1727087295246201497/706026958904371467, 616450858340/(44101903*Sqrt[1455362799]), {125524/9379, 1835125/9379, 28945192/9379, 486336529/9379, 8599988494/9379, 158353915495/9379, 3009499387972/9379, 58622218228789/9379, 1164147332021194/9379, 23473521142334515/9379}, {0, 1455362799/87965641, 20342878325220/825029746939, 5181261885738604491/7737953996540881, 142531305695813389818210/72574270533556922899, 24548117999542991336742959589/680674083334230379869721, 917656951614918756338109797636040/6384042227591746732798113259, 133675207130514891778750996918432853991/59875932052582992606913504256161, 5903956656847387709413938062877683380536030/561576366721175887660241756418534019, 791747429710550667875009403713098215489526884729/5267024743477908650365407433449430564201}}","{39.96754976536753, 0.21593001079764423, 0.046625769563070754, 32158667/37516, Sqrt[235210471639/1716357]/2, 235210471639/6865428, 5484346803190967414112620677/2324989669832130601129140025, 23609777022658022154/(9643629337199*Sqrt[48218146685995]), {32158667/37516, 28851636899/37516, 27018922004663/37516, 26313349205200403/37516, 26536239798812259287/37516, 27589750431513170016899/37516, 29449049853893316402606503/37516, 32146880645949288384228435443/37516, 35766183048758333617976006081207/37516, 40438307941915716728716444743555299/37516}, {0, 48218146685995/1407450256, 59024442556645055385/26400951902048, 5484346803190967414112620677/1980916223114465536, 8118088544999795894768819005247445/18579013256590572262144, 853530354680236622119974047020484798488975/2788041045337007635946377216, 3692915011731980463988081814008001073313251449715/52298073928431589235082143817728, 152712792660123395746029399263909632062884810141978181577/3924029082998079003486683414931767296, 201141685264128052766287321027715233182026241874869107839315725/18401734384719491486850801874322522734592, 29341113407732228006591586437733019063932874259943837817708258550341555/5522875737417091540965557464936670103287627776}}"
"{0.9705247774164383, 0.27249016899862416, 0.07425089220089875, 251889/19271, Sqrt[9421906898/742723611], 9421906898/742723611, 50348659671843250015/22193082398644995601, -53707058595405/(4710953449*Sqrt[4710953449]), {251889/19271, 3536870/19271, 52475967/19271, 812567150/19271, 13013504199/19271, 214135473350/19271, 3602398554567/19271, 61724929615070/19271, 1074024888230439/19271, 18933788794703030/19271}, {0, 4710953449/371371441, -53707058595405/7156699039511, 50348659671843250015/137916747190416481, -1472396624022286108413165/2657793635106516005351, 711636890851085455270857298339/51218341142137669939119121, -34583612995150611028579231693505025/987028652150135037396764580791, 1662472831311603168151613562753031862185/2717289879369321757953292890917623, -775633754133312999314652875956268420802181125/366554252857283397182625351106114589831, 208155649313903189672115629647472698729350606511579/7063867006812708347106373141165934260633201}}","{28.25901251737978, 0.18057351326043594, 0.032606793691216836, 16701410/19271, 2*Sqrt[4547504179517/742723611], 18190016718068/742723611, 54879961339158758132092912/20679794262724583362353289, -7746332654353542657/(9095008359034*Sqrt[9095008359034]), {16701410/19271, 2135200222/2753, 13750639652243/19271, 12957026061735688/19271, 12468205473242914355/19271, 1746309528374041981732/2753, 12189101297008193076278303/19271, 1763380186742436117134761144/2753, 12680423787944826373563432164315/19271, 13201309042659983796636554803178644/19271}, {0, 9095008359034/371371441, -7746332654353542657/7156699039511, 219519845356635032528371648/137916747190416481, -321964727514573460261704376056645/2657793635106516005351, 7207629222350681994243438365933432960224/51218341142137669939119121, -11610995582794455315600632178053665286550594717/987028652150135037396764580791, 38542794272548762132636893194413000756907957845636984/2717289879369321757953292890917623, -406638465133336202475997206709290905782927039118736026324805/366554252857283397182625351106114589831, 10877439616139005124049350142602180335255593566790692352213222483664/7063867006812708347106373141165934260633201}}"
"{1.4702089030911698, 0.362365387122638, 0.1313086737845393, 353577/31579, Sqrt[8207628290/498600831], 8207628290/498600831, 142549756744595786257/67365162146808324100, 32786305502844/(4103814145*Sqrt[4103814145]), {353577/31579, 4478671/31579, 62049165/31579, 917177695/31579, 14224010997/31579, 228891467191/31579, 3793420594845/31579, 64409324294575/31579, 1116120251003397/31579, 19680674532158311/31579}, {0, 16415256580/997233241, 262290444022752/31491628517539, 570199026978383145028/994474136955364081, 27300997008747487917003840/31404498770913442313899, 26895966586661101536939741048340/991722666686675594830616521, 2319378761715952469581408678361276352/31317610091298528609156039116659, 1525945399252368049568242719036692893756708/988978809073116234948538559264974561, 191964944823348739885869076586086601900690485440/31230961811719937583439899163028631661819, 98654140014204097726828685571341407268521377169746100/986242543052303908947448575669281159248582201}}","{58.29403091967834, 0.28402299042509066, 0.08066905909001114, 22819991/31579, Sqrt[21003621360994/498600831], 21003621360994/498600831, 847775399327028922577076545/441152110276003448864668036, 3822397810943540913/(21003621360994*Sqrt[10501810680497]), {22819991/31579, 17820679311/31579, 14815651338167/31579, 12931103269750383/31579, 11718087844576911071/31579, 475483307019118333137/1373, 10450483706981266869443927/31579, 10182269245938181052868561663/31579, 10083260474945503889152990803791/31579, 10122968107482206699055033592300791/31579}, {0, 42007242721988/997233241, 15289591243774163652/31491628517539, 3391101597308115690308306180/994474136955364081, 6450541643266542730658934847512300/31404498770913442313899, 343880501380160632621384585297286137337948/991722666686675594830616521, 1235777977208261931892655136806435478186668722692/31317610091298528609156039116659, 38659374975948622858321536721376556932717271300184468820/988978809073116234948538559264974561, 195231572632639198079305292929425847354054856029712631255619740/31230961811719937583439899163028631661819, 4598464218522105127827939234595493893183537841905642871499858047328908/986242543052303908947448575669281159248582201}}"
"{1.4052407453054998, 0.33573614966346926, 0.11271876219085143, 402191/32261, Sqrt[9116275663/520369930], 9116275663/520369930, 380747822454472522945/166212963927612179138, 57360635021931/(828752333*Sqrt[18232551326]), {402191/32261, 5579187/32261, 84858431/32261, 1389451035/32261, 24063037991/32261, 434456966547/32261, 8090798377871/32261, 154252539537675/32261, 2995309228078391/32261, 59032698319370307/32261}, {0, 18232551326/1040772121, 1261933970482482/33576349395581, 761495644908945045890/1083206607850838641, 107463827063061695368005450/34945328375875905397301, 44850583145835960152066149486226/1127371238734132584022327561, 8862879500919393845115838254596981322/36370123532801851293144309445421, 3229965601822589779702758858326467632826130/1173336555291720524568128567018726881, 769637763096405714947795142622517173553469404010/37853010610266195843092395700591147907941, 264980316645764232577523078634676911520862169246300626/1221175975297797744094003777696771022658084601}}","{54.61991241099618, 0.26467697267761203, 0.07005389986578539, 25153389/32261, Sqrt[11080309165919/260184965], 11080309165919/260184965, 1474933914702753837058176683/491093004849394421884458244, 11265846107984228913/(3165802618834*Sqrt[11080309165919]), {25153389/32261, 20985530977/32261, 18807483227325/32261, 18054031305286393/32261, 18406403794648232709/32261, 19710245981167946522257/32261, 21928410031527285738694125/32261, 25115912160218015605233950953/32261, 29409717045140970092201211483669/32261, 35029278499473782166883258309739137/32261}, {0, 44321236663676/1040772121, 315443691023558409564/33576349395581, 5899735658811015348232706732/1083206607850838641, 77797866251009961984457563260883900/34945328375875905397301, 1252759956842882240389175398970672324796956/1127371238734132584022327561, 19387364955236529620579269152649084502803062370284/36370123532801851293144309445421, 314419531378512322384354793569632252883291180909184309132/1173336555291720524568128567018726881, 5111522219243160558925223617076929458689364674270128769540777820/37853010610266195843092395700591147907941, 84328374742703890738204285998058342566237563511371880694264067515530236/1221175975297797744094003777696771022658084601}}"
"{0.7276954221945604, 0.2405389600363864, 0.05785899129538629, 110590/8793, Sqrt[2830415654/34362067]/3, 2830415654/309258603, 6031867043176626678/2002813193602061929, (-952267207624*Sqrt[2/1415207827])/128655257, {110590/8793, 326971/1954, 20461987/8793, 196801369/5862, 4395073645/8793, 44843376053/5862, 1054995162967/8793, 3758705313483/1954, 276604195935025/8793, 3070207775798893/5862}, {0, 1415207827/154633698, -5237469641932/679847053257, 1005311173862771113/3985263426192534, -32228093747161602423380/52563631959766427193, 10321498510543694644984239587/924384031644452388616098, -61486373342480085228913720383424/1354684798374944975516891619, 44024265966977343037276675353193228459/71470460592665347018320168035202, -1042366094137260735085913848476369843559420/314219879995653198166044618766765593, 23299508124496510553343430697294259287940470683/613985645511506349216451185070259968722}}","{16.0270315777368, 0.13778439340017595, 0.01898453906465445, 824798/977, 8*Sqrt[7264495087/34362067], 464927685568/34362067, 35708510214398667690081/13509859550476067217664, -27768058323672411/(929855371136*Sqrt[7264495087]), {824798/977, 6385729364/8793, 3724632752045/5862, 4962926433486173/8793, 2979460312444364273/5862, 4074248634537076942709/8793, 2503631023918092809047865/5862, 3496259064940474927814865593/8793, 2189654831865436969443814922513/5862, 3111004461835805098656154850086829/8793}, {0, 116231921392/8590761, -3085339813741379/5595448998, 3967612246044296410009/8200130506569, -327266370021686172510657755/5341018336611942, 242555827363368444728360883608467/7827262372304801001, -34165069463633622542860757114444158799/5098156891827860385318, 20399363409366114679093073504214180386773489/7471348924973729394683529, -3639609985321384117774778603111746788074636338835/4866338599799555745737205222, 1976950179496466577234376968281492372992302143248598767/7131619218006248945377874252841}}"
"{0.8626525166178093, 0.2673942780592696, 0.07149969993883798, 410009/33983, 151*Sqrt[263569/577405153], 6009636769/577405153, 210514314474867448357/72231468190633518722, (-55238254685562*Sqrt[2/263569])/907455152119, {410009/33983, 5300493/33983, 72294263/33983, 1030496745/33983, 15248768039/33983, 233021077713/33983, 3661565199983/33983, 58951529187945/33983, 969549432206039/33983, 16247266455084033/33983}, {0, 12019273538/1154844289, -220953018742248/39245073473087, 421028628949734896714/1333665331835915521, -26176811941121991185199000/45321948971779917150143, 22565184687206609673498584763578/1540175791907996924513309569, -2468605513243670959479574537700772888/52339793936409459485735799083327, 1477255882937576092894747336238672048765834/1778663217341002661703759660248701441, -218766234827425969601988077918075149176721244760/60444312114899293452678864534231621069503, 107204996392610602687276525636637760950752173427008218/2054079058600622689402385853466793178804920449}}","{26.92669694246863, 0.1834504618361236, 0.03365407194788704, 27189873/33983, Sqrt[956898445519/44415781], 956898445519/44415781, 624176483791176265725690691/309491266642397370578624018, (-39019748209391484*Sqrt[26/956898445519])/956898445519, {27189873/33983, 22486789081/33983, 19140417484371/33983, 16697288855479573/33983, 14870554818792452523/33983, 13474648991700390392101/33983, 12386870859747719208680811/33983, 11524358382699707501516892613/33983, 10830012807383169921954795061323/33983, 10263726607481322045335700354653221/33983}, {0, 24879359583494/1154844289, -26377349789548643184/39245073473087, 1248352967582352531451381382/1333665331835915521, -3993775109111155578610428025544160/45321948971779917150143, 85741115864857612908472131433559643617414/1540175791907996924513309569, -475068925209660797604834596192545552967236765584/52339793936409459485735799083327, 7160252219734482513733509042519841390083577066658425862/1778663217341002661703759660248701441, -53382720983303061823300232286403792533943559781185691648761280/60444312114899293452678864534231621069503, 676179142621120422897320585635535362014370799284218386123825451360134/2054079058600622689402385853466793178804920449}}"
"{1.0668760222526747, 0.28111977439419317, 0.07902832755544206, 250059/18523, 2*Sqrt[2470734346/686184535], 9882937384/686184535, 30673625367426361291/12209056417008095432, 59376956955399/(9882937384*Sqrt[1235367173]), {250059/18523, 3642551/18523, 56550078/18523, 925940657/18523, 15847690134/18523, 281371763381/18523, 5149589141058/18523, 96645785085377/18523, 1852175500724574/18523, 36124387416821261/18523}, {0, 4941468692/343101529, 59376956955399/6355269621667, 61347250734852722582/117718659202137841, 1371906898335262629542835/2180502724401199228843, 1065779307566897745224751830222/40389451964083413315858889, 28998575046423936194930929065010059/748133818730717064849654200947, 22163311227309985771131680565940223115902/13857682724349072192210144764141281, 612514894504776088941462295736565965019109395/256685857103117864216308511466188947963, 513284042751589463984933376246325668710115865850702/4754592131121052198878682557888217883118649}}","{35.29799220315481, 0.19732181750011873, 0.038935899661550165, 16792336/18523, Sqrt[21957895680962/686184535], 21957895680962/686184535, 267087376208371620568942699/120537295684002413422311361, 1120427673325640649/(10978947840481*Sqrt[10978947840481]), {16792336/18523, 15816093299/18523, 15416289994657/18523, 15488207320065881/18523, 15974508846897740521/18523, 16850369760300370226909/18523, 18115006984148640338466037/18523, 19787046799608590695496088281/18523, 21902298462438136817463594666481/18523, 24513136542154656717564150974546069/18523}, {0, 10978947840481/343101529, 1120427673325640649/6355269621667, 267087376208371620568942699/117718659202137841, -184379397329207612316671339283735/2180502724401199228843, 8705077102013514715400469623444319636031/40389451964083413315858889, -17375945713057951104430953023667504206872220211/748133818730717064849654200947, 331332763338305526495084678436179696376140665036707579/13857682724349072192210144764141281, -1094164518241611275921975223366822643438192102732558102685535/256685857103117864216308511466188947963, 13807554032946266156051535452764658638794679808901569468242777978231/4754592131121052198878682557888217883118649}}"
"{0.7661087223735871, 0.24474496098866483, 0.05990009592934307, 239399/18718, (39*Sqrt[2256999/7150085])/7, 3432895479/350354165, 13004357108766879967/3928257123246213147, -121642619066/(44627641227*Sqrt[2256999]), {239399/18718, 1622630/9359, 46196411/18718, 343375862/9359, 10626702479/18718, 85403996180/9359, 2847376139411/18718, 24574194603002/9359, 876685147009079/18718, 8060168813438480/9359}, {0, 3432895479/350363524, -182463928599/3279052221116, 39013071326300639901/122754598949698576, 159431173200343411350045/574430145785114486392, 726906927795611994345729181299/43008733875223091825141824, 14436682193483061383529803339875251/402518740338212916391502330816, 2398895898565349161147351274866113001983/2152670223328762676861754465203968, 128700682006691594671081270181575623305571525/35256971085234307312311030069726888896, 429349459946678412427891872556636457636836927103919/5279519878187326114174702886761183250842624}}","{29.665022131186838, 0.18346763306459513, 0.033660372382324916, 2356607/2674, 3*Sqrt[20770126059/7150085], 186931134531/7150085, 23806657241088727246279/11647749685682273529987, 6337250360102530/(186931134531*Sqrt[20770126059]), {2356607/2674, 7513779695/9359, 2017855803359/2674, 6831997134189923/9359, 13563117172791935849/18718, 6885682083787883267015/9359, 2037131448256288939473959/2674, 7508383745224616133007588763/9359, 2291894399403063624237106774367/2674, 8676027373329169061828412505212335/9359}, {0, 186931134531/7150276, 9505875540153795/9559919012, 71419971723266181738837/51126446876176, 4059683822479974023791283775/34178029736723656, 35746150133644613548025642816199351/365568206063996224576, 5541120535111322531538769464213200999025/488764691507562952258112, 416316175493280474945518358408047168284667193/53345174901682585075028224, 871017345626910914856209110440366581893109415162615/873700610833482799005081009728, 12575760811003171691133057239516393529807548257597051684971/18690203466949864036316692960101376}}"
"{1.3129528009300906, 0.31454886716717756, 0.09894098983615471, 494668/37277, Sqrt[6052464385/347384363], 6052464385/347384363, 324999119976124713397/146529300526773712900, 183405816630477/(12104928770*Sqrt[6052464385]), {494668/37277, 7213732/37277, 113491300/37277, 1895248900/37277, 33147833308/37277, 600863109772/37277, 11198933083540/37277, 213348461565940/37277, 4136332683615628/37277, 81348787057843612/37277}, {0, 24209857540/1389574729, 733623266521908/51799177172933, 1299996479904498853588/1930917927475423441, 71894134450473876356320620/71978827582501359610157, 92972502250104899299709152471420/2683154755792903182187822489, 6098531945149423033554023746642206468/100019959831692051922415458922453, 7981023112405710794879490477640079580372868/3728444042645984619511881062252280481, 474360127058667739045349362738377580706206567260/138985208577714368661544390357578259490237, 784648180304530996866170654189538906733735640968919500/5180951620151458520596390239359444779017564649}}","{43.23535125398669, 0.22369996082357335, 0.050041672472468254, 32206841/37277, Sqrt[25952931966713/694768726], 25952931966713/694768726, 2360090058119838933221728253/1347109355337667012280048738, (-1219118087587464321*Sqrt[2/25952931966713])/25952931966713, {32206841/37277, 29218726591/37277, 27647183008115/37277, 27087084545254219/37277, 27294537026773209131/37277, 28127917694523091301131/37277, 29512606247837723580329195/37277, 31419902048062779133237811419/37277, 33854587475692847353519433115851/37277, 36847882896983668740162090959012971/37277}, {0, 51905863933426/1389574729, -4876472350349857284/51799177172933, 4720180116239677866443456506/1930917927475423441, 530575753450928757166723362492420/71978827582501359610157, 542252478262767627545981774839131872095906/2683154755792903182187822489, 163243166513684690800155109191390810145216141116/100019959831692051922415458922453, 71970990786370089570246511062228038359778469803351953546/3728444042645984619511881062252280481, 20589755447245457906920258657229555029911276777530087379267060/138985208577714368661544390357578259490237, 10494489358645824069101866528886370617124415419061922643069756059947186/5180951620151458520596390239359444779017564649}}"
"{0.9465899166832664, 0.27306839073911565, 0.07456634602085034, 213447/16814, Sqrt[1132371167/94234063], 1132371167/94234063, 567896623036038245/167251886067775029, -17762343960140/(1132371167*Sqrt[3397113501]), {213447/16814, 2911665/16814, 5986227/2402, 630692745/16814, 9879911757/16814, 160572461985/16814, 2700438876789/16814, 46874979311385/16814, 119657232025851/2402, 15363868153933905/16814}, {0, 3397113501/282710596, -13321757970105/1188373990286, 39184866989486638905/79925281090675216, -161168633816311083324825/167982959532326635228, 686972069661897201259978584021/22595723852612320357788736, -7997839215431950241234133437043435/94981125214455888623964951776, 2058160881368433227788746194387084623815/912578651060492177899055256663808, -54061492417643833399013487850217654074266585/6713042629532363022147687849926054624, 333929720642053638109172827310927261055259872489741/1805969580367314429670259576138506919166976}}","{35.58691202000212, 0.20511580361880266, 0.04207249289418722, 28444159/33628, Sqrt[11346195736793/94234063]/2, 11346195736793/376936252, 506972605886478103926272093/128736157697619648133924849, (-11587305628397950814*Sqrt[3/11346195736793])/11346195736793, {28444159/33628, 25071629845/33628, 22826905368529/33628, 3052376277651679/4804, 20503964880239209009/33628, 20130968865060539373985/33628, 20184144737312444543855209/33628, 20628083654119788247090709113/33628, 21447201636285575440587240301249/33628, 3234475642400731636205847805855975/4804}, {0, 34038587210379/1130842384, -52142875327790778663/19013983844576, 4562753452978302935336448837/1278804497450803456, -9352998995511513920550205617503115/10750909410068904654592, 880172310540805616425974108634745852275119/1446126326567188502898479104, -5190359016373164442172319016964814013400866576653/24315168054900707487735027654656, 27820065723510896557050959366062244524945677991986571311/233620134671485997542158145705934848, -336663255296736803192450057921168069845032044658379557757892115/6874155652641139734679232358324279934976, 46025764233665968287680624277537499567562466112063981376960629809453459/1849312850296129975982345805965831085226983424}}"
"{1.1849958787133732, 0.309196017168926, 0.09560217703312676, 103127/8320, Sqrt[1016715631/4326270]/4, 1016715631/69220320, 3048984717802825117/1033710674319728161, 5593264350606/(1016715631*Sqrt[1016715631]), {103127/8320, 350117/2080, 40938187/16640, 318338789/8320, 804034663/1280, 89979893663/8320, 3229330175287/16640, 30018018955469/8320, 1149699482920579/16640, 11280925979689883/8320}, {0, 1016715631/69222400, 2796632175303/287965184000, 3048984717802825117/4791740661760000, 15059899755892612353207/9966820576460800000, 2602640012829164004346054991/66339157756923084800000, 223117482362514961545950525692149/1379854481344000163840000000, 66195672613002467490528217086801296953/22960778569564162726297600000000, 391910671727823065772139026267747427947927/23879209712346729235349504000000000, 380011301751056564091769610897742019208403656359/1589400198453798297904862986240000000000}}","{38.60896634722138, 0.2208347887381882, 0.04876800391704022, 6586831/8320, Sqrt[2115801749279/4326270]/4, 2115801749279/69220320, 11824208549497272052940477/4476617042252076377019841, -378490549620485538/(2115801749279*Sqrt[2115801749279]), {6586831/8320, 5469007737/8320, 4726928012743/8320, 845591152874841/1664, 3895409154512551591/8320, 3683185681852371922737/8320, 3562711808905715895117163/8320, 703195670428496195059699665/1664, 3531677229578956919904647033311/8320, 3602976984115802774371016332421337/8320}, {0, 2115801749279/69222400, -189245274810242769/287965184000, 11824208549497272052940477/4791740661760000, -1201877855646067744952928982449/9966820576460800000, 17284379039514030833132631928980748639/66339157756923084800000, -23998611474862309456077354682591435390667187/1379854481344000163840000000, 698400568415487920507687787319629951400765170311033/22960778569564162726297600000000, -58913460500312207539920891087437422109921669844678090609/23879209712346729235349504000000000, 5962827222207147479212168948443053590742331366011061818233661591/1589400198453798297904862986240000000000}}"
"{0.7747051933742675, 0.2507332048851561, 0.06286714003198167, 114911/9325, (2*Sqrt[276703093/4637509])/5, 1106812372/115937725, 725151003104581409/229693805027299947, 2045974338529/(276703093*Sqrt[830109279]), {114911/9325, 1505056/9325, 20811197/9325, 302300554/9325, 4596625751/9325, 72970177936/9325, 1206596532077/9325, 55584937198/25, 369228514545731/9325, 6793893663920716/9325}, {0, 830109279/86955625, 6137923015587/810861203125, 2175453009313744227/7561280719140625, 64479021347089965152079/70508942705986328125, 2006524156874359112873762139/131499178146664501953125, 557862360367451148901360752383751/6131149181088232403564453125, 63781830771598708555344775547924654283/57172966113647767163238525390625, 4752368474390095215808087567773439084879503/533137909009765428797199249267578125, 484516000204956871202869643044106458047552816591/4971511001516062623533882999420166015625}}","{28.069603823435184, 0.18537049965452457, 0.034362222142168095, 15234699/18650, Sqrt[2658374112283/4637509]/5, 2658374112283/115937725, 61813657710847651358878699/21200858762569284874416267, 405228122068336016/(2658374112283*Sqrt[7975122336849]), {15234699/18650, 12872449113/18650, 448691498133/746, 2011258761016053/3730, 9257071564794103869/18650, 8737293048606767226633/18650, 1689369902073745225018137/3730, 1671464941190759622907916949/3730, 8455813478462031413535074835069/18650, 8741390604334743452920333447326153/18650}, {0, 7975122336849/347822500, 151960545775626006/810861203125, 185440973132542954076636097/120980491506250000, 9775740823738064276143626569328/70508942705986328125, 1370804488803352020008614450699795875549/8415947401386528125000000, 1574154756323394182964501541265094469578256959/49049193448705859228515625000, 319351712767432542897110078051874818415816838347041793/14636279325093828393789062500000000, 13062840412513971398047829971036013407627774596627924430989/2132551636039061715188796997070312500, 16738214418835557533995168398383630185790245162339866655359896108241/5090827265552448126498696191406250000000000}}"
"{0.9873508189996297, 0.27638577571209333, 0.07638909701597556, 457568/35401, Sqrt[799650847/62659770], 799650847/62659770, 160883261463488186813/63944147710781740900, 30063081828807/(3998254235*Sqrt[3998254235]), {457568/35401, 6365964/35401, 94152248/35401, 1465312020/35401, 23797077128/35401, 400499385444/35401, 6944999157368/35401, 123501830633940/35401, 2243391682623848/35401, 41492241540384324/35401}, {0, 15993016940/1253230801, 240504654630456/44365623586201, 643533045853952747252/1570587440575101601, 20622759273228631512466440/55600365983799171777001, 35906499351565204992555594363140/1968308556192474480077612401, 1635117735976013873211448433459076216/69680091197769789069227556607801, 2367840487860856495913130507750472598471732/2466744908492248302839724731472763201, 127310198470252353611048842067609384789907124200/87325236505534082168829095218867290078601, 172959708420632042877569076033616648147068544711075940/3091400697532412042858718799843120936072554001}}","{18.960945473501432, 0.1506525719789817, 0.02269619744388226, 29574841/35401, Sqrt[827131247693/2088659]/5, 827131247693/52216475, 23709329758401219010808953/10946337614562862685155984, -5851956120933972445/(6617049981544*Sqrt[4962787486158]), {29574841/35401, 25268279713/35401, 22018637201587/35401, 19518016212076741/35401, 17558632829330263891/35401, 15998161465642858693693/35401, 14737581153859956660670747/35401, 13706882913809297479232153221/35401, 12855756485822787976378311122371/35401, 12147456282594729964021073642583373/35401}, {0, 19851149944632/1253230801, -35111736725603834670/44365623586201, 853535871302443884389122308/1570587440575101601, -3107535270834570406728748382991870/55600365983799171777001, 48454951949616796710510023347958133940572/1968308556192474480077612401, -244500462509271972702327308542989244659277473030/69680091197769789069227556607801, 3135521285762305770097456920883724320979840240991298788/2466744908492248302839724731472763201, -19015016607273336339739361881337709774346446894989257204465710/87325236505534082168829095218867290078601, 218375633916873862108452270112881246463432519190148707279940588770412/3091400697532412042858718799843120936072554001}}"
"{0.7754072964495964, 0.26568644614012055, 0.07058928766256718, 328236/29881, Sqrt[253498523/7440369]/2, 253498523/29761476, 469252058862564173/181872173103343950, 9223291890343/(1267492615*Sqrt[7604955690]), {328236/29881, 3860106/29881, 48055794/29881, 627648342/29881, 8535053706/29881, 120052275126/29881, 1736914208154/29881, 25726992830502/29881, 388612528497546/29881, 5967432451769046/29881}, {0, 7604955690/892874161, 55339751342058/26679972804841, 149222154718295407014/797224267381453921, 376224690235695203652450/23821858333625224613401, 4098213942968470901853975074070/711820948867055336673035281, -47285612282038751402038750812912222/21269921773096480515126967231561, 132909948989406050505312379980054734809494/635566532501895934272508907846274241, -3734985189540324853041957810476733101180738430/18991363557689152411996838675354520595321, 4754847966090441201647940650500812264936796539316950/567480934467309563222877536458268429908786801}}","{18.854377678069444, 0.16212396602716975, 0.02628418036037889, 21434477/29881, Sqrt[6037757846867/12400615]/6, 6037757846867/446422140, 192360335290351090402041449/72909039634808063643431378, 912274958363605827/(6037757846867*Sqrt[12075515693734]), {21434477/29881, 15779670023/29881, 11901015527381/29881, 9179580155790407/29881, 7229522178898953197/29881, 5804844696047389003343/29881, 4745247077980017048889541/29881, 3944071318566018353095395767/29881, 3328947771033802898779290760157/29881, 2849871602148497307822560095796063/29881}, {0, 12075515693734/892874161, 1824549916727211654/26679972804841, 384720670580702180804082898/797224267381453921, 329227714611746863349315918063670/23821858333625224613401, 16355896868198946768235430527964829185434/711820948867055336673035281, 28237734314288555132622647145001071146777305134/21269921773096480515126967231561, 799411944608593859316269212001979755972472061036021138/635566532501895934272508907846274241, 2075564842283369659617281135716432727147920182146299890019590/18991363557689152411996838675354520595321, 42350864135307623940758027173504153447171476573738424385547702791434/567480934467309563222877536458268429908786801}}"
"{0.9134535580601763, 0.26236187837945374, 0.06883375522679527, 508430/38313, (5*Sqrt[88965673/2265197])/9, 2224141825/183480957, 45400045148919251607/9893613715428661250, 674408248890997/(44482836500*Sqrt[177931346]), {508430/38313, 7211500/38313, 2554964/891, 1802288272/38313, 31788560420/38313, 599169813760/38313, 11955418884212/38313, 249843314172832/38313, 5413254177658340/38313, 120566774908405120/38313}, {0, 17793134600/1467885969, 2697632995563988/56239115130297, 484267148255138683808/718229739329022987, 467639903329987167153090020/82552608008738573102793, 203643935590072242861384278036080/3162838070638800951287308209, 26725266959682191980145717126554025836/40392605000128126948890213137139, 34213981254338591672521093838917336621267424/4642685626109726783378492207769619521, 14366355680851690895119869287801163614214303865060/177875214393141962251580171956277432708073, 688612353515831966668907688873556218329273816482162640/757214787671605333304976792017873031038266761}}","{28.36131669148607, 0.18401041985658084, 0.03385983461579516, 248770/297, Sqrt[45051366565/52679]/6, 45051366565/1896444, 17407325901361465537977/4059251258747999798450, (2685250206351709*Sqrt[43/90102733130])/45051366565, {248770/297, 3087792130/4257, 8328196750702/12771, 288822522043458/473, 7616403002601877190/12771, 2584821008593949720410/4257, 912022674739410635593838/1419, 2998476473133892368611014402/4257, 10155777041342971717884345256630/12771, 435272941434249998405942620346010/473}, {0, 90102733130/3792987, 5370500412703418/1126517139, 269881021726534349426/111525196761, 90161438713857985264984090/99368950314051, 11782579084750329828686446677310/29512578243273147, 499006213186466529332323642442322806/2921745246084041553, 197180886345077359362261872630254131294998/2603275014260881023723, 607355566958935159342606917740315101999769630/17980759982220503815017, 389572242532834219198078139385522448791585165728510/25514698414770894913509123}}"
"{1.8103373379019538, 0.3475727227295892, 0.1208067975856599, 568351/37927, Sqrt[19511164130/1630861]/21, 19511164130/719209701, 1022858187919520253703/380685525707798656900, 980933927539023/(19511164130*Sqrt[9755582065]), {568351/37927, 9545843/37927, 176612287/37927, 3537369827/37927, 75501260551/37927, 1694822261963/37927, 39598115238367/37927, 955348742787347/37927, 243908568928663/391, 598734810740041883/37927}, {0, 39022328260/1438457329, 3923735710156092/54556371116983, 4091432751678081014812/2069159487353814241, 977617275022506720865727460/78477011876868112718407, 657738846120949745395268142268660/2976397629453976911071022289, 237329254040025241928268458036168880732/112885832892300982306190662354903, 136398750927051455911205671939378577344418572/4281420984106299355926893251134406081, 60120664345740088051831815844595422304742882838740/162381453664199615672239280335774619434087, 32689801020080888731794587935629021168706776409713817060/6158641393122098823601019185294923991276617649}}","{64.1529554868293, 0.2601003242503878, 0.06765217867515688, 35965274/37927, Sqrt[43752924508865/1630861]/21, 43752924508865/719209701, 1446136351868570603862451531/765727361231375840585435290, 1431685862680122789/(673121915521*Sqrt[87505849017730]), {35965274/37927, 36412233578/37927, 39034004726126/37927, 43872322731681842/37927, 51211032491256091814/37927, 2677411775623220513206/1649, 75794574262032629802115886/37927, 5589485065096295875489143586/2231, 120891380061056295258591418605494/37927, 155656872993590685481228790193477098/37927}, {0, 87505849017730/1438457329, 186119162148415962570/54556371116983, 14461363518685706038624515310/2069159487353814241, 72002678489869685038257548299467450/78477011876868112718407, 2994180121837954880633083459618955863534390/2976397629453976911071022289, 23727357668102958115230456722696910036310174627890/112885832892300982306190662354903, 707752060855396077325143018282495544351047197725689294190/4281420984106299355926893251134406081, 7479986235093730321199130603693043531305077659130976372302270730/162381453664199615672239280335774619434087, 183133829227542539934025844309613663743812318933516467498476439286378150/6158641393122098823601019185294923991276617649}}"
"{1.1367472488757044, 0.29648302667192905, 0.0879021851045478, 38201/2954, Sqrt[769640890/52355219], 769640890/52355219, 365228788131065301/148086774889998025, (-406680601062*Sqrt[3/384820445])/384820445, {38201/2954, 806156/4431, 8057687/2954, 190438814/4431, 297447583/422, 52948569371/4431, 615509945367/2954, 16495005056804/4431, 200695552058261/2954, 5598862769241461/4431}, {0, 384820445/26178348, -67780100177/12888473332, 121742929377021767/228435301336368, -22690526364743765405/56233156678969256, 54607560498618726100767425/1993352937956102186688, -24737242106391625109482618107/981394096453720976579392, 4141096607095503261377118002944541/2484889852220821512699020544, -3057901330275348773772043554804614645/2140939681842589468316264450368, 16915102818927835132793820775226819572389605/151784059683912222945749884473289728}}","{38.758602565455945, 0.2123504448372905, 0.04509271142259515, 15234335/17724, Sqrt[10465045026455/314131314], 10465045026455/314131314, 50682253336498754702138217/21903433481146106329973405, -13271621964208930586/(10465045026455*Sqrt[10465045026455]), {15234335/17724, 6842417285/8862, 6367654891057/8862, 3047906344054195/4431, 5970412643499848665/8862, 2979104326202426114530/4431, 6039734010310533180227407/8862, 3102030052387709380323459355/4431, 6445841172134568713683090983085/8862, 3381814069775552780944349280353380/4431}, {0, 10465045026455/314140176, -6635810982104465293/2783910239712, 84470422227497924503563695/32894683392436992, -178568868457017866070855575087605/437269026335664934656, 8154095065752301318392790217611792377955/31000624891093301207371776, -5567944923872780545116218540007458040554370781/91575845928289611766576226304, 43288458424540927159110117919971448362560534469039455/1391220251342575781957826030010368, -190061587883314498258782828499111821576328818765527095484485/21575739267946336514492944986415792128, 1361377921597918709870170976880480169202196829200624828046430319095/339918580253405216340331517279318666379264}}"
"{1.1093931920602327, 0.2891108004760684, 0.08358505495191304, 226869/17093, 10*Sqrt[5735945/38954947], 573594500/38954947, 7438932560707731269/3084474847783593750, (7554907288093*Sqrt[2/3441567])/17924828125, {226869/17093, 3262827/17093, 50297475/17093, 821881743/17093, 14084775399/17093, 250719662547/17093, 4598021130555/17093, 86301883594263/17093, 1649265678474159/17093, 31964840870324667/17093}, {0, 4301958750/292170649, 90658887457116/4994072903357, 44633595364246387614/85363688137081201, 1701945363535952920451760/1459121521327128968693, 588128871455824196516011314210/24940764164044615461869449, 29040263229805936661674164090223596/426312481856014612089734491757, 8723980830293986648662394162187889048054/7286959252364857764449831667602401, 498645057435439332627229000941581320283246760/124555994500672513767740972694327840293, 139600876449893822168119647646932730632273122876970/2129035613999995277831996446264145774128249}}","{44.88216691154042, 0.22736097755450124, 0.051693014114538416, 29681801/34186, Sqrt[9108138908905/233729682], 9108138908905/233729682, 5048621093047662015207647033/2073954859597729097207475625, 24840372175106827668/(45540694544525*Sqrt[1821627781781]), {29681801/34186, 27103200291/34186, 25951729323071/34186, 25948330191331599/34186, 26958561300622098431/34186, 28950898602863067470151/34186, 31974947726073250271900711/34186, 36152312417144591761188590319/34186, 41676220214751210696469153597871/34186, 48817967517448182828192139731455511/34186}, {0, 45540694544525/1168682596, 31050465218883534585/9988145806714, 5048621093047662015207647033/1365819010193299216, 3726968980719051082145500230771285/5836486085308515874772, 752166209683052037662606082931340116465925/1596208906498855389559644736, 1533863133200342642678849882552243462150900367315/13641999419392467586871503736224, 126595856243421674400533780562739385352591318072610857713/1865461568605403587699156906906214656, 76870390000790814373097062811409910870496469187157595088853325/3985791824021520440567711126218490889376, 22649330190454212550708010384529010963797527594122061513450378523273725/2180132468735995164499964360974485272707326976}}"
"{0.8260928453846923, 0.25462874178205236, 0.0648357961415111, 452584/35521, Sqrt[6640044941/39428310]/4, 6640044941/630852960, 252810223665631487117/88180393636999386962, (-37852140883530*Sqrt[2/6640044941])/6640044941, {452584/35521, 6140378/35521, 87643528/35521, 1305469082/35521, 20175362464/35521, 322030973378/35521, 5288119247368/35521, 89028815364362/35521, 1531945227655024/35521, 26868728553944978/35521}, {0, 13280089882/1261741441, -151408563534120/44818317725761, 505620447331262974234/1591991463936756481, -14922407788268884343895600/56549128790497526961601, 26564523050491252409439725462722/2008681603767262655203029121, -1155673716838389310368081262649744040/71350379247416936775466797407041, 1622713913859348611855584507801899655296394/2534436821247497011201356110695503361, -83325816782428359735389949847582948070985438240/90025730327532341334883370408014974886081, 108405675291425670874338202350951096663859514678882962/3197803966964276296556392200263099922928483201}}","{30.989708118391246, 0.19165230298715263, 0.03673060524027935, 29969161/35521, Sqrt[5498114467503/13142770]/4, 5498114467503/210284320, 67636452734068671059959879/20152841798510531495370006, (-7897399804352802185*Sqrt[2/1832704822501])/16494343402509, {29969161/35521, 26213769259/35521, 23608625584555/35521, 21793303005996295/35521, 20557128728678452411/35521, 19772014687963541310559/35521, 19358114757865047647712115/35521, 19265583589319861011791268135/35521, 19464505784708407099013912704651/35521, 19939139124712011526670613159019759/35521}, {0, 32988686805018/1261741441, -94768797652233626220/44818317725761, 3652368447639708237237833466/1591991463936756481, -24216198892931440684563615746260620/56549128790497526961601, 574269960007864217374808499890396564698458/2008681603767262655203029121, -5521073966265563636431828161499492295354066563740/71350379247416936775466797407041, 105105208338639143403191982765483399191573984494322175546/2534436821247497011201356110695503361, -1229441885607015969803509132144048606354663137241747055668257900/90025730327532341334883370408014974886081, 20897678003630424581174567238963694887256339176387768494017508102207898/3197803966964276296556392200263099922928483201}}"
"{2.5555262923261446, 0.4540513640249097, 0.20616264117288105, 201467/16253, 2*Sqrt[4183834069/528303765], 16735336276/528303765, 40885150239046420337/17504467516925096761, 481679969892813/(8367668138*Sqrt[8367668138]), {201467/16253, 3012159/16253, 51924746/16253, 986861385/16253, 20013004502/16253, 424231591929/16253, 9286013934806/16253, 208390232082945/16253, 4774008924569702/16253, 111350498015622249/16253}, {0, 8367668138/264160009, 481679969892813/4293392626277, 163540600956185681348/69780510354880081, 20107003807326016733364465/1134142634797865956493, 4837304070486486527284028352668/18433220243369715390880729, 834684966135751779222698883135422793/299595128615487984247984488437, 188253187315884385479412094958139089967628/4869319625387526207982491890566561, 38678746799797507975049352547580451775005680625/79141051871423463458339440697378315933, 8880763242600809352260414644221380953859932202542748/1286279516066245551588390929654489768859049}}","{111.68243501943151, 0.3804653361641761, 0.14475387202251952, 12539731/16253, 8*Sqrt[711284411671/528303765], 45522202346944/528303765, 800113684938541833486099283/259033863314514227718267392, 120921455931005573643/(91044404693888*Sqrt[1422568823342]), {12539731/16253, 11075244861/16253, 11163627264070/16253, 12546222130069023/16253, 15236365859704063006/16253, 19457079832915991115411/16253, 25636287391769890909205770/16253, 34441800318847643247070601583/16253, 46852368835507888766484039126886/16253, 64269665823427698614928733540316811/16253}, {0, 22761101173472/264160009, 120921455931005573643/4293392626277, 1600227369877083666972198566/69780510354880081, 13864578167809710707262676018580355/1134142634797865956493, 150991122537935698839572948378054298023882/18433220243369715390880729, 1482779826730821030976681281772790334681872861343/299595128615487984247984488437, 15576107701121190481119722050154965048922629294979624006/4869319625387526207982491890566561, 159234081269036987797987080680345326957347465312610127830285035/79141051871423463458339440697378315933, 1664979881468647364471557378496445933847967866631980837896431232440642/1286279516066245551588390929654489768859049}}"
"{0.9773675005840836, 0.2756918389538364, 0.07600599006574808, 438842/34127, 2*Sqrt[1829622443/582309001], 7318489772/582309001, 78172898218874190185/26780146271434305992, 217714380999279/(7318489772*Sqrt[3659244886]), {438842/34127, 6072004/34127, 89858612/34127, 1412842120/34127, 23423742452/34127, 406250946544/34127, 7313981827052/34127, 135735651807400/34127, 2581068504773252/34127, 50038763725842784/34127}, {0, 14636979544/1164652129, 870857523997116/39746083206383, 625383185750993521480/1356414581584232641, 77039287059751097162848740/46290360425725107339407, 38795937856941396591210131371264/1579751130248720738171942689, 6024786697988686041948802503116594076/53912166821998092631593888147503, 2759645798700151437302085950697958472417560/1839860517134328907238404620809834881, 463386492823744335592259320806737938594752393300/62788919868243242617325034494377234983887, 209132902141620021678908022785470020946052932487753584/2142797468343537140801451452189611898295111649}}","{30.129696560610096, 0.1915486224067502, 0.03669087474592376, 28024302/34127, Sqrt[14407378078991/582309001], 14407378078991/582309001, 1296255857782235154106806563/415145086221980794871156162, (39709963109885235633*Sqrt[2/14407378078991])/14407378078991, {28024302/34127, 23857246718/34127, 21114105623208/34127, 19447720234042202/34127, 18625409855336915712/34127, 18495418017111792404138/34127, 18964471070998129250969568/34127, 19982875845265630374985672202/34127, 21534796883530304691443307636192/34127, 23632154116560040659571876008262058/34127}, {0, 28814756157982/1164652129, 158839852439540942532/39746083206383, 2592511715564470308213613126/1356414581584232641, 25959602158993857400087524959515260/46290360425725107339407, 338699685692831831956331261164912165521022/1579751130248720738171942689, 3942585201583963647949847715520637779399867698372/53912166821998092631593888147503, 49597108249063664420550832015301505591287935353477515446/1839860517134328907238404620809834881, 604946414654950277736773512333153850532849290718032158002768780/62788919868243242617325034494377234983887, 7586979641396185556112070847136951963921238854785072823976546021881262/2142797468343537140801451452189611898295111649}}"
"{1.190668705127283, 0.30855273480956863, 0.09520479015846399, 209257/16732, Sqrt[4168749619/279951458], 4168749619/279951458, 38461651368248176117/17378473385912645161, 62785717965030/(4168749619*Sqrt[4168749619]), {209257/16732, 2866199/16732, 21150989/8366, 662578133/16732, 5435254931/8366, 184834324589/16732, 1615136114819/8366, 57662710350413/16732, 523227296733371/8366, 19240391628303629/16732}, {0, 4168749619/279959824, 31392858982515/2342143887584, 38461651368248176117/78377503054110976, 262006929575484341949135/327853095275346212608, 448473123959230560316866004039/21942551960588371317428224, 8037074221346416157950289460137985/183571389702282314441604521984, 5876440917213048693082845495408218149417/6143032984997175370473853723672576, 31511234457274041282700247483835600158123655/12848153488121592287346065063061192704, 83017584737844056652116424054202087399167564898459/1719802433306003857214994885081119010586624}}","{44.97335844934596, 0.23225874804532506, 0.053944126043581786, 3487378/4183, 8*Sqrt[82004794242/139975729], 5248306831488/139975729, 90156933381015110352899/47820702426117378521344, 17276374785815381/(249919372928*Sqrt[41002397121]), {3487378/4183, 3064270540/4183, 5653128331577/8366, 2720557757480281/4183, 5426361643407134201/8366, 2784408736315012839955/4183, 5845412639021253344458277/8366, 3122266979945416869949620001/4183, 6762673488367049555154977600321/8366, 3701207801886484290024476287582495/4183}, {0, 656038353936/17497489, 362803870502123001/146383992974, 811412400429135993176091/306162121305121, 804510498582586726077639998325/2561352306838642286, 1248749780753179331465764239530263491/5357068349753020341169, 1542089483730706311429966429798269714349501/44817233814033768174219854, 2145067482773781571041313876166238171158134805391/93735244522051626136380824641, 2943835440295533883497060168604364907367733533195100565/784189055671483904256961978946606, 3927024512002071413986813399377136579583149883473246542889371/1640131409936908585753435978966826449}}"
"{1.2696345617948035, 0.32022710916580077, 0.10254540144468569, 450465/36383, 3*Sqrt[1155989405/661843153], 10403904645/661843153, 15724521250778394499/2672623008944508050, 137498543799311/(2080780929*Sqrt[2311978810]), {450465/36383, 6149205/36383, 93412545/36383, 1588208949/36383, 30114383385/36383, 627955045245/36383, 14116703998545/36383, 335411041375269/36383, 8287491867539145/36383, 210443591538591885/36383}, {0, 20807809290/1323722689, 4124956313979330/48161002593887, 2547372442626099908838/1752241757373390721, 1091555325275006535677276610/63751811858516074602143, 581202783667594551563453362260510/2319482170848390342249768769, 296096650152567589326133845144035421930/84389719821976985822073337122527, 158036454322465432384734058629074340114244038/3070351176282988675164494224528899841, 84292380712541079647372321416548103515813188338290/111708586846703976968509793371034962915103, 45578353941626261234593097606495451422715131947079874030/4064293515243630794045291812218365055740192449}}","{38.19955730839244, 0.21691438087697085, 0.047051848631239575, 29537936/36383, Sqrt[20525561613155/661843153], 20525561613155/661843153, 3243209820944679420946035671/842597359070844171738108050, (71989739849181362268*Sqrt[2/20525561613155])/20525561613155, {29537936/36383, 25109001082/36383, 22434607632272/36383, 21109352265890578/36383, 20901727403201373776/36383, 21704537699699567988322/36383, 23506437345819362712432992/36383, 26377686871372597016375197138/36383, 30466134257808182393986967779376/36383, 36001286117408775481865027504221762/36383}, {0, 41051123226310/1323722689, 287958959396725449072/48161002593887, 6486419641889358841892071342/1752241757373390721, 89576350600416370158974524896461040/63751811858516074602143, 1597524381660195663127656062813852571709150/2319482170848390342249768769, 25883442202680810607199780960656825023185660642112/84389719821976985822073337122527, 448010112693805640508891854330475161971106008914273840622/3070351176282988675164494224528899841, 7613542589704170043276336204986036846630661928193679202485907280/111708586846703976968509793371034962915103, 132194593175168266660617625690241781771389811941962348627346632108449790/4064293515243630794045291812218365055740192449}}"
"{0.7956372743289984, 0.22723880997973533, 0.05163747676100626, 685169/44468, Sqrt[24241006987/494339639]/2, 24241006987/1977358556, 1214844763956292891333/587626419743782818169, -387390233050194/(24241006987*Sqrt[24241006987]), {685169/44468, 11102311/44468, 187669001/44468, 3284651311/44468, 59147369969/44468, 1090156566631/44468, 20482603582121/44468, 391068700451551/44468, 7568812252106849/44468, 148209550918128151/44468}, {0, 24241006987/1977403024, -193695116525097/43965578835616, 1214844763956292891333/3910122719324344576, -11676875158612301465016645/43468834270728738651392, 80524939977999776799130329528367/7731888489403062201400397824, -2591513738169744174929324816395650147/171910808673387684985936445218816, 6236050546649313060158680099723055092646473/15289059680176407151909243691980619776, -72073379271647052917337394121890043513035672125/84984238232260559153887531061874275024896, 535183391699492634660944403918585095443876754262304147/30232632845697300355640565850075402094456602624}}","{23.081326245487716, 0.1505977538829543, 0.022679683474590876, 11313875/11117, Sqrt[11612078583998/494339639], 11612078583998/494339639, 75757897761955993568683502/33710092260236249185416001, (-74470653084308736*Sqrt[2/5806039291999])/5806039291999, {11313875/11117, 23550739797/22234, 25030237341301/22234, 27122022744399927/22234, 29912826072098143825/22234, 33524863145847749952807/22234, 38122733019047642566144801/22234, 43923123891543475199021177487/22234, 51207987878974380574691846314945/22234, 60342107015119673895663038305932567/22234}, {0, 5806039291999/247175378, -37235326542154368/1373924338613, 37878948880977996784341751/30547833744721442, -233608411391693658909823076400/169800133870034135357, 334651702910572697751328804114580384599/3775336176466338965527538, 13377406005628488871759721710946160288734172/20985206136888145139884819973, 3433199224518237397474290184383725308787873950951351/466585073247571019040199087279682, 396159253802765617141742607743936718095854599880383877560/2593513129646623509334946626644112397, 38359631486008939373428402279482272216839530866545689996892520599/57664170924563027106553203296805195034898}}"
"{0.6258841752500399, 0.21616880975438862, 0.04672895431062906, 250078/18671, (2*Sqrt[487050683/25821993])/3, 1948202732/232397937, 3677650397022063296/711655103432299467, (15143753216119*Sqrt[3/974101366])/974101366, {250078/18671, 3506042/18671, 51543355/18671, 797093432/18671, 13007624923/18671, 224332239092/18671, 4082840235295/18671, 78052823161832/18671, 1556433386315923/18671, 32118115368307292/18671}, {0, 2922304098/348606241, 136293778945071/6508827125711, 44131804764264759552/121526311264150081, 5225509066976137633408515/2269017757612946162351, 1101490434803472546539270667888/42364830552391317797255521, 171309574836101260539228047809781331/790993751243698294592557832591, 32568026698108938565048577198583718729992/14768644329471090858337647292306561, 5603406829011403244734570513608814396786488915/275745358275554737416022212594655800431, 1041990118148749591105788213906337811854190027876928/5148441584362882502294550731354818449847201}}","{11.03761797095469, 0.11238770754311321, 0.012630996806796345, 16315685/18671, Sqrt[6724602452290/8607331]/9, 6724602452290/697193811, 8652384485209419708106099/2261013907067234086312205, 862314629144020647/(672460245229*Sqrt[3362301226145]), {16315685/18671, 14437570470/18671, 12943392465935/18671, 11762215290311070/18671, 10840254813507013235/18671, 10137019082227985407050/18671, 9622435233116384883557375/18671, 9274718888522853310138755750/18671, 9078806444812003281235339165835/18671, 9025218157091718806445448256976930/18671}, {0, 3362301226145/348606241, 4311573145720103235/6508827125711, 43261922426047098540530495/121526311264150081, 152996851805806191747103890038535/2269017757612946162351, 955017101896265789366174058233186937575/42364830552391317797255521, 4560129700845586874594287749215732915674602375/790993751243698294592557832591, 25756722076185816420683628277866231725569815673916375/14768644329471090858337647292306561, 135804402457133739461614397435325310381483524426167247250935/275745358275554737416022212594655800431, 755568900631980510142701044310470192307684379324595044370043636455/5148441584362882502294550731354818449847201}}"
"{0.6989847932022248, 0.24541046692811413, 0.060226297277875, 406476/35023, 5*Sqrt[199009393/613287753], 4975234825/613287753, 26376097206378555767/9901184625557112250, 115510078143633/(24876174125*Sqrt[398018786]), {406476/35023, 5001662/35023, 64832298/35023, 879947930/35023, 12435613866/35023, 182038739042/35023, 2747267602338/35023, 42565842853850/35023, 674615208263226/35023, 10902208797447122/35023}, {0, 9950469650/1226610529, 231020156287266/42959580557167, 263760972063785557670/1504573389853659841, 13682925319355852981527170/52694673832844728611343, 10266488576812298332186344187790/1845525561647720930155065889, 742075311273668389436545110837439146/64635841745588130136820872630447, 485462617113981096060028695411938844169670/2263741085455733081781877422136145281, 41161465207265367149888496352056522557075497650/79283004035916139723246692955474216176463, 25708208391875627078989976789094631907999796339432830/2776728650349890961527268927379573473148263649}}","{21.173478855433594, 0.1672405901955017, 0.027969415008939735, 26513202/35023, 2*Sqrt[2457566944459/613287753], 9830267777836/613287753, 119032334156150154439076659/48317082291980364726421448, 68290688876542395/(2457566944459*Sqrt[4915133888918]), {26513202/35023, 20632453412/35023, 16470049455240/35023, 13457507982619928/35023, 11231960179113975192/35023, 9556658333213407272032/35023, 8273825973304643643534960/35023, 7276149727249001829522903608/35023, 6489210244704019345705081872552/35023, 5860448322411027294246694677790352/35023}, {0, 19660535555672/1226610529, 1092651022024678320/42959580557167, 952258673249201235512613272/1504573389853659841, -27204749733578276215683055470840/52694673832844728611343, 61138298356087221419682063413749028237792/1845525561647720930155065889, -43675293366015280956346565260550194553176288560/64635841745588130136820872630447, 4504988476117746144837924038538765709091033157535550792/2263741085455733081781877422136145281, -8186399191270577283169847662841317127449262608132448026804200/79283004035916139723246692955474216176463, 362682052261499456650492848411592209815821269158262056288683582019312/2776728650349890961527268927379573473148263649}}"
"{0.6817271561530324, 0.23860817200408999, 0.05693385974713339, 418947/34988, Sqrt[9992551243/306031289]/2, 9992551243/1224125156, 289776242035106293957/99851080343980845049, -404658967837134/(9992551243*Sqrt[9992551243]), {418947/34988, 5302079/34988, 69996183/34988, 955872119/34988, 13428176007/34988, 193306359479/34988, 2843373022263/34988, 42636636526679/34988, 650513064502887/34988, 10081412609391479/34988}, {0, 9992551243/1224160144, -202329483918567/21415457559136, 289776242035106293957/1498568058158100736, -6893655351427987517872395/13107974804708907137792, 12488414100385770824403577029103/1834487289868620971748265984, -912394093364015578544691637920188877/32092520648961655279764165124096, 666546195733541097755173040541412223007817/2245706224931740789856777218723741696, -15724697436147833287636887777086087027131705875/9821596174738968344438615166088284307456, 40723677928110442490994329099202004316720676122650963/2749104055694136195481746139448775130794164224}}","{22.65282776942824, 0.16889334212592683, 0.028524961014465368, 27785389/34988, Sqrt[22021434674115/306031289]/2, 22021434674115/1224125156, 150249026839194057794564781/53882620567368268472337025, -15232960237845099934/(7340478224705*Sqrt[22021434674115]), {27785389/34988, 22694903297/34988, 18985275353863/34988, 16210420612630109/34988, 14088320646592725919/34988, 12434568681328299988397/34988, 11124816591767516460286543/34988, 10072886199046940688804020429/34988, 9217602658608777777727491373279/34988, 8514625474693099891230547781053997/34988}, {0, 22021434674115/1224160144, -22849440356767649901/21415457559136, 1352241241552746520151083029/1498568058158100736, -1856928281151638451439745742840225/13107974804708907137792, 122673982482800979675231874814474912252535/1834487289868620971748265984, -511047126883918380621593301380103446808104130111/32092520648961655279764165124096, 13639223495481595040560121509812952784656995746792930409/2245706224931740789856777218723741696, -17218333268347965974074818925305073390997439125276463599432265/9821596174738968344438615166088284307456, 1702773821080502265162150652781593763814339372463106910519373672008555/2749104055694136195481746139448775130794164224}}"
"{1.4039067054508765, 0.33148284965776237, 0.10988087961723068, 444256/34771, 2*Sqrt[2710729949/604493835], 10842919796/604493835, 324851877173036777335/117568909702488681616, 943618411701063/(21685839592*Sqrt[5421459898]), {444256/34771, 6299768/34771, 97987678/34771, 1648123412/34771, 2683878986/3161, 555230955788/34771, 10833521750038/34771, 217300744961012/34771, 4450818680265886/34771, 92649343731782108/34771}, {0, 21685839592/1209022441, 1887236823402126/42038919296011, 1299407508692147109340/1461735262841598481, 224350176584731355586345870/50825996824265220782851, 107404720258555512468146580194212/1767270735576525991840512121, 25383228714666640716684408237213827046/61449770746731385262286446959291, 10530969597494220098609425895736416579457340/2136669978634596996954962047221507361, 2981055964156672624260745376592587425375668189150/74294151827103572181120985343939032449331, 1160119003722810688077682791341478814256597956699637332/2583281953180218308309757781394104097295688201}}","{35.446824484758345, 0.2091545527785206, 0.04374562694798296, 28174737/34771, 2*Sqrt[1446873806951/201497945], 5787495227804/201497945, 59707729889738957171014175/16747550505927036927331208, (1718310411288007148*Sqrt[2/4340621420853])/1446873806951, {28174737/34771, 23828500083/34771, 21062975570625/34771, 19468256073678171/34771, 18798256959975418617/34771, 18914712155755728633843/34771, 19754534705986718627981505/34771, 21311290357665621721112198091/34771, 23625501087576194664329856494217/34771, 26780782963685082018197959955839203/34771}, {0, 34724971366824/1209022441, 164957799483648686208/42038919296011, 4298956552061204916313020600/1461735262841598481, 42444482725780401271895937027064080/50825996824265220782851, 764151879584817667596479887617669682155384/1767270735576525991840512121, 9749466292277278882125082169552267461547866845888/61449770746731385262286446959291, 155540239611831005840801534078087826101206912664168206200/2136669978634596996954962047221507361, 2188610402845725644170564710242785128188548429803779322903976560/74294151827103572181120985343939032449331, 33552739748319454460485126975502282079417369834887549316488439518797944/2583281953180218308309757781394104097295688201}}"
"{0.9022191935958439, 0.2563493294209542, 0.06571497869457288, 507338/36953, Sqrt[8457020981/170685907]/2, 8457020981/682743628, 535849625663966071145/143042407746148404722, (-252410214269574*Sqrt[2/8457020981])/8457020981, {507338/36953, 7423102/36953, 113742716/36953, 1811220226/36953, 29819673308/36953, 72222016246/5279, 8796160763396/36953, 156602775264706/36953, 2845470980579468/36953, 52643812586183242/36953}, {0, 16914041962/1365524209, -1009640857078296/50460216095177, 1071699251327932142290/1864656365365075681, -214964716412607633827914920/68904646669335641639993, 127732196649766059612279873295282/2546233408371959965522661329, -41563957326327844706828516884711514616/94090963139569036605958904090537, 2906267459546576061456833521114616138276350/496706194413784944242857054693944823, -7975605750181148874117369359983025570813803634760/128483488015208165312244077194737401310233, 3657507819856251845346473692756943486498815035944778802/4747850332625987332783355384577131190617040049}}","{39.36241922650963, 0.20828148349242256, 0.04338117636580429, 33529738/36953, (3*Sqrt[2709426576685/170685907])/2, 24384839190165/682743628, 139816278767854356225143809/44045954246681989113535350, -17682952238045259959/(8128279730055*Sqrt[5418853153370]), {33529738/36953, 31743376958/36953, 30964661418070/36953, 30871011598501334/36953, 31290229507138677718/36953, 32128522367043224546198/36953, 33335963671601222436660790/36953, 34889193089711934651005317814/36953, 36782394223966252062127400772118/36953, 39022442054162675038597206677386838/36953}, {0, 48769678380330/1365524209, -318293140284814679262/50460216095177, 7550079053464135236157765686/1864656365365075681, -104870321363530523155409558538996870/68904646669335641639993, 1971257831949339319524195874154127926738310/2546233408371959965522661329, -33704128068265483764770781551683276217895267621702/94090963139569036605958904090537, 88831817023286369455338931801721874033645003287447796138/496706194413784944242857054693944823, -11360721412353621551082858171791351085681778050874393415175003750/128483488015208165312244077194737401310233, 212677506380845010681265408894211653290435054809240727295423335133533190/4747850332625987332783355384577131190617040049}}"
"{0.7081933614668168, 0.22653606772273824, 0.05131858997928104, 133611/9682, (2*Sqrt[458055323/20830823])/3, 1832221292/187477407, 2124306509711257987/839258715714537316, -200361623199/(916110646*Sqrt[916110646]), {133611/9682, 3876887/19364, 58719525/19364, 922945577/19364, 14981922357/19364, 250203721877/19364, 4285679171505/19364, 75099283835177/19364, 1343316148856637/19364, 24477939209525117/19364}, {0, 458055323/46870562, -200361623199/907601562568, 2124306509711257987/8787398328783376, 5489872783371852183405/42539795309640323216, 870804097078060792986702437/102967574546984402344328, 83593029664291952544956705022891/7975456454111223867982269568, 27014876165369495506603544360147181157/77218369388704869489804333957376, 120394202075041696134125160453331036379205/186907063105360136600071390343828608, 57681603105594050598025575685266380086169629373/3619268369972193685123782402617897165312}}","{15.282459609441034, 0.1293154220926283, 0.01672247839099462, 35393025/38728, Sqrt[6982380960013/124984938]/2, 6982380960013/499939752, 121198686540190986263815621/48753643870752063504960169, -5974530252087767314/(6982380960013*Sqrt[20947142880039]), {35393025/38728, 32886112413/38728, 31030852223337/38728, 29699923951238157/38728, 28801756763918422425/38728, 28271120501578284755133/38728, 28062476582472620123536137/38728, 28145277586931426331143645037/38728, 28500652159053858422320919982585/38728, 29119083094167238528013607061969053/38728}, {0, 20947142880039/1499857984, -8961795378131650971/29043250002176, 1090788178861718876374340589/2249573972168544256, -411157916470594640893066897428675/21780375198535845486592, 74041587064236515735314990481331150708819/3374041482755584896018939904, -79387883837097434468262191796464241110274564801/65334939272079145926510752301056, 5628139899489994371083303752110220417174437248915822169/5060583056258162326883816830230593536, -1957788337477443069206554315899615736226380479823651055054355/24498282575345763824444557275146303307776, 455587347483079525006103680987548393635751198760292972904931948518399/7590155900623925931144710513214928276028391424}}"
"{1.5349827740306006, 0.3357486181998337, 0.1127271346230977, 270239/19846, Sqrt[8232155711/393853793], 8232155711/393853793, 218625990656896376813/67768387650149915521, 471585490530918/(8232155711*Sqrt[8232155711]), {270239/19846, 2047296/9923, 34124557/9923, 618474759/9923, 12042190957/9923, 248867440461/9923, 5397449426707/9923, 121636942535919/9923, 2825218445013697/9923, 67196223997710801/9923}, {0, 8232155711/393863716, 235792745265459/3908309653868, 218625990656896376813/155128626781328656, 7620361443009322126176495/769670681775562126744, 9270324007420227623943405329291/61099537402071223869445696, 914527240040908460767559636297411649/606290709640752754456509641408, 491290163593909401085580564048827100660633/24064890847060758329887780686766336, 14057975135568851505556437842797287641252576295/59698977968845976226869111938695588032, 29229118255238668270288662203222870571267740645931671/9478287334157737953587555164282821120664576}}","{61.18018794992866, 0.2577387880621935, 0.06642928287176832, 18277813/19846, Sqrt[22192032607719/393853793], 22192032607719/393853793, 104902431670686580912181589/54720701251340373259820329, 13275647267527716542/(7397344202573*Sqrt[22192032607719]), {18277813/19846, 8975876264/9923, 9347034913352/9923, 10231252252691615/9923, 11661142153564490444/9923, 13719582773212323537089/9923, 16542885469007226860466002/9923, 20329987187660720322239724095/9923, 25357972498310548670960577389264/9923, 32005045204413520267829123588304989/9923}, {0, 22192032607719/393863716, 19913470901291574813/3908309653868, 944121885036179228209634301/155128626781328656, 891391742050766068677760233837825/769670681775562126744, 52228569861596435585350965455061173912259/61099537402071223869445696, 141963358933667378979491202452514684339431596143/606290709640752754456509641408, 3370644253076555086295114015281655218180711910973339321/24064890847060758329887780686766336, 2821605245774510810462264573886333230798348580317375375801865/59698977968845976226869111938695588032, 240243361626228667237204357164605311388804040355063030336516569647199/9478287334157737953587555164282821120664576}}"
"{0.7765158891604814, 0.2612461880018982, 0.06824957074552314, 369567/32482, Sqrt[9321223529/13025282]/9, 9321223529/1055047842, 295679089988423284241/86885208077583213841, 299276494013424/(9321223529*Sqrt[9321223529]), {369567/32482, 4491749/32482, 57918909/32482, 788730185/32482, 11291961357/32482, 169114542689/32482, 2635475711829/32482, 389998313165/298, 706122461555517/32482, 12024231208391729/32482}, {0, 9321223529/1055080324, 37409561751678/4283889885521, 295679089988423284241/1113194490091944976, 506073670846102770203655/1129961982098954897201, 15248509148268817331746698579449/1174509603281224095068252224, 44966047635964575943175716356149709/2384401308361295066000435546248, 995548573794933114972112428077900255721761/1239201972771065381341218358611640576, 343232487202177728043453975341579347440124535/628933726242964776823835230069114206088, 74036378857072473867372744608007187131036060130444169/1307457618932734840370676220358717929097626624}}","{17.33471535870471, 0.15258188169332768, 0.023281230621076645, 24185415/32482, Sqrt[13617571059445/13025282]/9, 13617571059445/1055047842, 594228104304853484680280713/185438241559034019723708025, 18216165449800570764/(13617571059445*Sqrt[13617571059445]), {24185415/32482, 18427186435/32482, 14362067422911/32482, 11446866655118371/32482, 9326470331208903975/32482, 7764783858702253403755/32482, 6602251241889545868719151/32482, 5729324636223082435161021331/32482, 5069643674152322713474638240375/32482, 4569210563293278188784338870446075/32482}, {0, 13617571059445/1055080324, 4554041362450142691/8567779771042, 594228104304853484680280713/1113194490091944976, 288580304641416173244763421715375/4519847928395819588804, 39744784568983121512009296785393370148285/1174509603281224095068252224, 57938885128515060148889001110608514689056904881/9537605233445180264001742184992, 3141674497767573165686734292984046618296590802281790353/1239201972771065381341218358611640576, 1386726190420158967801553298263206275149286206475993766393095/2515734904971859107295340920276456824352, 267721350461715782632440863169324944420673255297101524266387133003525/1307457618932734840370676220358717929097626624}}"
"{0.7794690594750325, 0.2568238291922749, 0.0659584792409828, 191941/16242, Sqrt[2429924447/263794443], 2429924447/263794443, 23359668117072022797/5904532818128255809, 56953523445482/(2429924447*Sqrt[2429924447]), {191941/16242, 1208942/8121, 16162703/8121, 228897023/8121, 3428907233/8121, 54202308167/8121, 900536691233/8121, 15640743246443/8121, 282213851233913/8121, 5256738115522367/8121}, {0, 2429924447/263802564, 28476761722741/2142340622244, 7786556039024007599/23197264257658032, 374830181895750449104465/282577474554661316808, 364616374633879876464518926987/18358493366867236430382144, 6062154179726876381516232711195757/49696441544109609017044463808, 7070620015570337980598461977662726992217/4843017621356569617929017087017216, 110085622934436132900400200877138658746974025/9832536525759175466800386940916702784, 17137820615060949652905118666428237141970725947903/141955607334560469272686119728328076993536}}","{16.178657439964542, 0.14688086088964686, 0.021573987295683793, 2030020/2707, 8*Sqrt[16669361090/87931481], 1066839109760/87931481, 268968555030413536053693/71134105382094332953600, (-68879288155825779*Sqrt[3/16669361090])/2133678219520, {2030020/2707, 4665553520/8121, 2427894067543/5414, 2891242630424597/8121, 1554300046440790395/5414, 1907692343860672428665/8121, 1055039127186337491455843/5414, 1329948400108102559496333977/8121, 754222529378346930048973050715/5414, 973372850327178866022390825627785/8121}, {0, 266709777440/21983547, -22959762718608593/39672974486, 89656185010137845351231/161092112900403, -22972608926791116775394667005/290717566414260614, 45253188487649906615271090527395055/1180458678425105223147, -17662583693881704676485892836898166050493/2130334428331173226039286, 27148970466212026507283448946637483395256852531/8650222946238728884332520803, -12830315498712167332488475258272295207784830116649805/15610769010312159393258755875814, 17768183573356242448298990445574496249974404311449771499495/63387527566372523216327178233742747}}"
"{0.947978368748489, 0.26576421919561155, 0.07063062020465306, 219739/16372, 3*Sqrt[378923495/268034198], 3410311455/268034198, 12683239185912658943/3876741406701405675, 41154921525626/(3410311455*Sqrt[378923495]), {219739/16372, 1578779/8186, 24215849/8186, 197455054/4093, 6815035607/8186, 61899860092/4093, 2354052927899/8186, 23293805158984/4093, 954208807758647/8186, 10060218305834332/4093}, {0, 3410311455/268042384, 61732382288439/2194194955424, 38049717557737976829/71846719620403456, 925784824207899127113975/294068623406311345408, 763911564976352235707923692315/19257966009632517388079104, 53225826006819590745578956716195429/157645709754851787338815545344, 19788027553967816560689328559909663262969/5161951120212866924622176216743936, 394289478660070905314417523877582591873258935/10563932967515632161239283627566465024, 570025869902060212274438413249943134074443902461975/1383621684353327437950476412404145322983424}}","{35.87688566217686, 0.1998492778718727, 0.03993973386590899, 14706567/16372, Sqrt[8638026157023/268034198], 8638026157023/268034198, 64443533568147514548506111/24871831963137845950740843, (2318515736998501534*Sqrt[3/2879342052341])/2879342052341, {14706567/16372, 3434539749/4093, 13366378147563/16372, 3384429057009357/4093, 14236905699925263267/16372, 3870512057274997396389/4093, 17322687324244110557411643/16372, 4960081907326961892584785437/4093, 23151155091674949757342123342227/16372, 6852727924411833636348717772821429/4093}, {0, 8638026157023/268042384, 10433320816493256903/2194194955424, 193330600704442543645518333/71846719620403456, 205390393858011042732536581591815/294068623406311345408, 5518974737738326715252174621091085434843/19257966009632517388079104, 14218628079125421453294394553166280305621612693/157645709754851787338815545344, 174315250174131898688421350139838969604076576345506553/5161951120212866924622176216743936, 121237523436315676277142360976926710252085730133386366756935/10563932967515632161239283627566465024, 5792733009840307520635787743722038938614138033312637675886139087063/1383621684353327437950476412404145322983424}}"
"{0.8636542644359348, 0.25822698662825333, 0.06668117662310813, 206131/15915, Sqrt[5666386918/506558535], 5666386918/506558535, 17228354321463454707/8026985176120384681, -3118631411428/(2833193459*Sqrt[2833193459]), {206131/15915, 949276/5305, 41484178/15915, 210229766/5305, 9922283086/15915, 53478316206/5305, 2651893037278/15915, 14875809196366/5305, 762226353334846/15915, 4393964251879886/5305}, {0, 2833193459/253287225, -3118631411428/4031066185875, 5742784773821151569/21384806116066875, -167182632663033541902596/1021017568011612946875, 28480715168855686672411198079/3249898918980964009903125, -993489107453053100661780108841468/86203568825970070362680390625, 1397459032208735240676701701341213021923/4115789393595941009466175250390625, -44728919557376936617586662844918201224201252/65502788199079401165654179109966796875, 1698651472766507523583460587811258080425577341299/115830763798705407727931806726124619140625}}","{16.489681118989722, 0.13992734723400582, 0.019579662503946035, 26806721/31830, Sqrt[14069509134269/1013117070], 14069509134269/1013117070, 517549854372928667020198617/197951087279278825870164361, -18614826034316955308/(14069509134269*Sqrt[14069509134269]), {26806721/31830, 23018215517/31830, 20111727799451/31830, 17847946782234689/31830, 16061375468983673411/31830, 14635444729516559729057/31830, 13486614351028145609300771/31830, 12554037040410403269596438129/31830, 11792721515492881262811339293411/31830, 11168933001390256895693580937991297/31830}, {0, 14069509134269/1013148900, -4653706508579238827/8062132371750, 172516618124309555673399539/342156897857070000, -243929730334406856999418807484087/4084070272046451787500, 5879506392606366397474308443484696609809/207993530814781696633800000, -15240612008330960433916085320723001015069529347/2758514202431042251605772500000, 2114681779353701431729427468862054532533340859612149553/1053642084760560898423340864100000000, -1041763894123062234825996740931534214478740143759805265902607/2096089222370540837300933731518937500000, 19152424540272185527696283534067342764661474438450447795525272161349/118610702129874337513402170087551610000000000}}"
"{1.5016571925959834, 0.3377975108954792, 0.1141071583671814, 223471/16981, 22*Sqrt[23546539/576691741], 11396524876/576691741, 39420888111832829473/16235097406160851922, (16962486586065*Sqrt[2/23546539])/31340443409, {223471/16981, 3276459/16981, 52185865/16981, 886508115/16981, 15858847621/16981, 296163049719/16981, 5738519410585/16981, 114843864685995/16981, 2365259464650541/16981, 49974517888607679/16981}, {0, 5698262438/288354361, 67849946344260/4896545404141, 78841776223665658946/83148237507718321, 3410516503354884393037380/1411940221118564808901, 1676558717449021743288399771458/23976156894814349019947881, 147000233933985988853378860666998180/407139120230842460707734967261, 46384904819257282491719490555416834300306/6913629400639935825278047479059041, 5922772522377777684735220362716844298018799940/117400340852266750249046524241901575221, 1490227581783094674821441837727351009609192584868578/1993575188012341685979059028151730648827801}}","{77.82559632701872, 0.2978586583231601, 0.08871978033807304, 14895849/16981, Sqrt[39370251406638/576691741], 39370251406638/576691741, 76556802112379500932784551/43056019328385594934179529, 1635403481958740870/(6561708567773*Sqrt[19685125703319]), {14895849/16981, 14225984520/16981, 14529938980632/16981, 15607337777378874/16981, 17391630861137463924/16981, 19900233441309607511250/16981, 23212310252077009128293532/16981, 27460942215507254144552160354/16981, 32833690676195691775444999845684/16981, 39578938474627275835473650489982930/16981}, {0, 19685125703319/288354361, 4906210445876222610/4896545404141, 689011219011415508395060959/83148237507718321, -124974976513527812518068641981010/1411940221118564808901, 29784418323619124151957722700325374552819/23976156894814349019947881, -35669358407508128316875379046134966703871008950/407139120230842460707734967261, 1488597181371283926577897822978240329205483328931263799/6913629400639935825278047479059041, -3790702020310363221903982868136614069076195205290077124193530/117400340852266750249046524241901575221, 83391532948606884750779117169921066579320223530016913759825037304219/1993575188012341685979059028151730648827801}}"
"{1.440351914827207, 0.34956060237795783, 0.12219261473484073, 356267/30224, Sqrt[15508928087/57091247]/4, 15508928087/913459952, 606523748637607672397/240526850407737479569, 406142775086742/(15508928087*Sqrt[15508928087]), {356267/30224, 4712649/30224, 68092367/30224, 1054226793/30224, 17256972407/30224, 295906113729/30224, 5279597346767/30224, 97516366928313/30224, 1856678448879527/30224, 36303540489114609/30224}, {0, 15508928087/913490176, 203071387543371/13804663539712, 606523748637607672397/834464301648510976, 12943916315850049831679235/6305212263256148934656, 37654754072025152236122369878627/762274941778615381604171776, 2924841432646941084638357016766636401/11519498920158435646802243878912, 3044869569519019459315965937358577012581657/696330670725737117977902037992472576, 81253353588303894601703701606571702182349299635/2630737274001834831720513899535561392128, 283761544550423772484148677058930914273656694185289967/636091226955451647631366496796502460125413376}}","{51.39563329276666, 0.2588766590200025, 0.06701712458535865, 5794719/7556, 3*Sqrt[250030893559/57091247], 2250278042031/57091247, 2920503123746839426532447/1687917088815623667534987, 28321574376640222/(750092680677*Sqrt[250030893559]), {5794719/7556, 1185450183/1889, 1024438417371/1889, 924657227427504/1889, 1726038292267665327/3778, 1652307103798379734521/3778, 806111269143255002907021/1889, 798052045465465180686853299/1889, 1597935720318428597881116400677/3778, 1613920965242323851480328649904651/3778}, {0, 2250278042031/57093136, 127447084694880999/215697867808, 8761509371240518279597341/3259626178314496, 178814746174416417849218050455/6157433850836082944, 41794670609765679729498286792750120011/186102280707669770899456, -1450677683161478567780724749939055304729131/703094416513576394458144768, 224690397012699341326510828293186449152199017761081/10625162822353166473051483734016, -8659507099168544658186052658113235695128129356155170825/10035466285712565733797126386778112, 1317850416324457125338611452939346542432424476881171857459426791/606623866038753173476568695827963314176}}"
"{1.5773016620788145, 0.3536173472549017, 0.12504522827959372, 422791/33518, Sqrt[22351446497/9284486]/11, 22351446497/1123422806, 1354469762198549930369/499587160508253571009, 1407227567596800/(22351446497*Sqrt[22351446497]), {422791/33518, 5999871/33518, 93757123/33518, 1584313071/33518, 28498470811/33518, 538492121271/33518, 10574133662083/33518, 213978176760351/33518, 4433764437432811/33518, 93619288724473671/33518}, {0, 22351446497/1123456324, 175903445949600/4707001133479, 1354469762198549930369/1262154111935592976, 5921396581342432382115510/1322027547620537667799, 117156344771194740127854273969377/1417975018916645809577180224, 369153172091210288414275769447415885/742620104438252097584498855438, 12109268912179369313565055697356543977538049/1593033002275925363637582888740536576, 23683104252166131577656834808623517460198878545/417150626330347393268785181756291444956, 1406234342020579747479161550883427322412715393095020257/1789703000747594742730642140429744211460506624}}","{52.530285517621785, 0.2550541083725902, 0.06505259819773698, 13532973/16759, Sqrt[23826931488246/4642243]/11, 23826931488246/561711403, 92143282535487001491533467/47310222012130728703013043, (855855215360800133*Sqrt[3/3971155248041])/3971155248041, {13532973/16759, 11638810428/16759, 10573881761871/16759, 10054222835171592/16759, 9918276738922523703/16759, 10075130004694611716208/16759, 10476213317291556805739271/16759, 11099644363399911453913784712/16759, 11941546150661516909340909426423/16759, 13011323710277719463250966109046688/16759}, {0, 11913465744123/280864081, 7702696938247201197/4707001133479, 276429847606461004474600401/78884631995974561, 413097372743216521111884348206385/1322027547620537667799, 8356482806302986317136187548452239923513/22155859670572590774643441, 19154296409831891253393233942853104204456993697/371310052219126048792249427719, 293534033164735202520132837292349651680870334437909161/6222785165140333451709308159142721, 872520331746335092510563861980914293241921228680244810146945/104287656582586848317196295439072861239, 11233326950633780446113927962273238182340643089622223416419348626553/1747756836667572990947892715263422081504401}}"
"{1.0931035190549834, 0.29267944924521244, 0.08566126001048088, 436967/34243, Sqrt[2725949494/1615081]/11, 2725949494/195424801, 55951946559040821013/22292401931516568108, 50521673777299/(2725949494*Sqrt[4088924241]), {436967/34243, 6053671/34243, 89956535/34243, 1417760191/34243, 23470934327/34243, 404888740111/34243, 7230513883655/34243, 132953473102591/34243, 227835503030437/3113, 48254149618570351/34243}, {0, 16355696964/1172583049, 606260085327588/40152761346907, 671423358708489852156/1374951006802136401, 69533679293537322349552620/47082447325925556779443, 40363969528753944523300269268164/1612244243781668840798466649, 7086698737352022712727577394057477908/55208079639815686115461893461707, 3062272433371382952339346029606573628680396/1890490271106208539651761617809232801, 716576649494988204218119314049050701650120319100/64736058353489899023295273078641558804643, 268744871451311988297405647121249018446743899470210964/2216756846198554612254700036031922898147390249}}","{29.62770675394448, 0.18858011419628276, 0.035562459470283046, 28528442/34243, (5*Sqrt[578848897730/4845243])/11, 14471222443250/586274403, 51118403875760985408416467/20941627900202249947056250, 7003148852310070503/(28942444886500*Sqrt[289424448865]), {28528442/34243, 24612751448/34243, 21973352184182/34243, 20266516588481288/34243, 19266543040541143862/34243, 1711541769392264234728/3113, 18855707495783347111962422/34243, 19299281870685302017621172648/34243, 20132674326798168233512602800822/34243, 21353141489047072037851157118023768/34243}, {0, 28942444886500/1172583049, 70031488523100705030/40152761346907, 2044736155030439416336658680/1374951006802136401, 12031467004481744179394384970185430/47082447325925556779443, 211549647640004119527904126458130992411040/1612244243781668840798466649, 1884570088213959221278099841013216540704000645550/55208079639815686115461893461707, 27086566474024980795987552118970544286069786837157233240/1890490271106208539651761617809232801, 291006586134122506486665544416221470035001823392620219360601830/64736058353489899023295273078641558804643, 3853468607856795920370768380164714420066081645617555408399922599579280/2216756846198554612254700036031922898147390249}}"
"{1.0922837019740366, 0.2760248271540847, 0.07618970520544234, 544739/37997, 2*Sqrt[1412998885/360933503], 5651995540/360933503, 287270334672859646563/127780214336719566400, 77701667294517/(45215964320*Sqrt[1412998885]), {544739/37997, 8404573/37997, 137658797/37997, 2365972609/37997, 42270270749/37997, 779184793273/37997, 14733356744357/37997, 284486386810369/37997, 5589841341228749/37997, 111461998373904073/37997}, {0, 22607982160/1443772009, 155403334589034/54859005025973, 1149081338691438586252/2084477613971896081, 8628253445855419794004290/79203895898090135389757, 78516385346374708282450390996540/3009510432439730874404596729, 108842881593259548484726960013622354/114352367901412454034751461911813, 6287125611319336279236967823759975737443772/4345046923149969015958451298263158561, -62946722603451787201282499566650933391904092350/165098747938929372699373273980105235842317, 556984864621744307832990364013826994641612923436103420/6273257125435499374458086291422058646300519049}}","{26.167302949290725, 0.16622255772419203, 0.027629938696372352, 35985567/37997, Sqrt[8944688072931/360933503], 8944688072931/360933503, 285413933754878491755656719/106676592962712115166574348, -711539663656090141/(458701952458*Sqrt[8944688072931]), {35985567/37997, 35022232929/37997, 34874940470199/37997, 35406474520713369/37997, 36542270831565772647/37997, 38251025237948190349689/37997, 40533213029038498891182279/37997, 43414578308814782043104324409/37997, 46942831005285011292500528088807/37997, 51186504787168333842637840060790649/37997}, {0, 35778752291724/1443772009, -111000187530350061996/54859005025973, 3424967205058541901067880628/2084477613971896081, -25221200308347124702998910296010260/79203895898090135389757, 474700369765949300766431845793161806270444/3009510432439730874404596729, -4827198179421514530761719852984341063417648430236/114352367901412454034751461911813, 75879264013014476159923817379983408561694538504216750308/4345046923149969015958451298263158561, -888293604719626605104618794367221866417966018816278540980259940/165098747938929372699373273980105235842317, 12941573956438579630923123278482871930387288175590729352449637109684764/6273257125435499374458086291422058646300519049}}"
"{0.8509870434683982, 0.24568949774154145, 0.060363329300490896, 520362/36911, Sqrt[8172267459/681192505], 8172267459/681192505, 115999051988780152547/44523970280953544454, (-7242369952339*Sqrt[3/5448178306])/2724089153, {520362/36911, 7778742/36911, 17436042/5273, 1994476254/36911, 33742305582/36911, 588246047142/36911, 10527612751974/36911, 192790790492334/36911, 514643458467186/5273, 68516869789313142/36911}, {0, 16344534918/1362421921, -130362659142102/50288355526031, 695994311932680915282/1856193490821330241, -8286744001077733984746150/68513957939706120525551, 40372936129387889742052110888138/2528918701512492614718612961, -616321256067982617712685523721659822/93344918191527614901878723003471, 381015353240169285347072844624538517752446/492207753623925113377606506397302583, -55534811407104974802720500858501850169539339990/127175162758088899019165836303415849487791, 188783249723691293471353309577045316727932390614751258/4694162432563819351696430183795382420443853601}}","{24.22478241078478, 0.16275349121496913, 0.02648869890266103, 33756318/36911, Sqrt[15091381707342/681192505], 15091381707342/681192505, 48091295639324154517060778/18979150153058061578058747, -3738350505227058233/(10060921138228*Sqrt[7545690853671]), {33756318/36911, 31688975328/36911, 30459800554170/36911, 29908961832538560/36911, 29939240055094650738/36911, 30498787814007585936168/36911, 31570243725520839679338090/36911, 33164179208820901223952776880/36911, 35315581072799031626029325963298/36911, 38082553466444338009632488081474808/36911}, {0, 30182763414684/1362421921, -22430103031362349398/50288355526031, 2308382190687559416818917344/1856193490821330241, -1178427000403116300604345655244030/68513957939706120525551, 223098485934960438638339269371700454816304/2528918701512492614718612961, 71720686742834318117020995660262339185796813122/93344918191527614901878723003471, 3387756500817190184397795230280910820884440285334199952/492207753623925113377606506397302583, 33130396431220888555676897756502186439421837251517945581872930/127175162758088899019165836303415849487791, 2659573602292798470376405988949532662292242095628947052622000336647024/4694162432563819351696430183795382420443853601}}"
"{1.4163991834050609, 0.3123745126155645, 0.09757783613181145, 178382/12289, 2*Sqrt[1164320994/226523137], 4657283976/226523137, 521384857252892123/150627041896572004, 8251900209283/(776213996*Sqrt[194053499]), {178382/12289, 2841972/12289, 49461960/12289, 933724112/12289, 18956885592/12289, 410152193752/12289, 9370101126240/12289, 224033412253392/12289, 5560520134653192/12289, 142247971499289032/12289}, {0, 3104855984/151019521, 132030403348528/1855878893569, 33368630864185095872/22806895723069441, 3722120663951533027292280/280273941540800360449, 681288726695564910237399522104/3444286467594895629557761, 103595258514506651415499128807607568/42326836400273672391635324929, 18038198136890123542817940713336953792592/520154492522963160020806508052481, 3023390628820979043706026167723922486100206760/6392178558614694273495691177456939009, 528038462816285931344290184949274935330624314886824/78553482306815977926988548879768323481601}}","{52.08808581165716, 0.232758173889639, 0.05417636751243942, 35445925/36867, Sqrt[34033039291195/679569411], 34033039291195/679569411, 6002470113806658934830303723/2316495526792045336009056050, (13364473460922956944*Sqrt[2/34033039291195])/6806607858239, {35445925/36867, 35925887045/36867, 38287932489295/36867, 42738904725256817/36867, 49727392325097322255/36867, 59993427935341937215625/36867, 74656950113946193643213575/36867, 95355636259174638925473298577/36867, 124449520272348266207380327626655/36867, 165318813288884338726619226931511705/36867}, {0, 68066078582390/1359175689, 267289469218459138880/50108730126363, 4001646742537772623220202482/615786184522874907, 111322902871072718891996642514787480/68106567794414487589107, 2895354983360770773377851970895285240904750/2510884834876678913947607769, 12613853435295735154116755731966908332408001701600/30856263735799507173502151873241, 799034197989613429030065902214629698944904758480609811046/3412733625443161292896511499332327841, 12245478747526412409968149384796056534777109893277873353573498280/125817250569213027385215689445884930514147, 26290673064929560615163551796033623855916016753558385709942899047041390/515389397415019631178971869200159970362784161}}"
"{1.522669416795546, 0.3140716361598579, 0.09864099264013015, 606422/39285, Sqrt[1295502467/680455]/9, 1295502467/55116855, 121745491174168219599/46993145976086410492, 654240605909809/(126959241766*Sqrt[185071781]), {606422/39285, 10284376/39285, 188956964/39285, 742329332/7857, 77027885012/39285, 1671914822476/39285, 37638502394204/39285, 174582787400180/7857, 20744710603952132/39285, 503057031503094076/39285}, {0, 36274069076/1543311225, 2616962423639236/60628981474125, 1136291250958903382924/793936512403666875, 599459872237164135769499228/93569387669334159553125, 92876056392985120861039863392876/735174678917958491608903125, 42315622130359141458362856868316567836/48135562102153332238092932109375, 78643553949791119432605680984488999359471668/5673016671549280970920442513750390625, 27722926316909546023551753610756609764664892326156/222864459941813502942609584152684095703125, 1712802083560031186676838250469980546025838038141320876/972803367646015940344490834826466077744140625}}","{46.04443267151328, 0.21488438136534288, 0.046175297354766116, 39173663/39285, Sqrt[17714423378159/4763185]/9, 17714423378159/385817985, 3481762525467669944874210453/1255203182482664470072917124, 49916565848958265478/(17714423378159*Sqrt[17714423378159]), {39173663/39285, 40866324713/39285, 44606399358707/39285, 50864164252001009/39285, 60404409001950018203/39285, 74396080931048427960233/39285, 94580411715393195970645187/39285, 123523013736347188851935503649/39285, 164988402962753392356543220086443/39285, 224494397529006370830561836096321753/39285}, {0, 70857693512636/1543311225, 399332526791666123824/60628981474125, 4642350033956893259832280604/793936512403666875, 168831964255852807040413128881756072/93569387669334159553125, 807953071170982953768331799171752649636156/735174678917958491608903125, 21233974744666141149794311997320588680973320251104/48135562102153332238092932109375, 1355513934617153499640655222534052735546000491975630507588/5673016671549280970920442513750390625, 23822903513729463312818053836380203359011425345626905893504888024/222864459941813502942609584152684095703125, 53855091655149739579091341721476123235149497781766336771173577491135676/972803367646015940344490834826466077744140625}}"
