"{0.7454444211050708, 0.4890509085466507, 0.23917079115030448, 17694/5677, Sqrt[18716459/8055663], 18716459/8055663, 3230332988211695/1401223349994724, 215710332/(18716459*Sqrt[18716459]), {17694/5677, 68336/5677, 295248/5677, 1375676/5677, 966192/811, 34595396/5677, 182362248/5677, 983988476/5677, 5408423904/5677, 30172299956/5677}, {0, 74865836/32228329, 1725682656/182960223733, 12921331952846780/1038665190132241, -5291131471769923320/5896502284380732157, 2921995767911808985219076/33474443468429416455289, -3485228951468511773852073984/190034415570273797216675653, 107529333179622245736907478949620/154117911027492049542723954583, -1664540283701815348269069643792406280/6124491666321506556778307231173837, 207519051678182995208976570288701496362516/34768739189707192722830450151373872649}}","{27.07452845954489, 0.38004980476601985, 0.1444378541026898, 152020/811, Sqrt[11680838539/2301618], 11680838539/2301618, 803293159261898126773/272883977948375309042, (-198997162843269*Sqrt[14/11680838539])/11680838539, {152020/811, 228276498/5677, 52378894324/5677, 12604446597858/5677, 3144652075962220/5677, 806760878083430058/5677, 30219038074537759612/811, 56425232035461950181138/5677, 15259058928324414985197340/5677, 4172677612780599350570812218/5677}, {0, 23361677078/4604047, -113712664481868/533411731, 229512331217685179078/3028178396887, -19204497510445987413636780/2455852679875357, 3374828837801239081174974848558/1991696523378914527, -55970348317343552676209120487759228/230752268637185668771, 59662491960112703217582271118999484183158/1309980629053303041612967, -1126358700818967714997831946542134543747250500/151770612880318395249730891, 1155242639604682506074432931228100030285252163242238/861601769321567529832722268207}}"
"{1.6567576000925015, 0.62900207153255, 0.3956436059922391, 67/16, Sqrt[1045979/1047]/12, 1045979/150768, 2792355519221/1094072068441, (27925038*Sqrt[589/1045979])/1045979, {67/16, 230625/9424, 1622329/9424, 12760293/9424, 3469543/304, 948170445/9424, 8619334609/9424, 4217133447/496, 757888218313/9424, 7271879535165/9424}, {0, 1045979/150784, 13962519/1206272, 4740841289/38600704, 66475194015/154402816, 30691020301079/9881780224, 1160735755824309/79054241792, 240992820352173509/2529735737344, 2648873290431537135/5059471474688, 2155807746328023501779/647612348760064}}","{57.794843590514766, 0.4811413972185521, 0.23149704411742053, 2352767/9424, Sqrt[1281318816655/616683]/12, 1281318816655/88802352, 4212379784962455137562973/1641777909914169505389025, 494001444684904878/(1281318816655*Sqrt[1281318816655]), {2352767/9424, 723347981/9424, 254039583671/9424, 98044930673957/9424, 40480000839494447/9424, 17523256365177135341/9424, 7838236451055159768791/9424, 3586447081339707343103477/9424, 1667268438644612378151295487/9424, 783951517582135206461661101501/9424}, {0, 1281318816655/88811776, 247000722342452439/418481088512, 4212379784962455137562973/7887531556274176, 854687486894405483932348140135/18583024346581958656, 17289562362848825922923261490605812075/700505685768753513496576, 9846044302238419971060743398981446590063589/3300782791342366555595866112, 78346544971944167212751233520918999419404715797433/62213154051220924839870884478976, 13588261367306788236257441845308943780393647596916752775/73287095472338249461367901916233728, 376835687683961004284793670215805228129572188141566150415642695/5525260701850525303391448861268693221376}}"
"{0.364980304016295, 0.2529705419353425, 0.06399409508706089, 9382/1645, 2*Sqrt[8448469/16234505], 33793876/16234505, 207116328263667/71376628443961, (10270273173*Sqrt[3/16896938])/16896938, {9382/1645, 3634/105, 365027/1645, 7374956/4935, 17304247/1645, 380314148/4935, 20488761/35, 22676306756/4935, 61116665447/1645, 1522516668548/4935}, {0, 16896938/8118075, 3423424391/4451411125, 276155104351556/21967713901875, 176799306030638503/12045629789528125, 1470321991896077177008/11889036602264259375, 8545640474209865445459843/32595775351207844453125, 36746197714357512537088340732/22980021622601530339453125, 409372475086984745714309752770671/88204982994752207286267578125, 10521177997812532776989327169278299352/435291591079102142957730498046875}}","{8.858617588100474, 0.15435584416407025, 0.02382572662760274, 1834877/4935, 4*Sqrt[10025962537/48703515], 160415400592/48703515, 10474799681980066524501/3216637593386479243808, 15898988886109891/(160415400592*Sqrt[20051925074]), {1834877/4935, 46565097/329, 272438487968/4935, 36312668316123/1645, 44661268782399392/4935, 1251017943657591411/329, 8073319847049375147308/4935, 1183827697074684044013243/1645, 1594562673837090913452023432/4935, 48613592509534059154502258955/329}, {0, 80207700296/24354225, 15898988886109891/120188100375, 6983199787986711016334/197709425116875, 8822741727642146304676145003/2927088038855334375, 1534602337578878587704569382614486/2889035894350215028125, 1412544612052818025816387906585957227181/23762320231030518606328125, 458959044679006669606421918990837968769241494/50257307288629546852383984375, 1995373924361579003474530626859834037311856506100371/1736138680285707696015604740234375, 159516119634284282099080318987561005910182838920895304726/951982709689996386648556599228515625}}"
"{0.8797623584080642, 0.4852818689805259, 0.2354984923612323, 9500/2543, 29*Sqrt[101078/25864853], 85006598/25864853, 4416751560769190/1806530425883401, (26268287262*Sqrt[2/50539])/1232595671, {9500/2543, 87693/5086, 228269/2543, 2585085/5086, 7831655/2543, 100958793/5086, 345641549/2543, 5024712165/5086, 19338867155/2543, 313708786593/5086}, {0, 42503299/12933698, 13134143631/16445197007, 2208375780384595/83640271977602, 3633964055636664405/106348605819520943, 219466626490427520081799/540889009198083516098, 897441186621605556756011151/687740375195363190718607, 35287681164431476115724916802155/3497847548243617187994835202, 216092450776850010232049310656668905/4447513157591759254535432959343, 7296776445502663684402290508727546788399/22620051919511687568567212031218498}}","{30.438672489320734, 0.37096494965958177, 0.13761499387593604, 562479/2543, 8*Sqrt[2720919549/25864853], 174138851136/25864853, 1443634595430343316983/631757072395124343552, 1805534773966637/(116092567424*Sqrt[2720919549]), {562479/2543, 141532575/2543, 78594372645/5086, 11745926918376/2543, 7407906750808173/5086, 1213403757833750730/2543, 816815893348744589505/5086, 140148627294575203327536/2543, 97550559763830353388523173/5086, 17153742226991962534539133110/2543}, {0, 43534712784/6466849, 5416604321899911/32890394014, 4330903786291029950949/41820135988801, 748525391667048692205883035/212697211639041886, 552755581880814942192308640519489/270444504599041758049, 75902259838720185789488661744238393731/1375480750390726381437214, 79854098597418878633631374669102811241619289/1748923774121808593997417601, 3935546616823225935868815200066991787325489734395/8895026315183518509070865918686, 12495080312830250533589896314691469178836994477499235169/11310025959755843784283606015609249}}"
"{1.1515209993259021, 0.5442177236537323, 0.29617293073885015, 42873/11027, Sqrt[272172178/60791851], 272172178/60791851, 149885446285184105/74077694477263684, 309621253182/(136086089*Sqrt[136086089]), {42873/11027, 216055/11027, 1244253/11027, 7761079/11027, 50923533/11027, 345837655/11027, 2409032253/11027, 17123503159/11027, 123831519213/11027, 909478706455/11027}, {0, 544344356/121594729, 2476970025456/1340825076683, 599541785140736420/14785278120583441, 5050048085446711223400/163037261835673603907, 854300714432602633597397516/1797811886261972830282489, 11068084776582104442796827318816/19824471669810774399525006203, 1461440043057881061030329529645176660/218604449103003409303562243400481, 27547583054861382818702595292881014799000/2410551260258818594390380857977103987, 2902146051279405899135312116738255726841866076/26581148746873992640342729720913525664649}}","{43.10262805405633, 0.42135747132533297, 0.1775421186416788, 2677070/11027, 8*Sqrt[9939659257/60791851], 636138192448/60791851, 244303283010366834878135/101167949972752171058176, 4454027266046949/(1272276384896*Sqrt[19879318514]), {2677070/11027, 765301548/11027, 242110155488/11027, 82307696399040/11027, 29537592947286440/11027, 11059667640984340848/11027, 4285368698043497278568/11027, 1707950754249170106378000/11027, 696862614581993760140729480/11027, 289963265548853531877779793648/11027}, {0, 1272276384896/121594729, 35632218128375592/1340825076683, 3908852528165869358050160/14785278120583441, 251806296486760776260909096040/163037261835673603907, 16930091038168270363137734900498396336/1797811886261972830282489, 1195905368515086681500954335192762263971112/19824471669810774399525006203, 86931905225292460642818693443485949325288042060080/218604449103003409303562243400481, 2069135453256879569060602767339370070731408227879640680/2410551260258818594390380857977103987, 489482288423020666443791418734226785918724785242094254942838576/26581148746873992640342729720913525664649}}"
"{1.1757734972453115, 0.49861827064474556, 0.24862017982075674, 44043/9313, Sqrt[80369687/903361]/4, 80369687/14453776, 28268032008826269/12918573176955938, (102885050683*Sqrt[2/241109061])/80369687, {44043/9313, 260067/9313, 1733889/9313, 12505959/9313, 95269113/9313, 755871927/9313, 6190580409/9313, 52011127479/9313, 446194416153/9313, 3894493476087/9313}, {0, 482218122/86731969, 1234620608196/807734827297, 508824576158872842/7522434446616961, 2954043017615151693540/70056432001343757793, 742230467055729620100592602/652435551228514416326209, 6030060924363471598847262351396/6076132288591154759245984417, 1266245006682195835437500900691509802/56587020003649424272857852875521, 12632223166803362485925078726155637849700/526994917293987088253125183829727073, 2354132675208585480792876961855805019064725882/4907903664758901752901354837006248230849}}","{47.91333209740819, 0.41275945600442476, 0.17037036852106865, 2619099/9313, Sqrt[48690026951/903361]/2, 48690026951/3613444, 234567234436513990539125/113794498775477105107248, -68974226113531439/(389520215608*Sqrt[292140161706]), {2619099/9313, 862046625/9313, 308237699697/9313, 115916894037573/9313, 45039875552623329/9313, 17892966153716897085/9313, 7221188523465004202457/9313, 2948551910931474678655173/9313, 1214868841998745526914782129/9313, 504189423685799649384089488845/9313}, {0, 1168560646824/86731969, -413845356681188634/807734827297, 2814806813238167886469500/7522434446616961, -2851257248121183034640255600250/70056432001343757793, 9811515632878612255498349001355196964/652435551228514416326209, -15948304013804145334373842957748525504660994/6076132288591154759245984417, 43126653173170656291058144481828770996445297096220/56587020003649424272857852875521, -87105215691689601521038707561507439461882785081882167530/526994917293987088253125183829727073, 216890494357440999102613657547527497036504802365850931456243604/4907903664758901752901354837006248230849}}"
"{1.275478489149456, 0.5129798476962296, 0.26314832414244693, 887/183, Sqrt[6728135/1088301], 6728135/1088301, 53863186288353/18107120231290, (1843381663*Sqrt[13/2691254])/6728135, {887/183, 70597/2379, 2533819/11895, 4083373/2379, 35759783/2379, 332323957/2379, 16105255099/11895, 32164210045/2379, 328077416663/2379, 3398168028997/2379}, {0, 2691254/435357, 3686763326/398351655, 2762214681454/24299450955, 1034502842352950/2668079714859, 1529352153717237178/488258587819197, 165047265010364788394/11455297637296545, 8255285883624848808465322/81756459237385441665, 1580822373442010278267188742/2992286408088307164939, 211756237722470379879493385018/60843156964462245687093}}","{49.20745505625153, 0.3926120745118241, 0.15414424105247812, 759448/2379, Sqrt[222242383289/14147913], 222242383289/14147913, 237039444766485747490125/98783353859949572915042, (7099373977102663*Sqrt[10/222242383289])/222242383289, {759448/2379, 466343154/3965, 43916724668/915, 83740517645858/3965, 23350648141160740/2379, 18811033725440801434/3965, 28064741639958758448524/11895, 4751442261111289264923378/3965, 1471431012647060646910335508/2379, 1281801752221162040323741237514/3965}, {0, 444484766578/28298205, 28397495908410652/67321429695, 6321051860439619933070/10677178749627, 1172647121106287409645956404/76203024736087899, 27391513778943101885858666221073018/906434979235765558605, 83795198767097742417997210465556953204/718802938533962087973765, 1840066612765117755965616986940049406959784474/1026019314463377484373752161, -135996754104864373148051832168949963387920176536924/2440899949108375035325156391019, 378428250225755339893151831520256513836108162039014627962/3226056099404902338354748363463445}}"
"{0.838282882760422, 0.46975301185280915, 0.22066789214478547, 3286/865, 4*Sqrt[1786873/8977835], 28589968/8977835, 152233654942983/51086641890064, (7837025067*Sqrt[3/1786873])/28589968, {3286/865, 45712/2595, 161113/1730, 1413889/2595, 5975617/1730, 60583387/2595, 287303533/1730, 3192994009/2595, 16291691977/1730, 191946988087/2595}, {0, 7147492/2244675, 2612341689/1294429250, 50744551647661/1679521951875, 50556421095145333/968524325581250, 113295354197944236557/251332062488334375, 914339803962526205234957/724674113508030781250, 7983136695023150771609217889/940264662276669938671875, 16759857055332134778307231525461/542219288579546331300781250, 128944788002987637993680579144893873/703529526931961364862763671875}}","{20.63720815907648, 0.3024977465029868, 0.09150488663938525, 390169/1730, Sqrt[41785848137/8977835], 41785848137/8977835, 4469321982916142904093/1746057104528426370769, (464678381702214*Sqrt[3/41785848137])/41785848137, {390169/1730, 144069767/2595, 25344843963/1730, 10613308430603/2595, 2067612702528839/1730, 940211991302069597/2595, 195664872481169606203/1730, 93766697160710836946903/2595, 20340242372640636911809839/1730, 10072664923713553704877530977/2595}, {0, 41785848137/8978700, 77446396950369/2588858500, 1489773994305380968031/26872351230000, 230631740501725513009949/3874097302325000, 14042684998853776072025202983617/16085251999253400000, -294247538860015057161284615323161013/23189571632256985000000, 3794979328359023527617603141573801997064699/240707753542827504300000000, -9835354321253846370978786638112149892592168491/17351017234545482601625000000, 226280954284555603716480895822669773297071602982822273/720414235578328437619470000000000}}"
"{0.9644728650221241, 0.460661741641158, 0.212209240211865, 49735/10943, Sqrt[262433245/59869153], 262433245/59869153, 336665280870306769/137742416162460050, (-430795472124*Sqrt[2/262433245])/262433245, {49735/10943, 274005/10943, 1666921/10943, 10865889/10943, 74628265/10943, 533787705/10943, 3941757841/10943, 29856759489/10943, 230852892505/10943, 1815666117705/10943}, {0, 524866490/119749249, -1723181888496/1310416031807, 673330561740613538/14339882636064001, -4668450591745122329760/156921335686448362943, 1106668679728297924875642290/1717190176416804435685249, -11086777506948803853982889438016/18791212100529090939703679807, 2089298837345136371721096221751324578/205632234016089842153177368128001, -25569166350443940154874788009255902606240/2250233536838071142682219939424714943, 4345811262986164000970265136276002775347500690/24624305593619012514371532797124655621249}}","{36.775336818873875, 0.3618205127554823, 0.13091408345064015, 3074020/10943, Sqrt[618486269378/59869153], 618486269378/59869153, 1020233890632228453910021/382525265409115980506884, -300341215278172377/(618486269378*Sqrt[309243134689]), {3074020/10943, 976566892/10943, 327804363148/10943, 113503757982892/10943, 40104624870147100/10943, 14376537570953811772/10943, 5210458262781007087948/10943, 1904884003197261134139532/10943, 701362823703084213923055100/10943, 259774157450766059699495538652/10943}, {0, 1236972538756/119749249, -1201364861112689508/1310416031807, 4080935562528913815640084/14339882636064001, -7917936150618708877779127389300/156921335686448362943, 20896205466933150631239183613298656996/1717190176416804435685249, -49685575126311882933381967750862751198428388/18791212100529090939703679807, 127871791975125510911389791388776583265714967433204/205632234016089842153177368128001, -325261000224951296539010659664875011579885021652219230420/2250233536838071142682219939424714943, 848776131524426045371976775691980617385899907120133395239768836/24624305593619012514371532797124655621249}}"
"{1.7176226426006016, 0.5462852240902791, 0.2984275460593665, 30188/5245, 2*Sqrt[135967838/55014805], 543871352/55014805, 36204983198021443/18487252970394244, -2607991743/(3578101*Sqrt[67983919]), {30188/5245, 225596/5245, 376168/1049, 3346540/1049, 156343868/5245, 1523816816/5245, 3086323840/1049, 32369332324/1049, 1752078291428/5245, 19507191629336/5245}, {0, 271935676/27510025, -396414744936/144290081125, 144819932792085772/756801475500625, 192088613366143001772/3969423739000778125, 21576370199855237507834576/4163925502211816253125, 866852021099942973756101976192/109198946295504881238203125, 100415950959287889711611988132891268/572748473319923102094375390625, 1604937283194726618640029056238470465844/3004065742562996670484998923828125, 108868566212933648392403599189515477101839384/15756324819742917536693819355478515625}}","{91.38548125004517, 0.5317393036252913, 0.28274668701990974, 3390433/10490, 3*Sqrt[361097054369/110029610], 3249873489321/110029610, 5693034909703275000428059/3520559232197150633680347, 15378807548191976/(1083291163107*Sqrt[361097054369]), {3390433/10490, 1405615769/10490, 131164899677/2098, 325071288072089/10490, 166707022009391953/10490, 87367760528218421129/10490, 9300958173360230313053/2098, 25055688097570108019459129/10490, 13634292918599237877147991633/10490, 7481685446122762089809706358889/10490}, {0, 3249873489321/110040100, 17301158491715973/144290081125, 17079104729109825001284177/12108823608010000, -86741525158822628419520771883/7938847478001556250, 22556978931513863061773228956386741861/266491232141556240200000, -4693805753616784815990155690829477428067921/1747183140728078099811250000, 840736292110402222314202648744198049599271104694433/146623609169900314136160100000000, -17427270094179629604684602816781933518999426863915523403/48065051881007946727759982781250000, 6770210484934141386099517751844260332724406554278677628949966409/16134476615416747557574471020010000000000}}"
"{0.7619734499230868, 0.4709532996896038, 0.2217970104885258, 35368/10295, Sqrt[138708958/52988365], 138708958/52988365, 41903440727474483/19240175029445764, -601861212/(69354479*Sqrt[69354479]), {35368/10295, 148452/10295, 695104/10295, 3495252/10295, 18509728/10295, 102075732/10295, 581911264/10295, 3411225492/10295, 20479200928/10295, 125495584212/10295}, {0, 277417916/105987025, -4814889696/1091136422375, 167613762909897932/11233249468350625, 267784738510188305472/115646303276669684375, 27695947245814870516455196/238115738446662880128125, 578203278363189409007013569472/12257007636541971754595234375, 137673426767727357915150058371815948/126185893618199599213557937890625, 943857183825269811812461629134242160064/1299083774799364873903578970583984375, 153902738659405460090965015129786574301164684/13374067461559461376837345502162119140625}}","{25.500426770658603, 0.34032774019834244, 0.11582297074851047, 2266622/10295, Sqrt[297495716403/52988365], 297495716403/52988365, 42414162727262498499119/19667489172918711835202, (-3684811007953079*Sqrt[6/99165238801])/99165238801, {2266622/10295, 556830182/10295, 29358593656/2059, 40596496440578/10295, 11626773907397192/10295, 3421698712801056122/10295, 205910607043518461584/2059, 315610409419796776762658/10295, 98311579157411631017393912/10295, 31052666667382778078411042762/10295}, {0, 594991432806/105987025, -132653196286310844/1091136422375, 763454929090724972984142/11233249468350625, -343873499815129761200713412172/115646303276669684375, 253955831261798985479130844505590566/238115738446662880128125, -788504920197919451023845303957867457175052/12257007636541971754595234375, 2349670800818759510584540321211107026378499910478/126185893618199599213557937890625, -1788408267956518233687408168349367559445039464054127884/1299083774799364873903578970583984375, 4599362931113959629445504381064099194501105022697523820080734/13374067461559461376837345502162119140625}}"
"{1.0222677356518874, 0.43031880889278434, 0.18517427728690466, 6575/1191, 2*Sqrt[20011319/14183619], 80045276/14183619, 1069615228993755/400452888119761, (-51810358285*Sqrt[5/40022638])/40022638, {6575/1191, 215093/5955, 304388/1191, 11375999/5955, 17764496/1191, 719004623/5955, 1199753144/1191, 51334554359/5955, 89753228432/1191, 3994185760703/5955}, {0, 40022638/7092405, -10362071657/1689410871, 285230727731668/3353480578935, -442962044315021869/2396397221706951, 24113726689843838885348/14270545455264893205, -5708037281830716432003887/1133081309148032520477, 773241189695119687980497007604/20242497587929600978321605, -663577669065914844393207278019293/4821762925444830953036206311, 2988980550994135839850330460934052612/3190399802335996480592289842445}}","{31.334708672597515, 0.2985248327666226, 0.08911707577834, 1395903/3970, Sqrt[520902206623/47278730], 520902206623/47278730, 1126049611723718254554513/271339108864710585064129, (-303301426646733588*Sqrt[3/520902206623])/520902206623, {1395903/3970, 320732381/2382, 212298063393/3970, 258304725188221/11910, 35461361114936793/3970, 8877731190891112553/2382, 6247328591400695555433/3970, 8002422615681058275600301/11910, 1151261313498333715273677273/3970, 301235607183578992143697850345/2382}, {0, 520902206623/47282700, -25275118887227799/15642693250, 375349870574572751518171/745217906430000, -14658409569654093146766543691/123271462021962500, 77697765936406268777646531532301963/2349060980290517400000, -34142527162579359372454008692397256989757/3885738371563897532500000, 453471399863614910759479640716560420613381063219/185116576021304078448300000000, -10430323442573997170690791447303896804748944049504371/15310683475095358154994812500000, 563558408314222942213081415857930994551671166789138954030927/2917603843014171450015811470000000000}}"
"{0.872625949738411, 0.47880599340949215, 0.22925517932485065, 40747/10705, Sqrt[63433491/4774430]/2, 63433491/19097720, 77138965013404867/24142846682682486, (162549673868*Sqrt[2/21144497])/190300473, {40747/10705, 190651/10705, 202673/2141, 5974207/10705, 38555797/10705, 269149591/10705, 401018009/2141, 15717587647/10705, 127976833477/10705, 1070922678631/10705}, {0, 380600946/114597025, 1950596086416/1226761152625, 462833790080429202/13132478138850625, 9838289376844197208128/140583178476395940625, 190373094821701875398720586/300988585117963708878125, 34625084583497666049491959858368/16110414018439007517701640625, 2450212944848835386541532791019568658/172461982067389575476996062890625, 111108505160328192214108020828735796692096/1846205518031405405481242853244140625, 6913549072156514982474689832421911552694010034/19763630070526194865676704743978525390625}}","{46.5832653747589, 0.43461588571163556, 0.18889096811290945, 2640009/10705, Sqrt[658190243617/14323290]/2, 658190243617/57293160, 3460831830218078342825791/866428793585211618485378, 617246800249839639/(658190243617*Sqrt[1316380487234]), {2640009/10705, 774033443/10705, 262312174173/10705, 100738595123603/10705, 42696213835525629/10705, 19409248797096429683/10705, 9240559546099495831533/10705, 4530616981114972338335123/10705, 2263168216013660008951507869/10705, 1144259763043259246015854105523/10705}, {0, 1316380487234/114597025, 1234493600499679278/1226761152625, 6921663660436156685651582/13132478138850625, 12846811834710974223989493636846/140583178476395940625, 9895933520403154242691755344431394254/300988585117963708878125, 116574599664140837671078882070305756868922054/16110414018439007517701640625, 395002815563991960488650727181626180134352206302398/172461982067389575476996062890625, 1033931002159636115732225182031152903774600720534054061502/1846205518031405405481242853244140625, 3314225551272542348143041469501711890371353486439817680467224566/19763630070526194865676704743978525390625}}"
"{1.1470348367500638, 0.4711431528670682, 0.2219758704935216, 20375/3943, 17*Sqrt[478253/23318902], 138215117/23318902, 79986096382808283/38206837134647378, (52503471978*Sqrt[6/478253])/2349656989, {20375/3943, 385963/11829, 910821/3943, 20814871/11829, 55587085/3943, 1385586343/11829, 3943260221/3943, 103129452871/11829, 304664212365/3943, 8209305184423/11829}, {0, 276430234/46641747, 70004629304/61302802807, 53324064255205522/725150854404003, 29522351199912468960/953089939638327943, 12933115111405494952268074/11274100895981781237747, 9784596386122311553076334904/14817926610952054473478807, 3624528159351486111360100869139522/175281253880951852366780808003, 2934549688596960925852776937018148240/230377994684197717960738908651943, 1124345389554214466885587920738542071599514/2725141299119374805757580550443833747}}","{34.62711343913174, 0.33002183655989764, 0.10891441260636779, 3760789/11829, 2*Sqrt[96269028869/34978353], 385076115476/34978353, 1935270723316182350154315/593134458840342746826304, -818564024579234201/(3080608923808*Sqrt[96269028869]), {3760789/11829, 1325880325/11829, 492634484035/11829, 189626488815337/11829, 74927430642967459/11829, 30203832298538903665/11829, 12365230787407367797435/11829, 5123954966072317067473417/11829, 2143818212253927323594961139/11829, 903949841865192399532145711905/11829}, {0, 1540304461904/139925241, -1637128049158468402/1655175675789, 2580360964421576466872420/6526357689636027, -18613026172633228195394794016810/231600855332113690149, 63448521325921974488784210380254280764/2739606517723572840772521, -63348625574424252019184965266871219126884334/10802268499384047711166050303, 620710492305571862332056921913110823972574746436060/383340102237641701126149627102561, -1990924120277993611889610464937454428386013517119192289930/4534530069369063682621223938996194069, 729072667327332943496080274962462709898371521265937435684159836/5959884021174072700191828663820664404689}}"
"{1.3242628253566164, 0.6135118573657041, 0.3763967991283161, 26489/7529, Sqrt[66017545/14169578], 66017545/14169578, 36199477384322413/17433264991308100, 114021470283/(66017545*Sqrt[66017545]), {26489/7529, 128269/7529, 714173/7529, 4324213/7529, 27690509/7529, 184624309/7529, 1269091853/7529, 8933221333/7529, 64081014989/7529, 466772223349/7529}, {0, 264070180/56685841, 912171762264/426787696889, 144797909537289652/3213284569877281, 1276509344262593971800/24192819526606048649, 104993664162053576160683380/182147738215816940278321, 1499284133251242125891294705304/1371390321026885743355478809, 88672445729213804954856092068754932/10325197727011422761723399952961, 1708289136746613649432488374833822587480/77738413686669001973015478245843369, 82609345440685440735639626376892500275636980/585292516646930915854833535712954725201}}","{44.316667115927224, 0.466273496813364, 0.21741097383056215, 1534698/7529, Sqrt[127999902133/14169578], 127999902133/14169578, 134692384253350092918493/65535899784230311798756, 53796254290677/(1802815523*Sqrt[127999902133]), {1534698/7529, 380833784/7529, 105891022296/7529, 31653317209412/7529, 9939972530228328/7529, 3232835462300928764/7529, 1078817040568017025776/7529, 367017221409283832071652/7529, 126717084844624253892751128/7529, 44257524395359220535836128844/7529}, {0, 511999608532/56685841, 30556272437104536/426787696889, 538769537013400371673972/3213284569877281, 65297460823227127469570459040/24192819526606048649, 696609659187854046164855372736810412/182147738215816940278321, 105792674030468374131355475474082410249736/1371390321026885743355478809, 998233992389545784353966828545311397243681362692/10325197727011422761723399952961, 153208672150994641549725598908048531561836832519297840/77738413686669001973015478245843369, 1524314873382906333415764086772012348176810533417877865992092/585292516646930915854833535712954725201}}"
"{1.4097409715533034, 0.5498404025507381, 0.3023244682771577, 17836/3825, Sqrt[48083977/292587]/5, 48083977/7314675, 15278759092451451/4624137688273058, 223346746531/(48083977*Sqrt[96167954]), {17836/3825, 324934/11475, 770062/3825, 18611938/11475, 18525722/1275, 1630365034/11475, 334715206/225, 188047093858/11475, 716232397726/3825, 25199152966234/11475}, {0, 96167954/14630625, 446693493062/55962140625, 10185839394967634/71351729296875, 488776782977978028454/818761093681640625, 3593046348992772480545414/626352236666455078125, 147223521149500608417856168442/3992995508748651123046875, 13959222823615920737361055158785558/45819623462890771636962890625, 394762604820649861220425132071339053078/175260059745557201511383056640625, 1341362583006163871962647376580602892495774/74485525391861810642337799072265625}}","{56.423981401307046, 0.45894979497416916, 0.2106349143068319, 3073874/11475, Sqrt[995026481362/292587]/15, 995026481362/65832075, 66331151577019839415017/34140610296953190806036, 41250294541698131/(497513240681*Sqrt[497513240681]), {3073874/11475, 996841336/11475, 14497940984/459, 141531140380108/11475, 57979604462045984/11475, 24585251882992555036/11475, 25174875642483566416/27, 4750777048925578056893788/11475, 126058186797732939013088032/675, 978793873720632912434684524636/11475}, {0, 1990052962724/131675625, 330002356333585048/1510977796875, 2564804527644767124047324/5779490073046875, 3415906205021333134429952533496/198958945764638671875, 7530180002800171218927724923386831924/456610780529845751953125, 8205880890944754821303745538917166508973448/8732681177633300006103515625, 206356739596096161439946878518093047131435816215668/300622549540026352710113525390625, 155927841826084576834511222972933523418949608976412945592/3449643755971802397348552703857421875, 134132159066280204272102224575555579179409753093057137761501124/4398295788864048056619404697418212890625}}"
"{2.0904296634761, 0.6897378927476661, 0.4757383606919909, 46419/10564, Sqrt[1024987619/27896883]/2, 1024987619/111587532, 3693804849856851797/1050599619103289161, 33640310889882/(1024987619*Sqrt[1024987619]), {46419/10564, 300995/10564, 2476719/10564, 23609891/10564, 246167199/10564, 2712911315/10564, 30977836479/10564, 362243882051/10564, 4307732555679/10564, 51870484880435/10564}, {0, 1024987619/111598096, 16820155444941/589461143072, 3693804849856851797/12454135030825216, 60730181649484326125985/32891370616409395456, 21200856054116320304154568919/1389857756766995414388736, 836612594120048294560567464195231/7341228671243269778801303552, 142400366844109006719132328216419439337/155105479366027803886513941446656, 1491098892601594731795562154450522179896585/204816785502839715032141659680309248, 1024928500894974307782069621399196987137982391819/17309476176415989996796355942902295166976}}","{62.56996486736889, 0.49139650811315794, 0.2414705281858049, 144071/556, Sqrt[31740115795/489419]/2, 31740115795/1957676, 2549016797309932571637/1007434950680008482025, (1412158570012666*Sqrt[19/95220347385])/31740115795, {144071/556, 880562869/10564, 330629896517/10564, 137847868508293/10564, 61603977201083189/10564, 28823127865130404789/10564, 13904296147343855398277/10564, 6847818059284932424612453/10564, 3421310881102618839055790549/10564, 1726946094985476643622803266709/10564}, {0, 95220347385/5873584, 2118237855018999/1632856352, 1207429009252073323407/1815736263424, 27815870180439675881650515/252387340615936, 20744679970942711287601308020565/561309445529841664, 1248749241099059623921136213781694029/156044025857295982592, 404291841197934534111289600830289157381067/173520956753313132642304, 6820362490575118886645458838094305681335697355/12059706494355262718640128, 8390470898297485637454206831015713121082786744101745/53641574486892208572511289344}}"
"{1.1575991039690494, 0.5020402045072898, 0.2520443669417214, 28347/6172, Sqrt[202514451/38090498], 202514451/38090498, 36607982763802663/13670700954610467, 368170718734/(67504817*Sqrt[202514451]), {28347/6172, 163005/6172, 1079049/6172, 7898925/6172, 62385957/6172, 522851625/6172, 4594136649/6172, 41933439285/6172, 394720442157/6172, 3809423867745/6172}, {0, 202514451/38093584, 552256078101/117556800224, 109823948291407989/1451121141965056, 413860598570272183065/2239079922052081408, 94053727090277083429245351/55278405115621785800704, 1145970810937041286563826419351/170589158186808830980972544, 104158458314370205318746505091565609/2105752568657968209629125083136, 399959017580018102166730864642478669025/1624588106719622473728870001639424, 132563631952571807925535755463713275878653051/80215662357388079262836685200948199424}}","{40.24077873846731, 0.3654688215148847, 0.13356745949947865, 3718961/12344, Sqrt[1847177924007/38090498]/2, 1847177924007/152361992, 3077545798159206141476431/1137355427646270088978683, (-40452605888447622*Sqrt[3/615725974669])/615725974669, {3718961/12344, 1270078487/12344, 470423052599/12344, 185224533429731/12344, 76560122459508311/12344, 32895513351746966027/12344, 14571880005667378986719/12344, 6609139687935324864029411/12344, 3052102340099479126008664391/12344, 1428807670342304155486838846267/12344}, {0, 1847177924007/152374336, -182036726498014299/940454401792, 9232637394477618424429293/23217938271440896, -1314265263466121180583786742275/71650557505666605056, 58592987891734456552117729061689646547/3537817927399794291245056, -31867077075705944090864626897336143580840449/21835412247911530365564485632, 426667402624309181909028364343873222941604311788633/539072657576439861665056021282816, -88903840582832322393507980115524854857773627355464000595/831789110640446706549181440839385088, 3489352092069682984950932175234541242408077486222416535539727487/82140838253965393165144765645770956210176}}"
"{0.9872426530134599, 0.46014394818475507, 0.21173245305105456, 55099/11817, Sqrt[22955147/554086]/3, 22955147/4986774, 68961091503148350/25819999915788841, 2311066491859/(642744116*Sqrt[160686029]), {55099/11817, 34589/1313, 1517/9, 1551825/1313, 104862709/11817, 92081409/1313, 6808439941/11817, 6403464545/1313, 499469029429/11817, 490233964929/1313}, {0, 642744116/139641489, 4622132983718/1650143475513, 367792488016791200/6499915150045707, 17517064743278238505270/230428491984270358857, 2622568270452828371788552456/2722973489778122830613169, 21266540881804339783864141974986/10725792576236025829785272691, 7450410878893418141784253789985399840/380240072620143351691717702168641, 238810880678719382198885183691035735014310/4493296938152233986941028086526830697, 2631818773779078032015927869597430857996500344/5899698879793883224853569877609728705161}}","{22.948665482320347, 0.2786379820573769, 0.07763912504500708, 34583/117, Sqrt[2344393945/38402]/3, 2344393945/345618, 64342894534868140629/21984731877410652100, (1037464933189*Sqrt[101/2344393945])/2344393945, {34583/117, 1112580757/11817, 376846053271/11817, 134525038996357/11817, 50163045963986983/11817, 19378223409769767157/11817, 7700364901009155085111/11817, 3129501626433300774061477/11817, 1294917639601434652487900743/11817, 543618354417559997511775625557/11817}, {0, 9377575780/1382589, 8299719465512/161762913, 849411148975156972/6308753607, -14675194211364027899120/2214372516057, 1338569566404118390792951100/259081584378669, -7968868483989155864361713186056/10104181790768091, 1053426900357700244005241928113173396/3546567808559599941, -28012079930647534435348501812314281495360/414948433601473193097, 111838605150993800343695518524231016829416780/5394329636819151510261}}"
"{0.7219245670923415, 0.39046315835064144, 0.15246147802915808, 30963/6539, (2*Sqrt[73077383/9501167])/3, 292309532/85510503, 40177393402398137/10680607812257378, 194298712815/(73077383*Sqrt[146154766]), {30963/6539, 168965/6539, 1020831/6539, 6753701/6539, 48725043/6539, 381558065/6539, 3216327711/6539, 2218748897/503, 271627169163/6539, 2653800208265/6539}, {0, 146154766/42758521, 388597425630/279597968819, 80354786804796274/1828291118107441, 1073970310102611301890/11955195621304556699, 79651216572704855199623926/78175024167710496254761, 1934311798503661113971305072950/511186483032658935009882179, 101946111215215708232835460284845434/3342648412550556776029619568481, 3189315058167357697662626888867268646410/21857577969668090758457682358297259, 146214905810761538882140773728903001317985886/142926702343659645469554784940905776601}}","{27.41022075627899, 0.3028007051732002, 0.0916882670533873, 1954835/6539, (2*Sqrt[175174453733/9501167])/3, 700697814932/85510503, 73001754572413275195193/30686089240654957635289, -96423890918562885/(350348907466*Sqrt[350348907466]), {1954835/6539, 637976569/6539, 220502625920/6539, 79306289959063/6539, 29347983397213700/6539, 11091397113242251879/6539, 4259629517514617217980/6539, 1656804519367518804844063/6539, 651129378857128411291083140/6539, 258125100316147782704593738039/6539}, {0, 350348907466/42758521, -96423890918562885/279597968819, 292007018289653100780772/1828291118107441, -230742446841899531267903799525/11955195621304556699, 428928127550675300353810691041370296/78175024167710496254761, -531538839375285440009915305386222700998465/511186483032658935009882179, 867256516812545548673779688320487355272073948052/3342648412550556776029619568481, -1265127309821126176715336924831014637699102907464795565/21857577969668090758457682358297259, 2007678199882576097925354680268385116099972130713688865436976/142926702343659645469554784940905776601}}"
"{3.0378117667728426, 0.6958823975535056, 0.48425231122481516, 7233/1153, 5*Sqrt[5573103/7311173], 139327575/7311173, 36602791099366591/12941448770253750, (111467016446*Sqrt[22/5573103])/232212625, {7233/1153, 740793/12683, 789591/1153, 114979053/12683, 1626116733/12683, 23917748133/12683, 360783903621/12683, 5537346397293/12683, 86064121226733/12683, 1350554069787573/12683}, {0, 278655150/14623499, 1337604197352/16860894347, 19965158781472686/19440611182091, 179852348912667421680/22415024692950923, 2126790220841601789792630/25844523470972414219, 22593050471240513348848248072/29798735562031193594507, 258973203244974732178814516412126/34357942103021966214466571, 2906101690166858449855785935027264160/39614707244784327045279956363, 33515487354995483953039238694550652536710/45675757453236329083207789686539}}","{121.48486942420676, 0.557189900320673, 0.31046058501936147, 451175/1153, Sqrt[20444479114/430069], 20444479114/430069, 209893749767312284468091/120795273884164063023844, (12507512116391019*Sqrt[11/173778072469])/173778072469, {451175/1153, 2544891567/12683, 1542910734553/12683, 1018835329335687/12683, 63839178777763595/1153, 495624577325334267207/12683, 355087015399720092473833/12683, 257121285665544389516118567/12683, 187716285015478238013566438425/12683, 137961532952714253386809989683847/12683}, {0, 695112289876/14623499, 100060096931128152/16860894347, 76324999915386285261124/19440611182091, 21171099077518260878899670520/22415024692950923, 10972215238820033739240015346878676/25844523470972414219, 3911062945124974912720563030586506214632/29798735562031193594507, 1805676738983456653003969159056977666634132004/34357942103021966214466571, 715716683390374506622383902482998027159497779551000/39614707244784327045279956363, 318802889722103591444283487788065968378345697595738057076/45675757453236329083207789686539}}"
"{1.1518257160537693, 0.4602129083424257, 0.2117959210049939, 3883/714, Sqrt[12133999/1937082], 12133999/1937082, 11413200776310393/3680848293300025, (5655310112*Sqrt[19/60669995])/60669995, {3883/714, 69457/1938, 3579445/13566, 1696295/798, 35894491/1938, 2342351119/13566, 23106486085/13566, 34093468705/1938, 2556765426637/13566, 1658382570767/798}, {0, 60669995/9686124, 706913764/864486567, 200231592566849/1645982423568, 15411526980235520/110177948477583, 8670916638742143667675/2517345766815816384, 167849842526644617168727/18722759140692634356, 22116621274137708345111510581/183333257505662275613952, 1730543102014652259433362236495/3579295394583203334056766, 352861705497603365474457793625476595/72693103267055137579136879616}}","{43.88291674307655, 0.35963170648112386, 0.12933496430652522, 2301449/6783, Sqrt[1369987609714/92011395], 1369987609714/92011395, 1265765441439306845115591/469216512692469796790449, -203014095218240483/(684993804857*Sqrt[684993804857]), {2301449/6783, 881860726/6783, 363328883705/6783, 157718236771918/6783, 71413027588727429/6783, 33500007765109805266/6783, 16187950219488203324465/6783, 421888378901927428076482/357, 4048494882980664068453564669/6783, 2077185420078923063654290023706/6783}, {0, 684993804857/46009089, -203014095218240483/312079650687, 421921813813102281705197/705612090203307, -710049011622216157180536449035/14358500423547094143, 2888878059757965559969129384728073147/97393708372919939571969, -806824151985078755409157234760480345128421/220207174631171983372221909, 1067751006848526367274250325858562756200100402753/640142256652816955663049089463, -8284439431566444947976524405210729840421432599010516515/30394594488132401871837233816792703, 2363634202352890128593072742949305684334232181076453691198843/22907392712555786877407995219922767161}}"
"{1.05740983108942, 0.4218160827154997, 0.17792880763744928, 76473/12868, (7*Sqrt[21234043/41393139])/2, 1040468107/165572556, 2955728387013609541/1082573881684163449, -3554675861490/(7283276749*Sqrt[21234043]), {76473/12868, 535327/12868, 4120965/12868, 34061935/12868, 298444413/12868, 2746057447/12868, 26326442805/12868, 261209972095/12868, 2667129959853/12868, 27894683610967/12868}, {0, 1040468107/165585424, -1777337930745/1065376618016, 2955728387013609541/27418532641259776, -2002015735514821542165/88205419506932699392, 11279217294193403674632886447/4540109352860839903105024, 9209336731389264889922477416365/29211063576306643936577724416, 50753469040796536383119276047972470601/751775932199827788351764315570176, 47869409895111827545833511233186898115955/1209231586943422997563812901594628096, 253236857819874756199157282781969401100232695187/124483136486303737061209155341757394714624}}","{28.40261155151708, 0.2675340573984731, 0.07157447186808949, 5106357/12868, Sqrt[1866150860803/41393139]/2, 1866150860803/165572556, 16873065305772527545038229/3482519035275777881804809, -3428417270210318106/(1866150860803*Sqrt[1866150860803]), {5106357/12868, 2171357839/12868, 956043905925/12868, 431163778128367/12868, 198201538262950197/12868, 92621755912928904799/12868, 43924618573902139768965/12868, 21112025461819453044597007/12868, 10273398538385506125884965077/12868, 5056511528398553593231842570559/12868}, {0, 1866150860803/165585424, -1714208635105159053/1065376618016, 16873065305772527545038229/27418532641259776, -14748466824662093057543456445825/88205419506932699392, 256469906275223655253036509025405475383/4540109352860839903105024, -536393693986113201374599703191323810283960863/29211063576306643936577724416, 4771999240434667230260542220467980337245345111464809/751775932199827788351764315570176, -2674090300520504749885052396955970810064321570846009052585/1209231586943422997563812901594628096, 98148723481216818149812288198580378189055549006090961970056725163/124483136486303737061209155341757394714624}}"
"{0.9842737156976319, 0.476454501475229, 0.227008891976009, 5771/1331, Sqrt[34018979/65879]/11, 34018979/7971359, 5996894096388177/2314581864404882, 25338486249/(34018979*Sqrt[68037958]), {5771/1331, 276317/11979, 183431/1331, 10730117/11979, 8253551/1331, 539435597/11979, 451481831/1331, 31483294037/11979, 27707525471/1331, 2009893765277/11979}, {0, 68037958/15944049, 5630774722/7073843073, 1332643132530706/28245855390489, 223462846454935570/12531744508246953, 34997040040894379661418/50039255821430083329, 8047879238116388264421562/22200749832774480303633, 1045581254260431658752103586866/88647594082268499852406569, 307731983892721147079075565454210/39329982574499791101184381113, 33556972426614919798325860370483776378/157044620419977665867029233784209}}","{21.297071765921608, 0.2815578857869563, 0.07927484304882072, 3218141/11979, Sqrt[410467972201/65879]/33, 410467972201/71742231, 1401292574091938583616665/336967912405601817568802, (-35737369740518690*Sqrt[2/410467972201])/58638281743, {3218141/11979, 933080177/11979, 280518966467/11979, 86209432635797/11979, 26901583111616291/11979, 8492913098472637517/11979, 2706742002291620458427/11979, 869616550420239719047637/11979, 281358908113202902852287731/11979, 91604688238700659681840840157/11979}, {0, 820935944402/143496441, -1000646352734523320/1718943866739, 934195049394625722411110/6863742859888827, -6296831308497794657442934501600/246662327155824775899, 16557918216978325600487106023026531162/2954768016999624990494121, -14580060642154041834501973552077826530153800/11798388691879502587043025153, 120831062440374220584570258349192359916490317169570/423998694420073684470565194923361, -340073921257173340483896702560190217788741793203147208400/5079080360458062666272900469986941419, 108415924326411012115529244848160748565814671059296437793373658/6760255959769681408809230525552619028689}}"
"{1.7643894740086135, 0.5566827915141864, 0.30989573036802714, 11814/2075, Sqrt[151372739/602746]/5, 151372739/15068650, 14279926421896307/6546773174960606, (161483815179*Sqrt[2/21624677])/151372739, {11814/2075, 88106/2075, 5322816/14525, 50253122/14525, 502752888/14525, 5226990962/14525, 7969884408/2075, 86659154366/2075, 6686889508728/14525, 74494137916082/14525}, {0, 43249354/4305625, 645935260716/62539203125, 28559852843792614/129768846484375, 128787373067799457572/269270356455078125, 670336646401001744015798/111747197928857421875, 3117970249046975569683180324/165625311215985107421875, 63641133842558509340643136699258/343672520773169097900390625, 3604724966488405766351940965245946004/4991843364230281147003173828125, 64391691474532998557749873358762766567262/10358074980777833380031585693359375}}","{61.62112623653028, 0.42211803221906413, 0.17818363312449487, 5023171/14525, (3*Sqrt[249759105013/4219222])/5, 2247831945117/105480550, 7013686878116241570760747/3368498968992317133429126, (14515410896498696*Sqrt[2/249759105013])/204348358647, {5023171/14525, 2046671999/14525, 930957737629/14525, 456158244554531/14525, 235218007939371661/14525, 125699521750645925339/14525, 68905779910425024822709/14525, 38477776656874629870498851/14525, 21782274734233716317614921981/14525, 12458557813379086238600453830379/14525}, {0, 4495663890234/210975625, 1916034238337827872/3064420953125, 42082121268697449424564482/44510714344140625, 33181754977469053803449100455904/646518125848642578125, 96896370753707839697636365556610734154/1878135155590306689453125, 455250439529501740896849757418290708835037696/136399565674746023321533203125, 874812733692456940310271139216102768968908835599214/283029098775097998392181396484375, 5835282005632142075081472120203154479376065292755794498848/28776983617958088986525043487548828125, 81786589214905432429176630650783051332537765066160917728218274066/417985687050841242529276256656646728515625}}"
"{0.9985901001572445, 0.4685083607506706, 0.2195000840932805, 29157/6409, Sqrt[373178382/82144153], 373178382/82144153, 10373621976699799/3868391799781609, 142526297614/(62196397*Sqrt[186589191]), {29157/6409, 161760/6409, 1011216/6409, 6904818/6409, 50791752/6409, 399104790/6409, 3324140556/6409, 29106744258/6409, 265667744352/6409, 2507354791470/6409}, {0, 186589191/41075281, 427578892842/263251475929, 93362597790298191/1687178709228961, 1126161519353488676970/10813128347448411049, 78841842414518918046536151/69301339578796866413041, 1874092941252355518555938831922/444152285360509116841179769, 90616667313467621557682939930793951/2846571996875502929835121139521, 2876400152093847661226477287820194621530/18243679927975098277313291383190089, 122373988995328958115054319800868789160585511/116923744658392404859300884474865280401}}","{28.706843351172743, 0.32169184623339925, 0.10348564393305298, 1777852/6409, 10*Sqrt[6541350623/82144153], 654135062300/82144153, 141662066932239038000831/53486584966278110161250, -47955325776840633/(817668827875*Sqrt[13082701246]), {1777852/6409, 544207406/6409, 176940525382/6409, 59997160993550/6409, 20994413091006442/6409, 7528209455541049466/6409, 2752352322986463183622/6409, 1022194744314208593754550/6409, 384586197620323421003724322/6409, 146286277220384960811660511826/6409}, {0, 327067531150/41075281, -95910651553681266/263251475929, 283324133864478076001662/1687178709228961, -206245890594312995313579378750/10813128347448411049, 359706486065780412518826235567616410/69301339578796866413041, -364655063742413060943518408916746809432866/444152285360509116841179769, 536269110683593334813535625951529217197200987462/2846571996875502929835121139521, -622487875939371302258594150945395419725837835009231750/18243679927975098277313291383190089, 859900006480307255662011055871564199070092797908734193255570/116923744658392404859300884474865280401}}"
"{0.7764045937598769, 0.40649514774748974, 0.16523830514225352, 69193/14726, Sqrt[791052961/8673614]/5, 791052961/216840350, 1753480463749159297/625764787106867521, 4871915516856/(791052961*Sqrt[791052961]), {69193/14726, 378835/14726, 2307307/14726, 15265039/14726, 107787043/14726, 800999695/14726, 6194959027/14726, 49425017119/14726, 403981092643/14726, 3364820067055/14726}, {0, 791052961/216855076, 608989439607/399175981147, 1753480463749159297/47026123986965776, 1396082008409170630335/43281668864503626086, 5491766449525280767638932641/10197853691178886363878976, 11183758615516082932473247513557/18771699182037535074310225072, 19868898887853093302071529468049355777/2211456337237477932034338995282176, 10511722110073249049443655116599953015055/1017684563192471875848052376391416368, 77144143112505047244074495606883416684255164321/479565532082314906999629417431679917925376}}","{35.74306268696843, 0.34209023047437237, 0.11702572578600921, 4497749/14726, Sqrt[2367239952633/8673614]/5, 2367239952633/216840350, 4409839322494369303121147/1867941664447296027877563, (17915729259867976*Sqrt[3/789079984211])/789079984211, {4497749/14726, 1534495859/14726, 567620169959/14726, 223180079906279/14726, 91941585022431719/14726, 39256728982523871359/14726, 17229859516340544767999/14726, 7725151216488746366409959/14726, 95180522557064590951377707/398, 1626575358138156898455126052559/14726}, {0, 2367239952633/216855076, 20155195417351473/399175981147, 13229517967483107909363441/47026123986965776, -66257265865353331991090125335/43281668864503626086, 95781098568757366678131579181802940393/10197853691178886363878976, -4697809486775964473094209932620779535256797/18771699182037535074310225072, 782102170749254839277044433333281701199829177047521/2211456337237477932034338995282176, -18879107981649054644903388518847402318797915570309368935/1017684563192471875848052376391416368, 6855946617200888556532929460050624878082515228453419607531649753/479565532082314906999629417431679917925376}}"
"{1.5417948656264262, 0.5099341360438577, 0.26003282310279563, 94927/16010, 3*Sqrt[260338289/256304090], 2343044601/256304090, 1338285043098070633/609984222475027689, 2939242450312/(2343044601*Sqrt[260338289]), {94927/16010, 709193/16010, 5974843/16010, 54408233/16010, 523210147/16010, 5238368993/16010, 54102534283/16010, 572803729913/16010, 6188916714547/16010, 68015849866193/16010}, {0, 2343044601/256320100, 1102215918867/512960600125, 12044565387882635697/65699993664010000, 7063976304180972103983/65741056160050006250, 16240309707179813685974508501/3368045789191681920200000, 170266894895331185134183227922401/33701508178099267214001250000, 632663077277892429427406445127970679393/4316489167450954144769280100000000, 510177161201585825777776472794361826039783/2159593486590305495554880450031250000, 5437521836376567772331193627630463213306903218009/1106402935049945311482676352160010000000000}}","{46.37050699142866, 0.3501591405171561, 0.12261142368771345, 3027417/8005, Sqrt[2247389224382/128152045], 2247389224382/128152045, 2944868795454352272062857/1262689581467081885820481, -33291163211068479/(1123694612191*Sqrt[1123694612191]), {3027417/8005, 1285315216/8005, 591751176567/8005, 289178693684872/8005, 147665533155019887/8005, 77883808675606102456/8005, 42075913345723493600967/8005, 23144741563704197075804392/8005, 12908495805391517288417526687/8005, 7277894010205308808694945745496/8005}, {0, 1123694612191/64080025, -33291163211068479/512960600125, 2944868795454352272062857/4106249604000625, -1274725652340754622156603372847/32870528080025003125, 2213788856563133003021108030775002321/52625715456120030003125, -11746669091491494648766694316191924010378147/2106344261131204200875078125, 53328389395336245429800838049225837429108453569673/16861285810355289628005000390625, -89915661590305972774930937789617675505471290987574916039/134974592911894093472180028126953125, 306391514401133294914903424487329800124904635232139624434997309/1080471616259712218244801125156259765625}}"
"{0.6545170941636445, 0.3607371500580579, 0.13013129143200977, 37637/7483, Sqrt[368648706/111983095], 368648706/111983095, 29469406470103423/11325155702956203, (-66836742344*Sqrt[3/61441451])/61441451, {37637/7483, 30562/1069, 187580/1069, 8522572/7483, 57815672/7483, 58101532/1069, 2949320120/7483, 3134934556/1069, 23843412056/1069, 1293645468964/7483}, {0, 184324353/55995289, -601530681096/419012747587, 88408219410310269/3135472390193521, -630504611421024035460/23462739895818117643, 57423954645235831378179393/175571682640406974322569, -593153158897273912007964727776/1313802901198165388855783827, 6260000443189267953376799095275987/1404455301380838800686832911063, -571534839684512318702973482245904774940/73566773141629717218776994714391003, 37138230380154597558863142899652722751453033/550500163418815173948108251447787875449}}","{18.875756713418998, 0.23925166312569102, 0.05724135830840914, 2467574/7483, Sqrt[697029691018/111983095], 697029691018/111983095, 308240793297881498757005/121462597540162137469081, -146161014192144180/(348514845509*Sqrt[348514845509]), {2467574/7483, 860274795/7483, 311788046078/7483, 116161214832615/7483, 44162332696926614/7483, 17050183826713620735/7483, 6663128905870011278078/7483, 2629807813320120025642695/7483, 1046585217356695705599799334/7483, 419493191477274618960416717775/7483}, {0, 348514845509/55995289, -146161014192144180/419012747587, 308240793297881498757005/3135472390193521, -282731186907383137232675611440/23462739895818117643, 433989506790510201098345987032424729/175571682640406974322569, -529522537469384599245880087346795710657860/1313802901198165388855783827, 109227783502272955495973597209739468868124933475/1404455301380838800686832911063, -1040029668953502872703773454423767679394876407628591320/73566773141629717218776994714391003, 1498434359351341239107600542682123979100238541927089866369649/550500163418815173948108251447787875449}}"
"{0.768561344474802, 0.40489369137087117, 0.16393890131193029, 11303/2411, 3*Sqrt[13962018/34875115], 125658162/34875115, 147256416292775/62658625703247, -24564441347/(62829081*Sqrt[2327003]), {11303/2411, 61676/2411, 366363/2411, 2304400/2411, 15126563/2411, 102699696/2411, 716775043/2411, 5119629920/2411, 37295544003/2411, 276361550416/2411}, {0, 20943027/5812921, -24564441347/14014952531, 1030794914049425/33790050552241, -2660324480145259995/81467811881453051, 68430038409011839621477/196418894446183305961, -262132201343995408294501087/473565954509747950671971, 5360670450201846441695673155985/1141767516323002309070122081, -26500719932256407054681120172445235/2752801481854758567168064337291, 472291006026730479048505646108068906877/6637004372751822905442203117208601}}","{22.693638894233217, 0.27225942498346434, 0.07412519449232664, 1476269/4822, Sqrt[484605209107/69750230], 484605209107/69750230, 547368319872844725529641/234842208693639195737449, (-3724376785882752*Sqrt[3/484605209107])/28506188771, {1476269/4822, 1456390645/14466, 168230372171/4822, 181898113526281/14466, 22522173340898259/4822, 25700736038543049145/14466, 3321576152076948556291/4822, 3924851777844183760671961/14466, 522154758576444796449609299/4822, 632287796192150842278401769145/14466}, {0, 484605209107/69755052, -2638100223333616/14014952531, 182456106624281575176547/1621922426507568, -670637123811013942696240990/81467811881453051, 101422255700293219638502760384468467/37712427733667194744512, -301234934962087846736166299563832464067/947131909019495901343942, 69664058149467013141658006791910259145966450627/876877452536065773365853758208, -132814958286031113071591827107046614171915994165525/11011205927419034268672257349164, 54215392862945809223236074913494160131274261121554157692627/20388877433093599965518447976064822272}}"
"{1.5427995067664748, 0.5272599634118462, 0.2780030690170614, 7220/1301, Sqrt[79699634/1034295]/3, 79699634/9308655, 14478819691587581/6352031659733956, (33749180151*Sqrt[11/39849817])/39849817, {7220/1301, 563268/14311, 4645288/14311, 42146124/14311, 406493920/14311, 4084326468/14311, 42240600568/14311, 446320670844/14311, 4794775040080/14311, 52198901009268/14311}, {0, 159399268/18618611, 269993441208/24222812911, 5265025342395484/31513879597211, 18013149796531793520/40999557355971511, 21666910127061796656188/4849129465465357801, 1108081117294782918795826248/69395891780274735490111, 12605031377220014818406484593164/90284055206137430872634411, 69597526331591658390704731406744160/117459555823184797565297368711, 729605929956531813618326556443975340868/152814882125963421632451876693011}}","{73.85515857839822, 0.458187122967899, 0.2099354396536006, 457691/1301, Sqrt[8957752967/344765], 8957752967/344765, 64102176764111005847767/38997290373849489301254, (6830847346615921*Sqrt[11/53746517802])/241859330109, {457691/1301, 2142974809/14311, 1039713214921/14311, 545251283901265/14311, 298911112114912201/14311, 168208222884636616369/14311, 8749372725135610672331/1301, 55704529014955548381099505/14311, 32520717116932733454844182121/14311, 19117422790313473361694628673329/14311}, {0, 483718660218/18618611, 40985084079695526/24222812911, 34964823689515094098782/31513879597211, 5770750363194149945375402790/40999557355971511, 3127757332323190477984268540537958/53340424120118935811, 706868610898992857721058987085886180606/69395891780274735490111, 318473275675077621320709761133592475275681662/90284055206137430872634411, 86141389373268553576142956680145386021117148318710/117459555823184797565297368711, 35400645814039266321979923665724795202188518025130434198/152814882125963421632451876693011}}"
"{1.085426081760802, 0.4542992876446875, 0.20638784275447053, 76242/14497, Sqrt[599808641/6567141]/4, 599808641/105074256, 1937536726021764221/719540811636533762, (6257153676399*Sqrt[2/599808641])/599808641, {76242/14497, 483718/14497, 3533424/14497, 28599898/14497, 248957832/14497, 2281199818/14497, 21685574664/14497, 211830528298/14497, 2112834945192/14497, 21426118396618/14497}, {0, 1199617282/210163009, 25028614705596/3046733141473, 3875073452043528442/44168490351934081, 171352597474383276532740/640310604631988372257, 18146501623770701022672686242/9282582835349935432609729, 1116293016407321055920141935668876/134569603364068013966543241313, 14810036738746655128562260352505757606/278693648566984856924711052759223, 7519024459943417159731894377393963250905300/28281552762929056295862752922953190817, 666719046599367735239350987171282042422774052402/409997670404182529121122329124052407274049}}","{29.06641606980373, 0.30424692418654303, 0.09256619087697206, 4552157/14497, Sqrt[319672772735/2189047]/4, 319672772735/35024752, 1428015936338790159625337/613144089768497756281350, 141385985822632843/(319672772735*Sqrt[1918036636410]), {4552157/14497, 223102021/2071, 577515199229/14497, 227094533333419/14497, 93760723423749437/14497, 5743611520540604461/2071, 17750978913112271494109/14497, 1145170650947645810440957/2071, 3684605258466533502521079677/14497, 1717597411261895498370803438107/14497}, {0, 1918036636410/210163009, 848315914935797058/3046733141473, 8568095618032740957752022/44168490351934081, 6444935866036935702775801544850/640310604631988372257, 51664317242472110789391906080065848990/9282582835349935432609729, 46249963099040408000237838066883294996673898/134569603364068013966543241313, 50797800034577893981440765115594557308057712226746/278693648566984856924711052759223, 329846360623175606881160969702392319036446634748508749090/28281552762929056295862752922953190817, 2624138642116393083954941048735475357113412120965785167149568270/409997670404182529121122329124052407274049}}"
"{1.4293072909246658, 0.4545201147447082, 0.2065885347075427, 51689/7471, 6*Sqrt[30662030/111624211], 1103833080/111624211, 4608658502762336/2115360188372025, 91779962594/(137979135*Sqrt[15331015]), {51689/7471, 431491/7471, 4047005/7471, 41018791/7471, 439096589/7471, 4892642671/7471, 56197111685/7471, 660943807591/7471, 7922127571229/7471, 96440944245151/7471}, {0, 551916540/55815841, 2202719102256/417000148111, 663646824397776384/3115408106537281, 6430014942167098655820/23275213963940026351, 1035165009794601812802179940/173889123524595936868321, 16439383568243592027758864944536/1299125641852256244343226191, 1878971305484981665625050221657361704/9705767670278206401488242872961, 40969182161680634733278535342594689613060/72511790264648480025518662503891631, 3799114203943312246481548653263007375690812940/541735585067188794270649927566574375201}}","{35.997438845185755, 0.28532903507107027, 0.08141265825458804, 3303379/7471, 6*Sqrt[49352274311/111624211], 1776681875196/111624211, 115139247996528299900207/43841645634027429444978, (385150417859776*Sqrt[2/49352274311])/444170468799, {3303379/7471, 1579528009/7471, 803637576697/7471, 430156377161437/7471, 240055984241539969/7471, 138600960968189591269/7471, 82239578912942940489457/7471, 49864802176924015512749437/7471, 30752973389921990642625145729/7471, 19220029003599248410386494094229/7471}, {0, 888340937598/55815841, 4621805014317312/417000148111, 2072506463937509398203726/3115408106537281, -449752960808573097145630754520/23275213963940026351, 6153416996654024563752930544990729758/173889123524595936868321, -3432813573188824761184691834236922679850968/1299125641852256244343226191, 20973830061055906853193669296114371977071440192206/9705767670278206401488242872961, -19320318054142737173676609130933011616609744170031177080/72511790264648480025518662503891631, 78628551240277580923976672122825644053703086116722718707729918/541735585067188794270649927566574375201}}"
"{0.8922391201798635, 0.4506382585203027, 0.20307484004221119, 31397/7146, Sqrt[200171405/5673527]/3, 200171405/51061743, 113906859544912569/40068591379674025, 1136815527256/(200171405*Sqrt[200171405]), {31397/7146, 165959/7146, 498787/3573, 6610793/7146, 23621071/3573, 358005989/7146, 1420392457/3573, 23382893033/7146, 99136850731/3573, 1723042716269/7146}, {0, 200171405/51065316, 142101940907/45614093517, 37968953181637523/869222166059952, 102511660013852966915/1164649049749578186, 98597818774984570658633605/133161313752167771474496, 94869449844621004790049103739/39648781169707953956531184, 110587507449637944945060695334093809/6799924565729592935360924180736, 102987966041936797395374256404751872915/1518508154584489722377786381110608, 16141320694435827725421937449735479718972245/38582255191682714866174796371258328064}}","{18.03472479248488, 0.25436697814660736, 0.06470255957143663, 1327883/4764, Sqrt[114080310587/5673527]/2, 114080310587/22694108, 40964724376062727923429/13014317263626384284569, -35417154387937502/(114080310587*Sqrt[114080310587]), {1327883/4764, 131356953/1588, 121629200063/4764, 38557325390251/4764, 12468032894752663/4764, 4096201669325631059/4764, 454637424622486542821/1588, 153173677951890905205897/1588, 156472786022784968519821703/4764, 53803543693568957699370314659/4764}, {0, 114080310587/22695696, -17708577193968751/54061147872, 13654908125354242641143/171698205641472, -6232040531043228270862084195/613477688756979456, 22759914760296560403217211911883647/11690430836953000513536, -2879281239094096664263294507096739533207/9282202084540682407747584, 15120424463354101289277000176291829661788026249/265322464384510865943056941056, -1569403979961232414402633448238597067313678697862795/157999527540976220669090408398848, 1225342912035573975416419032003066301070205854440118202923/669075332626853969126708182766321664}}"
"{1.1564649810791152, 0.4672761942687396, 0.2183470417302769, 82291/15537, Sqrt[739254613/30172854]/2, 739254613/120691416, 2967329502167015199/1092994765683559538, 400009346431/(23846923*Sqrt[1478509226]), {82291/15537, 531011/15537, 3923239/15537, 32002451/15537, 280611031/15537, 2593634531/15537, 24915563959/15537, 246275116211/15537, 2486810230231/15537, 25521246750851/15537}, {0, 1478509226/241398369, 24800579478722/3750606459153, 1978219668111343466/19424390851953387, 218027033963087432621170/905390282000399321457, 33822850180065127468658494006/14067048811440204257477409, 574529267902603071246994004838254/72853245794448817849475501211, 224166306375990944322394927925338219838/3395762639725053848781902586945921, 13446880140423091448111793047668437656489090/52759964133408161648524420493378774577, 177168918861633094307395489839205425166135570454/91081284748973623059235991245069557844761}}","{36.497436351221495, 0.3318464740464346, 0.11012208233705098, 5149382/15537, Sqrt[1459912030249/30172854]/2, 1459912030249/120691416, 9231958340962119544855485/4262686272131514182004002, (-148250392373642162*Sqrt[2/1459912030249])/1459912030249, {5149382/15537, 1894571606/15537, 750024019412/15537, 312986625198938/15537, 135923299001168972/15537, 60932382130990996826/15537, 28041205086366993577532/15537, 13193619511662466882697738/15537, 6325802888271426586326001292/15537, 3081963573576564595881629879546/15537}, {0, 2919824060498/241398369, -593001569494568648/3750606459153, 6154638893974746363236990/19424390851953387, -4801860511821120403599275493760/905390282000399321457, 153660000874669016466796477113129340738/14067048811440204257477409, -18571765651627765131425621419531426193723576/72853245794448817849475501211, 1437713263124647430843080578323590917616738269648650/3395762639725053848781902586945921, -786419183617267048047652208436777379146250054135685788880/52759964133408161648524420493378774577, 1592897570694963243667491922721058824096260645143920390377559042/91081284748973623059235991245069557844761}}"
"{1.1962436067158986, 0.45667986065222993, 0.20855649512534014, 45422/7919, Sqrt[860515702/125413203], 860515702/125413203, 401739799044911735/185121818347138201, 3398893743198/(430257851*Sqrt[430257851]), {45422/7919, 314865/7919, 2483492/7919, 21349041/7919, 194302712/7919, 1838146845/7919, 17870429492/7919, 177277022361/7919, 1786273690352/7919, 18226288857525/7919}, {0, 430257851/62710561, 3398893743198/496604932559, 401739799044911735/3932614460934721, 6203191239997182353070/31142373916142055599, 496749352536162067068165191/246616459041928938288481, 10533568981908937952694911806518/1952955739153035262306481039, 713219210887800416150557842797158055/15465456498352886242205023347841, 18331572575559382258979431235583149610270/122470950010456506152021579891552879, 1122738872063586589807698167141565019414417031/969847453132805072217858891161207248801}}","{32.806724746220716, 0.30582806727070966, 0.09353080673053771, 5555313/15838, Sqrt[2886318976733/250826406], 2886318976733/250826406, 14357716490548151491197785/8330837235449032195353289, 1162371703485145260/(2886318976733*Sqrt[2886318976733]), {5555313/15838, 2130813329/15838, 879879283401/15838, 384379048509449/15838, 174981784859262633/15838, 82069918819401740729/15838, 39343585402163879371641/15838, 19173605981984990288015369/15838, 9463712630821724937280226313/15838, 4718715790382502830050289907929/15838}, {0, 2886318976733/250842244, 290592925871286315/993209865118, 14357716490548151491197785/62921831374955536, 1640348092097482719539814781695/124569495664568222396, 88840107525235209420015980952718993013/15783453378683452050462784, 30037991495435270916148471533589535056380345/62494583652897128393807393248, 624522516091289712961207413321081126839508573419825/3959156863578338878004485977047296, 66480729785768394659304274432854325168719747911057484135/3919070400334608196864690556529692128, 4781495527834180271165115087405478944153998544860666026840343693/993123792007992393951087504549076222772224}}"
"{1.3002549446786806, 0.4668081484712755, 0.21790984747918038, 21117/3539, Sqrt[242916358/3478837]/3, 242916358/31309533, 41034693737221675/14752089245996041, (466019346351*Sqrt[5/121458179])/485832716, {21117/3539, 767299/17695, 6291123/17695, 11299331/3539, 108824079/3539, 5532855199/17695, 58721614683/17695, 129015341171/3539, 1458038737551/3539, 84376154611999/17695}, {0, 485832716/62622605, 932038692702/221621399095, 26262203991821872/156863626279441, 117415766353498502190/555140373402941699, 50769757021842367139831696/9823208907365053363805, 395513717684242323979492857702/34764336323164923854505895, 4778018450166570460277298048433888/24606197249536133104219272481, 56526693471297834998246541153075014670/87081332066108375055832005310259, 12979022797177622844866017901782729192718576/1540904170909787696612947333965033005}}","{62.854191829969444, 0.40437774501488083, 0.16352136066332, 6801588/17695, Sqrt[3782166079618/17394185]/3, 3782166079618/156547665, 8227426986806776388285507/3576195063453247878756481, -436497392217285513/(7564332159236*Sqrt[1891083039809]), {6801588/17695, 3041872364/17695, 299015192070/3539, 784698957568496/17695, 431210567896779438/17695, 244801855415166970664/17695, 28464318897414638219550/3539, 84249716071719861235216496/17695, 50587306719728490523492908318/17695, 30727724844183791671547946724664/17695}, {0, 7564332159236/313113025, -872994784434571026/5540534977375, 131638831788908422212568112/98039766424650625, -154789265207397264426236941940178/1734813666884192809375, 662479133419895666989441773243813590056/6139505567103158352378125, -8418196209625400548796763476722523315431149738/543192755049451935226654609375, 99812141528519938863648422907068094256128433568807888/9611795800600051993835653312890625, -372222883955460108763106094584665803791217490496661331966626/170080726691617920030921885371599609375, 3341631210213215355917631187965855353072165518923100710680177178584/3009578458808179094947162761650455087890625}}"
"{1.4916786909641153, 0.5286302966821356, 0.27944999057024267, 82823/15516, Sqrt[383361079/1337393]/6, 383361079/48146148, 2652374721742884273/734828584460221205, 75506959236202/(1916805395*Sqrt[1916805395]), {82823/15516, 565639/15516, 4651829/15516, 43963795/15516, 458754773/15516, 5122229179/15516, 59859481709/15516, 721616963155/15516, 8891700096293/15516, 111337778467819/15516}, {0, 1916805395/240746256, 37753479618101/1867709454048, 4420624536238140455/19319586592672512, 282527469242712293501945/224822029178930022144, 146520255759514899750187440295/13953354418961112894345216, 2637884394620452671492178890926717/36083374527433437944776728576, 1946685290714169556959893774711881949225/3359217835005943338906934323511296, 28647387283697262079516536858990065221993025/6515202990994027105809999120450158592, 3141406395304382203517628636458579330397755219555/89857679651789621843331507869248587300864}}","{35.657857435196824, 0.3311635739547237, 0.10966931271446574, 560541/1724, Sqrt[310109026867/6686965]/2, 310109026867/26747860, 210247543954670311369269/96167608544397727835689, 32130629256490506/(310109026867*Sqrt[310109026867]), {560541/1724, 1820165279/15516, 237460799069/5172, 296745619419995/15516, 14415178162236111/1724, 58952525172829860659/15516, 9216352832980275703909/5172, 13314685416122934621104315/15516, 2185431163382573428090629053/5172, 3289859427950745512088833270339/15516}, {0, 310109026867/26749584, 1785034958693917/7686047136, 23360838217185590152141/79504471574784, 225586544419085931884271385/11422142416243968, 2468943892630770452373805978420567/236301282307255209984, 27858518990930194309946776733050141909/22632411705428221222912, 313950283472819245245019949023968333648474961/702329000042848560989405184, 3557184519827429163457265043566123603296070499025/50450633169744621631072272384, 44388864184287951252270201024707292915001309552853892667/2087445398031353464607246342160384}}"
"{2.0632839458429917, 0.614573999063672, 0.3777012003251144, 78953/14453, 3*Sqrt[130792573/104437378], 1177133157/104437378, 2574634779969705925/923761646205857766, 16822838984027/(1177133157*Sqrt[261585146]), {78953/14453, 594191/14453, 5508785/14453, 57711503/14453, 650453633/14453, 7688764271/14453, 94016406785/14453, 1179498270863/14453, 15100655488193/14453, 196531929679151/14453}, {0, 2354266314/208889209, 100937033904162/3019075737677, 15447808679818235550/43634701636645681, 1337448746153181857408970/630652342754440027493, 162961188502079999208291404574/9114818309829921717356329, 17626129831279291129102375573563882/131736469031971858580951023037, 2108565322602320500751392648037161145550/1903987186919089272070485135953761, 247221868899463615861610638079969678307334890/27518326812541597249234721669939707733, 30017492014752101667338488402223356675304317555134/397722377421663705043189432295638595865049}}","{75.65008768304736, 0.48573073318301435, 0.23593434515850867, 4634216/14453, Sqrt[2533282746559/104437378], 2533282746559/104437378, 29700281136434659241497513/12835042948027021252680962, 4602677001506922219/(2533282746559*Sqrt[5066565493118]), {4634216/14453, 1836471558/14453, 857719072022/14453, 445206390272346/14453, 245933366741720486/14453, 945847703053715082/97, 82613187890647384267982/14453, 49157853508815331571515866/14453, 29560148617330597551126413846/14453, 17914619546158437596785441262178/14453}, {0, 5066565493118/208889209, 9205354003013844438/3019075737677, 59400562272869318482995026/43634701636645681, 198077628168115243024444180413750/630652342754440027493, 955831231095757307958539227819744564538/9114818309829921717356329, 3839665573674259409458015089081703430084205198/131736469031971858580951023037, 17339167169000132262264998983032976293861078647585906/1903987186919089272070485135953761, 74220344061576826442078963274542550429611337150161488865670/27518326812541597249234721669939707733, 330817254973129171426551348196239058490568153672619714708647391658/397722377421663705043189432295638595865049}}"
"{1.781324211209045, 0.5355488222114854, 0.2868125409721092, 101577/16355, Sqrt[1479559213/133734835], 1479559213/133734835, 10965845018509730761/4378190929546358738, (17125824346359*Sqrt[2/1479559213])/1479559213, {101577/16355, 811801/16355, 1509087/3271, 77585293/16355, 854308587/16355, 9867256021/16355, 23592769767/3271, 1447010337133/16355, 18104427391227/16355, 230081054049541/16355}, {0, 2959118426/267486025, 68503297385436/4374733938875, 21931690037019461522/71548773570300625, 1090761315337661312913228/1170180191742266721875, 45531176192195438896141242826/3827659407188954447253125, 16107283061710138529830758795013308/313006848022876749924124296875, 2781568845854054274472251091059888884018/5119226999414149245009052875390625, 240935400693799187787957960335746604197290156/83724957575418410902123059777013671875, 37287043332312482551357478135436176442488687035634/1369321681145968110304222642653058603515625}}","{65.9335424052313, 0.40684676621468024, 0.16552429117934267, 6514712/16355, Sqrt[3512332552343/133734835], 3512332552343/133734835, 57350467293416310556606331/24672959916496585669579298, (168375417052368144*Sqrt[2/3512332552343])/3512332552343, {6514712/16355, 3024526906/16355, 309891689968/3271, 850875282952066/16355, 491854781585544512/16355, 295640975750528729026/16355, 36633857976681731062720/3271, 116221032983922517449651106/16355, 75147282949797880420644641792/16355, 49325846664615484625093856287746/16355}, {0, 7024665104686/267486025, 673501668209472576/4374733938875, 114700934586832621113212662/71548773570300625, 11957981941894890828348358802928/1170180191742266721875, 498133615294216390970829678791258047406/3827659407188954447253125, -284411066241269813866265415725899942709988912/313006848022876749924124296875, 61271191347770004886533136779954366615110047472522038/5119226999414149245009052875390625, -29821699309867851444660440983260286826182896544932954958224/83724957575418410902123059777013671875, 1611450484090209525821567389203418935539104374573462708105292611334/1369321681145968110304222642653058603515625}}"
"{0.7530187739534179, 0.37584967798001795, 0.14126298043768318, 86985/16318, Sqrt[152683619/4226362]/3, 152683619/38037258, 417972635403061295/163186012576560127, 4988914885356/(1068785333*Sqrt[1068785333]), {86985/16318, 529181/16318, 3537879/16318, 25415465/16318, 192909495/16318, 1527721841/16318, 12505887999/16318, 2563174465/398, 901898340135/16318, 7874707295201/16318}, {0, 1068785333/266277124, 1247228721339/1086277527358, 2925808447821429065/70903506765711376, 1714243440453070374015/144625427925359779196, 11683092757947826194674407613/18879981863088167015362624, -7026035015370686203041018756471/77020886010468177339171824608, 58097690201401077476246205053412638225/5027307271675278871282423335813376, -50796840735633098106560908554026605031865/5127225003699825038849161499612666848, 333297255884041939741062628764358902239334900293/1338656921765979919743049877610871962010624}}","{26.889641103732192, 0.27942207110847805, 0.07807669382255136, 5619925/16318, Sqrt[2465788592389/603766]/21, 2465788592389/266260806, 13767733775161178713557481/6080113382355725988727321, 2193689260543399332/(2465788592389*Sqrt[2465788592389]), {5619925/16318, 2086612673/16318, 830952161443/16318, 351630336705533/16318, 156354162094726315/16318, 72264794791201408973/16318, 34398442118215492748203/16318, 16743300321766852534270253/16318, 8290017823703436078574523275/16318, 4159732051679701769850400000973/16318}, {0, 2465788592389/266277124, 548422315135849833/1086277527358, 13767733775161178713557481/70903506765711376, 2955659572847195116146624278805/144625427925359779196, 102916915601826377039243797135671631789/18879981863088167015362624, 61651828715091769613600373592985915951341443/77020886010468177339171824608, 937298820203416152620121694580709054734694517047121/5027307271675278871282423335813376, 169684908276296761683473998544638374912953337379660481325/5127225003699825038849161499612666848, 9826214521225270089483415483899870622480400167710217019764792789/1338656921765979919743049877610871962010624}}"
"{1.7555324469879843, 0.5691322660698582, 0.3239115362818119, 85611/15796, Sqrt[263764019/770055]/6, 263764019/27721980, 3942072800606042647/1878429358413873747, 12566351614214/(2373876171*Sqrt[263764019]), {85611/15796, 614277/15796, 5109351/15796, 46392141/15796, 445895391/15796, 4459504677/15796, 4176174501/1436, 44022111831/1436, 5200417944591/15796, 56714976665877/15796}, {0, 2373876171/249513616, 18849527421321/1970658539168, 11826218401818127941/62257044569395456, 110187951626179464696165/245853069004542655744, 79375825165441677414799036911/15533980311983023160528896, 2315562541648311377679725025593091/122687376504041916921857220608, 639420248280561446772863902533689255241/3875939598515692239395313313447936, 5998177531354784062714776113554671801144285/7653042737269234326686046137402949632, 5786072201959885519049240562380330476844881188051/967099704623238603394662278291335939096576}}","{84.95689280681687, 0.4900166859001855, 0.24011635246060103, 2794435/7898, Sqrt[48074819237/19745]/9, 48074819237/1599345, 818658823375996997004685/390590813349268069306561, (110088536706970210*Sqrt[3/624972650081])/624972650081, {2794435/7898, 613052983/3949, 308842279985/3949, 169757578902160/3949, 98563932178582055/3949, 5386754940267483968/359, 36433116965408085353375/3949, 22737679158740562426953260/3949, 14335391335210524791785302815/3949, 9103074593721793195472240638888/3949}, {0, 1874917950243/62378404, 495398415181365945/246332317396, 7367929410383972973042165/3891065285587216, 1797098677208095658020997774565/7682908406391957992, 34884731387855791454888917921812909303/242718442374734736883264, 21554900041910557395761340627779424054394995/958495128937827475952009536, 179572806397947419049252112792193900331734227767465/15140389056701922810137942630656, 31272603513199345404630747691924680333155414388075161085/14947349096228973294308683862115136, 969066695081639277990545355573595197338664566766666938470049163/944433305296131448627599881143882753024}}"
"{0.8043714548196619, 0.4437423245199095, 0.1969072505703327, 12059/2952, Sqrt[143161051/1210238]/6, 143161051/43568568, 72757700917424565/20495086523424601, (407719887110*Sqrt[5/143161051])/143161051, {12059/2952, 294803/14760, 1647283/14760, 10296083/14760, 14167439/2952, 528391643/14760, 4210065283/14760, 35339207363/14760, 61761677183/2952, 2782278149483/14760}, {0, 143161051/43571520, 40771988711/12862312704, 4850513394494971/126565157007360, 6174188834867315495/56043051522859008, 2688523382405585495245511/3308781761909595832320, 1167689628777443365079966375/325584125371904229900288, 656917467562491325129006725397213/28833730142935838599969505280, 253036878108008026350404527154404199/2127929284548664888677749489664, 20084545299882080960994483256973655577819/27918432213278483339452073304391680}}","{13.306831620419421, 0.22221920243652676, 0.049381373931526064, 3977387/14760, Sqrt[781141019471/6051190]/6, 781141019471/217842840, 1657745975890797824760477/610181292300193201119841, 97144764711843166/(781141019471*Sqrt[781141019471]), {3977387/14760, 374903983/4920, 332045087171/14760, 33960436687391/4920, 32361512744325947/14760, 1178433332785872701/1640, 3576070417869844910051/14760, 412463428458964783680751/4920, 438369521924903067958503947/14760, 52883879337545557612117198823/4920}, {0, 781141019471/217857600, 48572382355921583/1607789088000, 552581991963599274920159/15820644625920000, 181097836817511184023003837407/175134536008934400000, 1117827210320580925951160524581416111/2067988601193497395200000, 625248274190261011674811879316132498708303/25436259794680017960960000000, 22858137812711214037480537632991721810195858783033/2252635167416862390622617600000000, 2319378241453077618316483416087308503591204833228972287/4156111883884111110698729472000000000, 11364117697667933586379226118408796166485394935086513421166351/54528187916559537772367330672640000000000}}"
"{0.8769489168656864, 0.4737252544981795, 0.22441561674936492, 38823/9935, 6*Sqrt[4697373/49347145], 169105428/49347145, 24049279515947191/9532215259687728, 136623848183/(112736952*Sqrt[9394746]), {38823/9935, 185751/9935, 1016829/9935, 6119331/9935, 39485613/9935, 268711851/9935, 1907295909/9935, 14012284131/9935, 105969806973/9935, 821556714651/9935}, {0, 338210856/98704225, 2459229267294/980626475375, 288591354191366292/9742524032850625, 5504080207190292913422/96791976266370959375, 75113783149121310308661516/192325656841279096278125, 11923135397403836183505338494902/9553777003590539107615859375, 657418291301832317971563602313884628/94916774530672006034163562890625, 26983293886461320014429965019994565527934/942998154962226379949414997318359375, 1379813273735113135512308619533141721364469484/9368686669549719084797437998357900390625}}","{26.430820894754493, 0.3256570774981712, 0.10605253212464988, 2476039/9935, Sqrt[325059073157/49347145], 325059073157/49347145, 387973734507444894361181/211326802083375755893298, (23381874518932617*Sqrt[2/325059073157])/325059073157, {2476039/9935, 682525141/9935, 203666100589/9935, 64451588529001/9935, 21271737816728269/9935, 7232580686128345921/9935, 2511847400426524247989/9935, 885878811191226560548201/9935, 316020203043839060048309629/9935, 113718178973091461264842170001/9935}, {0, 650118146314/98704225, 93527498075730468/980626475375, 775947469014889788722362/9742524032850625, 146774542772290162447485813396/96791976266370959375, 231301133912979485931957970131693794/192325656841279096278125, 90491750785281495564373722008739679568484/9553777003590539107615859375, 2037098580026787353567412601305150334132507445338/94916774530672006034163562890625, -367093075131978765243803910972155584908632282063173068/942998154962226379949414997318359375, 4126435250730910117331710567055718330393136263143227498174666/9368686669549719084797437998357900390625}}"
"{0.7151789833058786, 0.304120387406218, 0.09248921003610812, 31603/4087, Sqrt[230922605/41756879], 230922605/41756879, 56905200174130397/21330099799994410, (38684252058*Sqrt[2/46184521])/46184521, {31603/4087, 266973/4087, 2423173/4087, 116698653/20435, 236275141/4087, 2494367985/4087, 27284371357/4087, 1537807442493/20435, 3556731155989/4087, 42036608661057/4087}, {0, 92369042/16703569, 154737008232/68267486503, 113810400348260794/1395046086688805, 101851928841294430056/1140310671259429207, 8030023248004793868773810/4660449713437287169009, 63477154958197638542754679320/19047257978818192659739783, 16935236659429063236916047164558074/389230716797149767001782465605, 39277639998503601713612126773224137736/318157187909990219547256987385527, 1606639766602693512774070659974510993666738/1300308426988130027289639307444648849}}","{15.89762593257292, 0.1780941114385277, 0.03171751252907873, 10242543/20435, Sqrt[1663655741558/208784395], 1663655741558/208784395, 8306219680230263359756183/2767750426418898888267364, 202856396006864688/(831827870779*Sqrt[831827870779]), {10242543/20435, 5296647839/20435, 2821924405011/20435, 309375012553603/4087, 871223014581444003/20435, 503398207553290829039/20435, 297898591568116111383891/20435, 36042657327139952044831555/4087, 111222633129926809804840344963/20435, 69885078476135380644231171739439/20435}, {0, 3327311483116/417589225, 1622851168054917504/8533435812875, 33224878720921053439024732/174380760836100625, 37246035952213016565641491226472/3563470847685716271875, 89364608520593441829580772730310819796/14563905354491522403153125, 757627222360455071592963327996361174846513872/1488067029595171301542170546875, 6793802533759813208607296924107273318522223731006348/30408649749777325547014255125390625, 14813340186648521222090447344923913312668243751077639980664/621400757636699647553236303487357421875, 109777492370497078145905906831059470704488264428023683142581013684/12698324482305957297750383861764148916015625}}"
"{1.5492244962334942, 0.6152783615619519, 0.37856746220636006, 14360/3509, (2*Sqrt[29271311/152627])/11, 117085244/18467867, 40742556258478863/13708954362539536, (880657363785*Sqrt[3/58542622])/234170488, {14360/3509, 243032/10527, 561270/3509, 13256996/10527, 1299070/121, 1014435212/10527, 3144160750/3509, 89981418596/10527, 291764151990/3509, 8646788632892/10527}, {0, 234170488/36939243, 587104909190/43206601229, 54323408344638484/454835891137683, 278858180460295279430/532006380667376549, 19597631843455087970280988/5600431169285472931323, 128001073060755762666314184830/6550637657674241505337469, 8598970567217872139887575319747924/68958562622336740326687536163, 61498988317880239180479403238546006870/80658532080593207268782188131989, 4151494274119314417642974923853957086418188/849092367212404692918470094465448203}}","{44.07610048970128, 0.40949559626064824, 0.16768664335686384, 2767001/10527, (2*Sqrt[160467046543/457881])/11, 641868186172/55403601, 237926170994262524676429/102998692104933313003396, 151960117870741783/(641868186172*Sqrt[320934093086]), {2767001/10527, 849247735/10527, 292815191885/10527, 109829949228079/10527, 43774202857533101/10527, 628916174760378155/363, 7854660857431103469725/10527, 3468821478890114809756399/10527, 1562020733835116413972216781/10527, 714230345642536985135865174655/10527}, {0, 1283736372344/110817729, 607840471482967132/1166578233183, 1268939578636066798274288/4093523020239147, 4209077932600672696181750410460/129277550502172501407, 15654494411378803795074326239652942944/1360904774136369922311489, 8430267662287279341308630132471591945298724/4775414852444522057391014901, 76018074436567678307936105938945767871335311161424/150812376455050451094465641588481, 148189691097421147657951993164661003204217650035817744060/1587601886942316098671439809001939487, 44700758243259811276639139158178023364045549881484672016324416/1856965007093529063412694096595935219961}}"
"{0.6359525745299657, 0.31746721969024105, 0.10078543557785177, 36093/5720, Sqrt[393858013/24537370]/2, 393858013/98149480, 389333287596789093/155124134404308169, (21948380502*Sqrt[3/393858013])/393858013, {36093/5720, 752093/17160, 170161/520, 44363249/17160, 122326003/5720, 3155924753/17160, 9359084211/5720, 257523317729/17160, 809596589843/5720, 2136893492083/1560}, {0, 393858013/98155200, 3658063417/93574624000, 129777762532263031/3211481095680000, 16787160222775569593/1530805988940800000, 13225286961080005838579933/21014904616179302400000, 54050844889829638578816589291/100171045337121341440000000, 44816194821063305679980459962693099/3437870275970004438220800000000, 17384092679835401369953446767596459513/819359082439517724442624000000000, 36373745738817702749708164721209264848577477/112481614837296993211483422720000000000}}","{16.805911863233455, 0.20490566123144605, 0.04198633000469613, 6868651/17160, Sqrt[1980731033519/73612110]/2, 1980731033519/294448440, 7231349198002003381329117/3923295427145245901523361, -323906417490621058/(1980731033519*Sqrt[1980731033519]), {6868651/17160, 220365329/1320, 19045854269/264, 551118144157001/17160, 251401607952777421/17160, 116979507567715261217/17160, 11063743675735355500865/3432, 26509899128848306966763561/17160, 12845952209330259302586348061/17160, 6283893350738718044754834615857/17160}, {0, 1980731033519/294465600, -161953208745310529/2526514848000, 2410449732667334460443039/28903329861120000, -832075050898910745853204240049/371985855312614400000, 7542400069037369754042141660662788559/5106621821731570483200000, -5555394960080147153922487672302259992153569/73024692050761457909760000000, 243188850290592000930987564175187198749627555546553/7518622293546399706388889600000000, -40455293399816720842785259470648584191028737780522683089/16127444819657027370204168192000000000, 197091954216106175393230415716926035826319135957533882001167599/245997291649168524153514245488640000000000}}"
"{1.7833975894372114, 0.6439678630364648, 0.41469460862375107, 6769/1574, (2*Sqrt[18999533/1101013])/3, 75998132/9909117, 1412456672375177/360982254218089, 82424032569/(18999533*Sqrt[18999533]), {6769/1574, 41181/1574, 1256761/6296, 5624685/3148, 112170901/6296, 601206117/3148, 13548312421/6296, 79131124065/3148, 1900087255621/6296, 11656565367597/3148}, {0, 18999533/2477476, 82424032569/3899547224, 1412456672375177/6137887330576, 6707052323914740885/4830517329163312, 182777806210774232279573/15206468552206106176, 2227529933188861469400359379/23934981501172411121024, 30151362431928060510759540914897/37673660882845375104491776, 101023759874091446096130167987913165/14824585557399655103617513856, 5617812143912609608664450471896759202813/93335590669388228532375867237376}}","{74.17581011286404, 0.5188546181023511, 0.26921011472613665, 1734745/6296, Sqrt[810080486479/1101013]/6, 810080486479/39636468, 1976460498498017945761501/656230394574053301817441, 609813882242164434/(810080486479*Sqrt[810080486479]), {1734745/6296, 75830303/787, 63358970191/1574, 59884600770743/3148, 15269606186324695/1574, 16273455020126944697/3148, 2223109575674344550618/787, 4932390968637693006661703/3148, 1381019909303937778489592845/1574, 1556867626677810548353933327157/3148}, {0, 810080486479/39639616, 304906941121082217/124785511168, 1976460498498017945761501/1571299156627456, 619501426327794862524978101145/2473224872531615744, 6007653973453689407897379096688699819/62285695189836210896896, 4619961644712302564357502232450697498825307/196075368457604391903428608, 20004454850614204281863583272759419944465918865081/2468981039618154502847973031936, 4262571993008970630789771648921145632811409408436312825/1943088078179487593741354776133632, 69963067842671499137091074414494914628035924178665544119293959/97869460321744431121564557364298776576}}"
"{0.6279565767202218, 0.4287324915486557, 0.18381154930951815, 33982/9947, Sqrt[106119943/1009519]/7, 106119943/49466431, 68464578355592161/22522884604646498, 371383549629/(106119943*Sqrt[212239886]), {33982/9947, 137430/9947, 622798/9947, 63078/203, 16523782/9947, 93950670/9947, 562384078/9947, 3515168502/9947, 22787667862/9947, 21763290930/1421}, {0, 212239886/98942809, 742767099258/984184121123, 136929156711184322/9789679452810481, 1317970173406404373290/97377941517105854507, 139954718309765644956061946/968618384270651934781129, 2448637219780182598649059531698/9634847068340174795267890163, 26402766035241211034579540641529966/13691117684111388384075671921623, 4659493046232145016122934222780824212570/953298833226991861794804960230687867, 285906191466013878859438388383499023417002506/9482463494108888049272924939414652213049}}","{17.460485370792497, 0.29279604953257665, 0.08572952662188309, 2025900/9947, (2*Sqrt[43977727559/1009519])/7, 175910910236/49466431, 32854880930383707314557/7736162085014512393924, -63211121809256529/(175910910236*Sqrt[87955455118]), {2025900/9947, 447983576/9947, 103092537276/9947, 24371048103344/9947, 5884870646063580/9947, 1446917805372046976/9947, 361480031929490085516/9947, 91615612000891643831024/9947, 23525083270672556023997820/9947, 6113296930249790207308887776/9947}, {0, 351821820472/98942809, -252844487237026116/984184121123, 525678094886139317032912/9789679452810481, -716230119204371578340606122020/97377941517105854507, 1254917484431397740460841991626428832/968618384270651934781129, -2038171673965182713300587100324960962014036/9634847068340174795267890163, 507080010925208807600979084133467136415071188016/13691117684111388384075671921623, -6129101967713880322188949693771908155362330649503914180/953298833226991861794804960230687867, 10841430300617251804548755401934932111244917928100662758033792/9482463494108888049272924939414652213049}}"
"{1.52100816369953, 0.539224992651066, 0.2907635926995422, 43758/8365, Sqrt[278338343/34982430], 278338343/34982430, 448034082684978281/154944466367971298, 5397015478737/(278338343*Sqrt[556676686]), {43758/8365, 59090/1673, 2396022/8365, 21948634/8365, 217224918/8365, 64586030/239, 24365514342/8365, 269853868474/8365, 3057508610358/8365, 7069832824610/1673}, {0, 556676686/69973225, 10794030957474/585326027125, 896068165369956562/4896252216900625, 34008395446169316875322/40957149794373728125, 439332684583278040733916506/68521311605987247153125, 111965344373780253450945854607162/2865903857920416612179453125, 1004803870859431810502993451014102734/3424755110214897851554446484375, 417207366138408479087924490036047239565274/200536535478633343697770613892578125, 26910027101815682408623997157596339676918496834/1677488119278767920031851185211416015625}}","{44.332814512312105, 0.36500076175377366, 0.13322555608083503, 556716/1673, 2*Sqrt[12901881490/3498243], 51607525960/3498243, 5853652939830759282637/2130669388569659137280, 15928338391920621/(412860207680*Sqrt[2580376298]), {556716/1673, 209933488/1673, 442793647098/8365, 204698557628468/8365, 20273282594440578/1673, 1505921063421572548/239, 28347233973927194467458/8365, 15606594434795951560918388/8365, 1747085021587721772537220242/1673, 989743569621062539485579669484/1673}, {0, 41286020768/2798929, 31856676783841242/23413041085, 23414611759323037130548/39170017735205, 1324888274793895319410253970/13106287934199593, 716521691004302723865997388168300/21926819713915919089, 1284924621202771507892702439454497681042/183417846906906663179485, 89037354864393626496310522620452827310873164/43836865410750692499896915, 49935218357037194565710446265913287573599277415522/102674706165060271973258554313, 23160758382880318156698172255158017229378301230365490332/171774783414145835011261561365649}}"
"{1.2463781045251845, 0.6024417987738212, 0.3629361209098373, 25842/7525, Sqrt[121169893/125818]/15, 121169893/28309050, 68885871901023181/29364285939262898, (378146260719*Sqrt[2/121169893])/121169893, {25842/7525, 4838/301, 94752/1075, 4015682/7525, 25897152/7525, 34833058/1505, 28049208/175, 8534126402/7525, 8770545936/1075, 89514371986/1505}, {0, 242339786/56625625, 1512585042876/426107828125, 137771743802046362/3206461406640625, 1788991645030001338428/24128622084970703125, 20774513786254455554695906/36313576237880908203125, 1940236587587247827089726655388/1366298305950269171142578125, 12993423193728179595351971264670134/1468770678896539358978271484375, 2125651226488624542790378873250999754876/77367495510875210734180450439453125, 87881565930691413434077465222070390031821834/582190403719335960774707889556884765625}}","{36.17678815314515, 0.4242780573779312, 0.18001186997239105, 1512291/7525, Sqrt[102909192361/62909]/15, 102909192361/14154525, 25671972985587002331412/10590301872393300754321, 18075075136060671/(411636769444*Sqrt[102909192361]), {1512291/7525, 14345041/301, 94698112581/7525, 27008299970437/7525, 8157465029118501/7525, 73480643941378511/215, 837284554210928353821/7525, 279273882826542341818117/7525, 94898578282695150368635701/7525, 6543996414067309543749602009/1505}, {0, 411636769444/56625625, 36150150272121342/426107828125, 410751567769392037302592/3206461406640625, 76889889329753880506981901054/24128622084970703125, 101433647910712122066527000127215384/36313576237880908203125, 154397110305532511500629820022949032465286/1366298305950269171142578125, 99743309125337158424419574378843751121347433504/1468770678896539358978271484375, 297912483091167845806313059877674280251800773443347438/77367495510875210734180450439453125, 1031444728105111644575068940841720393782490686082276096579016/582190403719335960774707889556884765625}}"
"{0.8016256290302627, 0.5450243448644863, 0.29705153649496246, 19967/7399, (2*Sqrt[14801603/62061])/21, 59206412/27368901, 7543925800814953/3505399221913744, -42402645531/(118412824*Sqrt[29603206]), {19967/7399, 69887/7399, 273425/7399, 1149467/7399, 5085257/7399, 23396507/7399, 111127145/7399, 542213867/7399, 2708009897/7399, 13806082427/7399}, {0, 118412824/54745201, -84805291062/405059742199, 30175703203259812/2997037032530401, -33683868879130671510/22175077003692436999, 10210534050633525196201084/164073394750320341355601, -4954984761277157558310330702/1213979047757620205690091799, 574897101555771845707386077124316/1283175853479804557414427031543, 5359054805026178202891682993883295450/66459526979279517442165419244706599, 1754689170011002138232690759642222059388044/491734040119689149554581936991584126001}}","{27.764834273065922, 0.4097015941169558, 0.16785539622197476, 1223863/7399, (2*Sqrt[31423331777/62061])/21, 125693327108/27368901, 17094510289183192520615/7899406239739343821832, -16159794337135137/(125693327108*Sqrt[62846663554]), {1223863/7399, 236414015/7399, 7023449389/1057, 10672666570991/7399, 2385877695908323/7399, 545264625379541495/7399, 126817764306510541723/7399, 29924285557184833751711/7399, 1021107111209442368152789/1057, 1725391649738165988046384775/7399}, {0, 251386654216/54745201, -64639177348540548/405059742199, 136756082313465540164920/2997037032530401, -72165883416603223450239761220/22175077003692436999, 98163158858566958578300069026127336/164073394750320341355601, -70185632545470058066323015440561360363508/1213979047757620205690091799, 11574064009031750011334385156626563051887617320/1283175853479804557414427031543, -67489528824856259634388603934696963609945911138215780/66459526979279517442165419244706599, 72583588013218265685630938108833591096509142965092476912456/491734040119689149554581936991584126001}}"
"{1.1964315675906554, 0.4934126746880649, 0.24345606754283014, 30759/6259, 10*Sqrt[4606386/78343903], 460638600/78343903, 9515354333014793/4420581662707500, (-41656752299*Sqrt[3/767731])/383865500, {30759/6259, 187959/6259, 1266237/6259, 9072375/6259, 68116209/6259, 532336779/6259, 4314704997/6259, 36171828975/6259, 312812454969/6259, 2782460806899/6259}, {0, 230319300/39175081, -749821541382/245196831979, 114184251996177516/1534686971356561, -489769266055508221350/9605605753720715299, 80345220485323879401358500/60121486412537957056441, -194396310732525343939258999062/376300383456075073216264219, 67548288748172955043529827786644156/2355264100051573883260597746721, 84305863587674571938922314352237314490/14741598002222800935328081296726739, 63626956357428879297873851322710065946692500/92267661895912511054218460836212659401}}","{52.37473463783293, 0.40473807358083225, 0.16381290820592317, 4002291/12518, Sqrt[2623800135149/156687806], 2623800135149/156687806, 15539039597829893209784249/6884327149207910665252201, -2224352774386238316/(2623800135149*Sqrt[2623800135149]), {4002291/12518, 1489226185/12518, 595973963793/12518, 249131196464125/12518, 107235585867339561/12518, 47127523404781306285/12518, 21029654939790077999193/12518, 9492278054028128128073485/12518, 4322543305530413172163238121/12518, 1982060095499863021471219162285/12518}, {0, 2623800135149/156700324, -556088193596559579/490393663958, 15539039597829893209784249/24554991541704976, -3817571086005553565974256715255/38422423014882861196, 129255208913760747827270077553094217829/3847775130402429251612224, -88899964911941356204176360813162967256302329/12041612270594402342920455008, 1297966998120004543232823432382614591766644759474929/602947609613202914114713023160576, -257444124861722766762940742287547089258717129358123814255/471731136071129629930498601495255648, 14514969777870469272383204852382234488357873156801991874384073309/94482085781414411319519703896281763226624}}"
"{0.7710299359831254, 0.4474926815835091, 0.20024970007079984, 21920/5693, Sqrt[192417614/7201645]/3, 192417614/64814805, 26601527614987111/9256134544363249, 300782937726/(96208807*Sqrt[96208807]), {21920/5693, 101299/5693, 529454/5693, 3041563/5693, 18786350/5693, 122656099/5693, 835611374/5693, 5881812043/5693, 42458953070/5693, 312553858099/5693}, {0, 96208807/32410249, 300782937726/184511547557, 26601527614987111/1050424240242001, 179316778791029496750/5980065199697711693, 10723768638744626497089607/34044511181879072668249, 100719171027279673957581686046/193815402158437560700341557, 5024313453072348519098158688889991/1103391084487985033067044484001, 56963923138858985586904000760742986190/6281605443990098793250684247417693, 2521595800655019862740126438634858335129607/35761179792635632429976145420548926249}}","{19.570648132544846, 0.2826163611697074, 0.0798720076008065, 1394928/5693, 2*Sqrt[25900538249/21604935], 103602152996/21604935, 4019024559134367635587/1341675763175823972002, (-1564896641718485*Sqrt[2/77701614747])/25900538249, {1394928/5693, 369089646/5693, 103233848772/5693, 30177612672894/5693, 9146650544057628/5693, 2856743051029084326/5693, 914854696744909248492/5693, 299187083267221436084814/5693, 99586662043655477466727068/5693, 33647014154664231428691044406/5693}, {0, 155403229494/32410249, -18778759700621820/184511547557, 72342442064418617440566/1050424240242001, -30903631845783321711526581060/5980065199697711693, 56862916179937735178481078929304174/34044511181879072668249, -43648045645778782572747011396074480043220/193815402158437560700341557, 61183468219270068097243817209211080384871730726/1103391084487985033067044484001, -61121816486888097491175419377483452162471852627069060/6281605443990098793250684247417693, 77569447519032294063462003030378259491368018527917298132254/35761179792635632429976145420548926249}}"
"{0.866615821380145, 0.4491966712909639, 0.20177764949888227, 46531/10834, Sqrt[436835317/117364722], 436835317/117364722, 480666830950737097/190825094178490489, -1505136669708/(436835317*Sqrt[436835317]), {46531/10834, 240167/10834, 1365019/10834, 8306687/10834, 53542051/10834, 363640727/10834, 2591468539/10834, 19285424687/10834, 149022831571/10834, 1188368826887/10834}, {0, 436835317/117375556, -376284167427/317911693426, 480666830950737097/13777021146309136, 23368607224414943145/18657530887389147428, 780307324008773679766053757/1617085517071792185879616, 1688039285465537697182381015103/4379876122988949135454939936, 1533417604779981245566558263290804497/189806311665849099734075277066496, 1627512390687083744446266285000341104065/128522598786738071657435721983651104, 3346941425005842061026319833837506374600164997/22278621364088324293386537791534016971776}}","{25.363333868090432, 0.3076980811733047, 0.09467810915773361, 1451161/5417, 2*Sqrt[33226870118/19560787], 132907480472/19560787, 4249936996092689442895/1656037346757662000886, (-3747306273528275*Sqrt[3/16613435059])/66453740236, {1451161/5417, 425554637/5417, 131421504655/5417, 41924336039633/5417, 13679166277869211/5417, 4540789596134090717/5417, 1528780759883244499735/5417, 521036105960910927426953/5417, 179529353865969281237410291/5417, 62479095697054656432683504597/5417}, {0, 199361220708/29343889, -67451512923508950/158955846713, 101998487906224546629480/861063821644321, -68829124799364763331750442450/4664382721847286857, 79511405246359387768066179560235588/25266961204246752904369, -71067454085057356525452687352319836781550/136871128843404660482966873, 78846077441174899873665412635045027033528626880/741430904944723045836231551041, -81287640371214452608011633790643513646494972895250410/4016331212085564739294866311989097, 92103652465513558409484576275089856179230556293500175223068/21756466175867504192760290812044938449}}"
"{1.0319290684779021, 0.4975770249054019, 0.24758289571371095, 4639/1113, 2*Sqrt[10654930/9909039], 42619720/9909039, 201533035741347/56763766652450, 17698678199/(21309860*Sqrt[5327465]), {4639/1113, 3446/159, 576055/4452, 1934923/2226, 28745191/4452, 115816009/2226, 1986197275/4452, 1272895189/318, 165132949951/4452, 782890404349/2226}, {0, 5327465/1238769, 17698678199/5514999588, 67177678580449/1023032423574, 1085007448597190635/6831810524627172, 6031788664500445174955/3801902556955021218, 17314930247669563441640993/2821011697260625743756, 31439553072203244940293333241/672811289796659239885806, 2385143708455598965227300129353195/10483745517611544275900629092, 999264513077339529025387374988688395/648244931172313821059855565522}}","{32.29944209246058, 0.3624341535138311, 0.13135851563328732, 273673/1113, 2*Sqrt[19674484219/9909039], 78697936876/9909039, 1290508955640632009004/387085329283680039961, -3488287944437407/(19674484219*Sqrt[39348968438]), {273673/1113, 152262629/2226, 89449293607/4452, 6816463650022/1113, 8553003984933187/4452, 686654966572906252/1113, 899496559583821353907/4452, 74877564674645608885132/1113, 101149390579579320823618867/4452, 8643825759142856233613461252/1113}, {0, 19674484219/2477538, -3488287944437407/5514999588, 107542412970052667417/511516211787, -234454570481525827887630755/6831810524627172, 16190115878425735476153154758487/1900951278477510609, -4945599603513990470581982487401822569/2821011697260625743756, 138063461475220838771703215753089646116043/336405644898329619942903, -959506555840028157961310357297960749405634564515/10483745517611544275900629092, 6902845896771413017514574851789460143037348606971603/324122465586156910529927782761}}"
"{1.1094959740286265, 0.5884051272876933, 0.3462205938184466, 27771/8666, Sqrt[266984357/75090890], 266984357/75090890, 231025985714131049/71280646882703449, 2736279022164/(266984357*Sqrt[266984357]), {27771/8666, 119803/8666, 617811/8666, 3634243/8666, 23427531/8666, 160481323/8666, 1144051491/8666, 8376521683/8666, 62478168891/8666, 472284003643/8666}, {0, 266984357/75099556, 684069755541/162703188074, 231025985714131049/5639943311397136, 655966356753365162745/6109468592070947572, 283799388934182361110193997/423557238551094653271616, 2228671341396602859074661767511/917636757320946566312956064, 58617799799003233871986677528018407/4544137222253327396381758428928, 931450499126684028183714039855108109185/17228528261020709157456889363476896, 643423711364085563514849531056281986173208437/2388838814560087448936342451582252491776}}","{31.158610052816297, 0.3970847580147061, 0.1576763050475977, 1712499/8666, 3*Sqrt[10274588941/15018178], 92471300469/15018178, 233370832101139853207323/71257845086900663499675, -225747082045752/(10274588941*Sqrt[51372944705]), {1712499/8666, 391761981/8666, 98097042249/8666, 3781511689335/1238, 1087244137910727/1238, 329324174057638983/1238, 727425507544743364929/8666, 236739029945539087471185/8666, 78815814185281153359568689/8666, 3810808644904030039766115783/1238}, {0, 462356502345/75099556, -3809482009522065/81351594037, 700112496303419559621969/5639943311397136, -7847788086799967473477953525/3054734296035473786, 1355957642975277560410470222855825945/423557238551094653271616, -62638410850416486556348265657732838822795/458818378660473283156478032, 421465146059054881481656616468699879059235947287/4544137222253327396381758428928, -54907472985389497676172738979993141321554728359904445/8614264130510354578728444681738448, 6920021144966765810979832348337772127908281313271858607187945/2388838814560087448936342451582252491776}}"
"{1.4369255314808582, 0.6117739017984584, 0.3742673069217098, 44056/11475, Sqrt[363181882/292587]/15, 363181882/65832075, 32885831397383427/9421505672361566, 7735274970391/(726363764*Sqrt[181590941]), {44056/11475, 232444/11475, 87998/675, 2222936/2295, 91679446/11475, 814978744/11475, 7636551046/11475, 2969523400/459, 740540219926/11475, 7523311304344/11475}, {0, 726363764/131675625, 15470549940782/1510977796875, 613868852751157304/5779490073046875, 96559964749004942516854/198958945764638671875, 1638303878935305164787752744/456610780529845751953125, 189167353230161768418967373129522/8732681177633300006103515625, 44989029404943386553181264151744176088/300622549540026352710113525390625, 3396796510442211388479339082733682554490518/3449643755971802397348552703857421875, 29710318748080002940807832435100206553652062824/4398295788864048056619404697418212890625}}","{36.33759428594107, 0.3966834808427865, 0.15735778397354935, 883282/3825, Sqrt[61378906513/292587]/5, 61378906513/7314675, 21796371765899131225611/7534740329463187638338, 9158848056550243/(61378906513*Sqrt[122757813026]), {883282/3825, 708192082/11475, 7843002154/425, 13848445665866/2295, 476723232273106/225, 9022702692822175162/11475, 1163536808037842221306/3825, 55684436678235818866930/459, 63052215394934124072427094/1275, 234966525228966755919336023242/11475}, {0, 122757813026/14630625, 18317696113100486/55962140625, 14530914510599420817074/71351729296875, 15729009673376526772255257478/818761093681640625, 4156077074403965787581144592750326/626352236666455078125, 3528656755234097163095898217420871345786/3992995508748651123046875, 11188183177257503669519949291598877653671080918/45819623462890771636962890625, 6745983509686919717812579764414701752111165063310006/175260059745557201511383056640625, 712101943268998527143422043725184282522094507582904790126/74485525391861810642337799072265625}}"
"{0.9440125580660491, 0.41318524294946457, 0.17072204499120805, 30429/5503, Sqrt[118549553/22710881], 118549553/22710881, 71077664232412653/28107993032999618, (219441926685*Sqrt[3/118549553])/474198212, {30429/5503, 590945/16509, 1411703/5503, 32700149/16509, 89094519/5503, 2284397165/16509, 6744755983/5503, 184559652149/16509, 575167260359/5503, 16480516873085/16509}, {0, 474198212/90849027, 146294617790/166647398527, 189540437953100408/2751181902282243, 115074244045647523710/5046584669419727743, 105878359759374264318472112/83314066307450285309187, 111698527992631545918757509670/152825768963299640018818687, 72908915672680358693136782695120568/2523000619815113757070677703683, 126829122618931932776802712914440510510/4628024136947523668386646467789183, 58088733252516551560892535198215292783845312/76404050476866668241395146536731622147}}","{29.974644479607306, 0.28347645799315185, 0.08035890223634319, 2052672/5503, Sqrt[253926524139/22710881], 253926524139/22710881, 68705460607051574211697/28657190960584066529476, -13986602169058369/(169284349426*Sqrt[84642174713]), {2052672/5503, 827190812/5503, 352601064956/5503, 156786167836732/5503, 72067611067929572/5503, 34031349586232900052/5503, 16433786688427283381996/5503, 8086655724392966772674252/5503, 4043217588268598899979186612/5503, 2049227286680262311043220543492/5503}, {0, 338568698852/30283009, -55946408676233476/166647398527, 274821842428206296846788/917060634094081, -96895075446865005178246947100/5046584669419727743, 280416634104480239608407928958207532/27771355435816761769729, -138697645700267881385541522663558581428756/152825768963299640018818687, 314277304543989408524278235233947803299446228788/841000206605037919023559234561, -190453074161245069413409985731876712645614887404968780/4628024136947523668386646467789183, 371289534109417200532962210103184435316892041066271254895612/25468016825622222747131715512243874049}}"
"{0.9509503326184187, 0.45391142253045863, 0.20603557950362456, 30319/6569, Sqrt[13060834/2975757], 13060834/2975757, 74670709025167045/35865577149060649, -116189478234/(189382093*Sqrt[189382093]), {30319/6569, 168766/6569, 1042366/6569, 6879580/6569, 47593174/6569, 341293336/6569, 2518899826/6569, 19039394860/6569, 146854502014/6569, 1152679944256/6569}, {0, 189382093/43151761, -116189478234/283463918009, 74670709025167045/1862074477401121, -31047601190969061450/12231967242047963849, 38297866649103420267816133/80351792813013074524081, 25938082776524748072895212246/527830926988682886548688089, 22923472822842560995403451444964165/3467321359388657881738332056641, 49916639542833769230813211551650719350/22776834009824093625139103280074729, 15246307479403100716052016492193360818090373/149621022610534471023538769446810894801}}","{26.000821742837093, 0.3043488047184051, 0.09262819493352187, 3687849/13138, Sqrt[1259668891337/172593906], 1259668891337/172593906, 3232927536362909536199057/1586765715802186713647569, 75645147834269976/(1259668891337*Sqrt[1259668891337]), {3687849/13138, 1131062501/13138, 371755666281/13138, 128810831386733/13138, 46462741715089809/13138, 17285313548884110341/13138, 6587103244946711063721/13138, 2558233589848628138962013/13138, 1008654392220117719056286529/13138, 402556019619304515400987364981/13138}, {0, 1259668891337/172607044, 9455643479283747/283463918009, 3232927536362909536199057/29793191638417936, 28164351854310470136496182195/24463934484095927698, 9960926434583689187769737133342064217/5142514740032836769541184, 255373692845205126456301138953480768223497/8445294831818926184779009424, 33798671206928571127853832619170768259062740044577/887634268003496417725013006500096, 262729923018692689032281070497936657581946631865373715/364429344157185498002225652481195664, 121834556985875837130308843064479998289084076987095946975761897/153211927153187298328103699913534356276224}}"
"{1.0894275714022674, 0.5340310725422482, 0.285189186440624, 22328/5845, 4*Sqrt[17770742/68322205], 284331872/68322205, 15231736664700103/5052788339689024, 110516629053/(71082968*Sqrt[8885371]), {22328/5845, 109616/5845, 126088/1169, 4074764/5845, 4125044/835, 220867016/5845, 360564520/1169, 15548766404/5845, 140379299108/5845, 1315143955616/5845}, {0, 142165936/34164025, 884133032424/199688726125, 60926946658800412/1167180604200625, 1118575130881091674572/6822170631552653125, 10113756354856328000091656/7975117468285051503125, 1511698534951242169591545843912/233072808010630630178828125, 8718832852749157172745873315568684/194615794688876576199321484375, 2188444119180384129343223021005364678724/7962705239695385115195238533203125, 86456790702893303191185121018429067322527584/46542012126019525998316169226572265625}}","{33.95574545345082, 0.37566525174952475, 0.1411243813720338, 562543/2338, Sqrt[223278215665/27328882], 223278215665/27328882, 964761847149564735727/524770122005750014655, 201094076752116/(44655643133*Sqrt[44655643133]), {562543/2338, 154452639/2338, 46390645495/2338, 73963173173979/11690, 701663975704777/334, 1677479371623320967/2338, 584676775808675372503/2338, 1034428453414935643418379/11690, 74052134296360653147190831/2338, 26744219141089261022420738775/2338}, {0, 44655643133/5466244, 50273519188029/3195019618, 18330475095841729978813/149399117337680, -2450394900631068138830031/8732378408387396, 364488909673444873506833347111445/163330405750477854784, -3330414641861031682478053413623205201/95466622161154306121248, 29194426010221952723772445411360326829412899/637717036036510764889936640, -210828385222284308339405430748035208751845487655/130460962647169189727358788128, 5006251461789931687281060461185199499631079512978631597/4880283690705305049321037546292224}}"
"{1.1653741013458137, 0.5418359099543508, 0.29358615331605936, 36765/9262, Sqrt[8097701/194502]/3, 8097701/1750518, 394701640168957769/157440200326447801, 3206305681644/(2777511443*Sqrt[8097701]), {36765/9262, 188777/9262, 1126821/9262, 7439753/9262, 52681245/9262, 392230577/9262, 3031303941/9262, 24110467193/9262, 196198645485/9262, 1626421125377/9262}, {0, 396787349/85784644, 801576420411/198634343182, 394701640168957769/7359005146206736, 929749651588219435815/8519888208020848604, 560647534158372894262191389/631289636661512798161984, 4051681803779872984616718210681/1461751153689732884144073952, 976792851114805349919139650057161489/54154956741897223891769651773696, 2221017191781659517817976583747118588095/31348950583965755480348157170498272, 1923722328613283533807187123996135216550433829/4645663684939053236143754107410479924224}}","{33.99141633251536, 0.3801311139999331, 0.14449966383083013, 2178749/9262, Sqrt[76206468509/194502]/7, 76206468509/9530598, 321806402920276490613539/156800497750556634443187, 26816025400131932/(685858216581*Sqrt[76206468509]), {2178749/9262, 586569361/9262, 173758292483/9262, 55043890450765/9262, 18257538234804899/9262, 6249227757943134421/9262, 2186277136223345520683/9262, 776940597832853414659405/9262, 279332181411699651527804819/9262, 101330223036350329779631213381/9262}, {0, 685858216581/85784644, 20112019050098949/198634343182, 965419208760829471840617/7359005146206736, -955334688413804518426436175/8519888208020848604, 1871996153009857837891224657603067821/631289636661512798161984, -173267874801572788768114516434550840913961/1461751153689732884144073952, 4564727966081153414720783838810315510685069019217/54154956741897223891769651773696, -240468565421490235429130369241364652672424259010921655/31348950583965755480348157170498272, 13293968748082043218934490721848958434675971119581158779659861/4645663684939053236143754107410479924224}}"
"{0.9471566399793135, 0.45409553981265616, 0.2062027592777476, 60021/13067, 3*Sqrt[41266267/85366711], 371396403/85366711, 212660793440338283/91956858774225606, -28434933179/(371396403*Sqrt[82532534]), {60021/13067, 332541/13067, 2048685/13067, 13566453/13067, 94484901/13067, 682250061/13067, 5059731645/13067, 38303729253/13067, 294796698261/13067, 2300332872381/13067}, {0, 742792806/170746489, -170609599074/2231144371763, 1275964760642029698/29154363505827121, -7209466880620667949690/380960067930642990107, 2938567190126579968389960066/4978005207649711951728169, -37747800099976822261525717887114/65047594048358786073231984323, 8005957473514817636617858281950382738/849976911429904257618922339148641, -157238377947787924168449648456524423942010/11106648301654558934306458205655291947, 24170182457489446751673450997345638423288032226/145130573357720121594582489373297699871449}}","{45.638110230060114, 0.3855332490404482, 0.14863588611568426, 4012175/13067, 2*Sqrt[299061279683/85366711], 1196245118732/85366711, 2598796442260763129784187/1431002384090136777287824, 253344451703158743/(2392490237464*Sqrt[598122559366]), {4012175/13067, 1415017867/13067, 549880343549/13067, 228016309200871/13067, 98635941554522045/13067, 43864652279458399567/13067, 19872665187355144406549/13067, 9120622810187162779769191/13067, 4225622247492138355077957005/13067, 1971800217289010210106662912767/13067}, {0, 2392490237464/170746489, 506688903406317486/2231144371763, 10395185769043052519136748/29154363505827121, 669860166530887573226407151070/380960067930642990107, 59095594953267896519846770618074167044/4978005207649711951728169, -26025984970603848800756557733085146079167994/65047594048358786073231984323, 402230603258386504047488921727501195006589062362668/849976911429904257618922339148641, -449622967319564168788209225478855687114068161952869902770/11106648301654558934306458205655291947, 3132817817548888698621240406492246186652894439103149629237856724/145130573357720121594582489373297699871449}}"
"{1.2236318935335564, 0.4705926605408654, 0.22145745215493018, 5774/1045, 2*Sqrt[29530981/17471355], 118123924/17471355, 1728343535352892/872078838822361, -10478939256/(29530981*Sqrt[29530981]), {5774/1045, 155873/4180, 584371/2090, 9345059/4180, 38948413/2090, 668312123/4180, 154156759/110, 52229137979/4180, 21473538143/190, 4327942692923/4180}, {0, 29530981/4368100, -1309867407/1141166125, 432085883838223/4770074402500, -88066655867339604/1246181937653125, 1711370226118800688151/1041808099878012500, -3454481151051691163924241/1360861830465653828125, 207129314659352555396449497727/5688402451346433001562500, -118923716365214840495965789004718/1486095140414255621658203125, 5702540105236619835220106576878106539/6211877686931588498531289062500}}","{55.202915996989276, 0.3915171943075297, 0.15328571343843994, 1505347/4180, Sqrt[347335318981/17471355], 347335318981/17471355, 218052626346358696631617/120641823811633018878361, 29440654217557056/(347335318981*Sqrt[347335318981]), {1505347/4180, 1250432971/8360, 573389145761/8360, 14777291785063/440, 143670768857320469/8360, 6892391065687825271/760, 40925157996244902934541/8360, 22479136979071000860286477/8360, 12519601330188223255907908949/8360, 7052131178995489199934827707741/8360}, {0, 347335318981/17472400, 460010222149329/1141166125, 218052626346358696631617/305284761760000, 5429789469373168322579491791/159511288019600000, 34234670948887875814820214196139441/1066811494275084800000, 6532005302296015042608026177830248804981/2787045028793659040000000, 151028723978102896271898987213725916746471667553/93198785762859958297600000000, 3659545467482707654370449983852543994346853805313901/24348182780547164105248000000000, 143006503118180801663866460160325168316207024935286052399109/1628406464362994335358986240000000000}}"
"{1.128516784441756, 0.4979589363027642, 0.2479631022437804, 48761/10714, Sqrt[589510753/114779082], 589510753/114779082, 1401296880976747201/347522927902627009, 15666361361184/(589510753*Sqrt[589510753]), {48761/10714, 276941/10714, 172519/974, 15058589/10714, 132922061/10714, 1263670541/10714, 12646692029/10714, 131236011389/10714, 1398222873581/10714, 15195463272941/10714}, {0, 589510753/114789796, 1958295170148/153732234293, 1401296880976747201/13176697265721616, 2444814912614076192450/4411722953279418557, 5777769037612409818044524833/1512550391085942093430336, 12394174336635393944984228311467/506420777815461987156644372, 29272698376040493374554369552886793601/173625350832475511372681209651456, 16822369599753723508636243814860166129505/14532984443899551787866456876607028, 162287587190045538644948781770322730186456953313/19930418602488294125465756028923865342976}}","{23.56401177787366, 0.2866637621800238, 0.08217611254720525, 3072241/10714, Sqrt[775560383461/114779082], 775560383461/114779082, 1171563223879059238825897/601493908394173362338521, 230254462232164044/(775560383461*Sqrt[775560383461]), {3072241/10714, 953353103/10714, 316894304383/10714, 111403987520555/10714, 40906285377442711/10714, 15523659018051482123/10714, 6039045172376797502023/10714, 2393965373948573617051835/10714, 962932175129994070205563351/10714, 391831256690305766791352204843/10714}, {0, 775560383461/114789796, 57563615558041011/307464468586, 1171563223879059238825897/13176697265721616, 85412264181145433740636940055/17646891813117674228, 2274634334550812540966633006730067021/1512550391085942093430336, 481020534026714326165888756696256929640241/4051366222523695897253154976, 5101083833448830200244668817539893712050086394577/173625350832475511372681209651456, 344201361825361765496934710550644613227992379724022815/116263875551196414302931655012856224, 12614349773755898983178787229251419080259373268910773034544181/19930418602488294125465756028923865342976}}"
"{1.0763513779856901, 0.47684210218798856, 0.22737839041906013, 33709/7121, Sqrt[516702338/101410161], 516702338/101410161, 192717855078133753/66745326523666561, 3332557732854/(258351169*Sqrt[258351169]), {33709/7121, 195850/7121, 1336306/7121, 10231672/7121, 84690754/7121, 738482740/7121, 6673217086/7121, 61864595272/7121, 584740280074/7121, 5613032497180/7121}, {0, 258351169/50708641, 3332557732854/361096232561, 192717855078133753/2571366272066881, 4940174313771307354590/18310699223388259601, 214445833429388738874486289/130390489169747796618721, 7085791976653842322377117004254/928510673377774059721912241, 290526771150178470357681007323233833/6611924505123129079279737068161, 10831449349440469709176636743061186674750/47083514400981802173551007662374481, 444491428274359833919241255538383464319601409/335281706049391413277856725563768679201}}","{30.957847490722223, 0.3338455846035013, 0.11145287435925352, 3955947/14242, Sqrt[1744061147245/202820322], 1744061147245/202820322, 8861036259086220355487929/3041749285329545571090025, 1842297541773563532/(1744061147245*Sqrt[1744061147245]), {3955947/14242, 1221287587/14242, 416345196675/14242, 154627346386387/14242, 61542316831538427/14242, 25841225581035928267/14242, 11299888665021163426515/14242, 5095135172424279994497187/14242, 2351798393126422011819698667/14242, 1105402256083614171654439657147/14242}, {0, 1744061147245/202834564, 460574385443390883/722192465122, 8861036259086220355487929/41141860353070096, 2477543999493975427616930465055/73242796893553038404, 70188635895013464301307061927998013925/8344991306863858983598144, 50569989479622868036707040674369815927113233/29712341548088769911101191712, 674312271280390679715557328565182448132708144401649/1692652673311521044295612689449216, 133015532690822211845884155602149646779389577225892880855/1506672460831417669553632245195983392, 7057722222297727197457899733404076118816476651801519376243178205/343328466994576807196525286977299127501824}}"
"{1.1291395183266417, 0.47123145528674015, 0.22205908445165898, 35233/6929, (2*Sqrt[137818163/568137])/13, 551272652/96015153, 63491748915077653/18993846052694569, 2273969025759/(275636326*Sqrt[275636326]), {35233/6929, 218935/6929, 1565170/6929, 963865/533, 8466766/533, 1041469045/6929, 10440234310/6929, 109355034925/6929, 1184041421638/6929, 13148140068805/6929}, {0, 275636326/48011041, 2273969025759/332668503089, 253966995660310612/2305060057903681, 5896356606384591296895/15971761141214605649, 385305316043860046159360056/110668332947476002541921, 13579648243026576305773449114459/766820878993061221612970609, 746559167593580342974050024659493172/5313301870542921204556273349761, 31909551757625114247275068295382576882375/36815868660991901026370418040493969, 1665131693321212964168773450910357116736428336/255097153952012882211720626602582711201}}","{44.38056934511634, 0.37359258602575357, 0.13957142033341008, 169482/533, Sqrt[8017561766/568137], 8017561766/568137, 36631232180515430557/16070324167906259689, -79913997835929/(4008780883*Sqrt[4008780883]), {169482/533, 798364127/6929, 312385517469/6929, 128646123564077/6929, 4227565248671937/533, 24146726461970485937/6929, 10851939110846164863009/6929, 4970099197352492516991917/6929, 2313258335730248422485875301/6929, 1091723700942976358942346694697/6929}, {0, 4008780883/284089, -79913997835929/151419437, 36631232180515430557/80706559921, -1886975369314423830334305/43016596437893, 504491674010013183382289721193/22927845901396969, -256531718822079365445076846347861/72310898612098133, 8763264666842467693617918169626606157117/6513548814281963526241, -998885885361744507392882850447123678779634825/3471721518012286559486453, 175711881431355701630852737663298316800369495884753/1850427569100548736206279449}}"
"{1.0766866087987907, 0.4114767732768416, 0.16931313494632133, 106681/16776, Sqrt[1926810119/312686]/30, 1926810119/281417400, 9127502257550634285/3712597234680794161, 14364749811242/(1926810119*Sqrt[1926810119]), {106681/16776, 793255/16776, 6556225/16776, 58532743/16776, 553609321/16776, 5470400095/16776, 55901530945/16776, 586357539223/16776, 6278229799321/16776, 68340722264335/16776}, {0, 1926810119/281434176, 7182374905621/2360669868288, 3042500752516878095/26401731806932992, 33448923465286005034765/332186589594830905344, 58553676585679758101854289779/22291048908171533072203776, 175543091459667222040081909417477/62325772747247606469881757696, 441167608916370413582088926762591139545/6273462981646955076832418202648576, 1018403996180214748979375870821452822489085/13155451872513664796117580970954063872, 410401265771083443892659584407874492367710431271/196174098322923769439705367438867000459264}}","{31.463290127220528, 0.275337118919002, 0.07581052905461663, 6962465/16776, Sqrt[3674765994359/312686]/30, 3674765994359/281417400, 26342023069569549317057997/13503905113297290019820881, -492922397400897062/(3674765994359*Sqrt[3674765994359]), {6962465/16776, 3108648359/16776, 1470238124093/16776, 726775672805927/16776, 371621571157727525/16776, 195063872343078737039/16776, 104530085618767155892733/16776, 56959703911346317327650647/16776, 31469101279568373073661138645/16776, 17588569132423552218074061613919/16776}, {0, 3674765994359/281434176, -246461198700448531/2360669868288, 8780674356523183105685999/26401731806932992, -1922568605537783715382147220875/332186589594830905344, 239631480779048340219242599731393569539/22291048908171533072203776, -19844183709672702205774843937728269923770627/62325772747247606469881757696, 2462296532049280553489834035648082393695386941062937/6273462981646955076832418202648576, -226651348788994771236964339793538566032059071012234090875/13155451872513664796117580970954063872, 3041944488367447362040814629617843695193744600265292818895285591/196174098322923769439705367438867000459264}}"
"{0.8442090534621532, 0.41186891215657423, 0.16963600080103985, 67393/13542, Sqrt[770398685/183372222], 770398685/183372222, 178577471130952479/84787733407104175, 2246897257796/(770398685*Sqrt[770398685]), {67393/13542, 130759/4514, 2530687/13542, 5835779/4514, 127324303/13542, 320577579/4514, 7486683607/13542, 538295047/122, 487069674943/13542, 1348005985499/4514}, {0, 770398685/183385764, 561724314449/620852504022, 416680765972222451/11210112812621232, 1301526603215562934445/56927755390693771404, 2800275175097576120111306485/6167325308006200418823744, 3310999246145105585993174953673/6959826610084997172642595104, 7807936609896772415007590141038250033/1130999663445252380543112274780416, 9107217081265086548199120637893701947685/957249840148475483582176651567274592, 2832932049412167385196949583483916408448094565/23045470818294497775413042160931613377536}}","{32.76922050055205, 0.3137521055517033, 0.09844038373812716, 751319/2257, 5*Sqrt[1212295594/2778367], 30307389850/2778367, 16136189233744994370699/5557154171095292286125, (22716432049074099*Sqrt[3/6667625767])/833453220875, {751319/2257, 824160994/6771, 109326534033/2257, 140523643131214/6771, 21352499114951229/2257, 30702664044859042234/6771, 5102595616360250053593/2257, 7868234239229212218582694/6771, 1379965917056716564409881749/2257, 2217762467513919667411462965874/6771}, {0, 166690644175/15282147, 7572144016358033/11497268593, 26893648722908323951165/77848005643203, 2617344079268996630011044625/58567649578903057, 6085739405998184368703796544499425/396561555298752598947, 814381231384198977588154919627531552613/298346476769761538607793, 1624901593925134755434017972207395603369429085/2020103994208055377913366403, 257491812504108050534933117577588986387088152170025/1519791571642526995983489323857, 483949015443353262738129544311251465235615221440464700825/10290508731591550289804206211835747}}"
"{0.8558193273251489, 0.4044060870110442, 0.16354428321158423, 41131/7860, Sqrt[276659939/61775670], 276659939/61775670, 216063020896502037/76540721847483721, -427266736918/(276659939*Sqrt[276659939]), {41131/7860, 50087/1572, 835991/3930, 11977381/7860, 45436913/3930, 144683057/1572, 2998084841/3930, 51407853661/7860, 226650992633/3930, 818278951457/1572}, {0, 276659939/61779600, -213633368459/242793828000, 72021006965500679/1272239658720000, -148887371446536732599/7499852788154400000, 48322167455446340352458219/47159074331914867200000, -170970149312040524730312189539/308891936874042380160000000, 320984853210658152771165653444695913/14567343742979838648345600000000, -227202504672324385829580553537437707279/14312415227477691471999552000000000, 52402956924193407573208783219736455446707699/99996074389310804417703536640000000000}}","{38.503547410695774, 0.3387713724251128, 0.11476604277479448, 1757999/5240, Sqrt[1064006500917/20591890]/2, 1064006500917/82367560, 277764580658495260995437/125789981554848657982321, -30714619400268682/(354668833639*Sqrt[354668833639]), {1757999/5240, 5018981/40, 264881489479/5240, 112526698333103/5240, 49689274988243879/5240, 22587280450528949631/5240, 10501177895329954482039/5240, 4971539050058555308120783/5240, 2389653438224194994839836679/5240, 1163788206811565228181860657951/5240}, {0, 354668833639/27457600, -15357309700134341/71938912000, 277764580658495260995437/753919797760000, -23020598914106488170993239901/987634935065600000, 65953346699937913377391310492766519/4140165647794995200000, -105721572104090552027085428567629233634783/54236169986114437120000000, 510108707140644892478403034630011858909296724313/568395061454479301017600000000, -58828972659446752876087944421336272195279301620865421/372298765252683942166528000000000, 931305603109665879636055689717018407471446890448288376361791/15606764239392510855620853760000000000}}"
"{1.4859162693528885, 0.5378793885004404, 0.28931423657360766, 36029/7015, 2*Sqrt[187764407/98413435], 751057628/98413435, 170785088998954181/70510945072123298, 1882293797109/(187764407*Sqrt[375528814]), {36029/7015, 238577/7015, 1851713/7015, 15914849/7015, 145658429/7015, 1386118877/7015, 13526462033/7015, 134280985289/7015, 1349696681189/7015, 13695698392277/7015}, {0, 375528814/49210225, 3764587594218/345209728375, 341570177997908362/2421646244550625, 5992742491077473924646/16987848405522634375, 80111404930999730307164294/23833951312948256028125, 8848110724472284198363473417234/835975842301660080186484375, 524800038372790220697349002629360338/5864370533746145462508187890625, 13284850316194517202815271066752101969182/41138559294229210419494938052734375, 734093040810844895628600605291141400605472166/288586993449017911092756990439931640625}}","{37.984521696816216, 0.34932517081446557, 0.12202807496455555, 873443/2806, Sqrt[465444546305/39365374], 465444546305/39365374, 83845774124121578941853/43327725137013457830605, 4157862337944036/(93088909261*Sqrt[93088909261]), {873443/2806, 305057585/2806, 116138646917/2806, 235233570006793/14030, 19931019281130677/2806, 8727004051930767341/2806, 3917812730307176940509/2806, 8965861191062891091927433/14030, 833389798078636312623949349/2806, 392138846623419757439380724477/2806}, {0, 93088909261/7873636, 1039465584486009/5523355654, 83845774124121578941853/309970719302480, 248749607606972509125017445/21744445959068972, 3651779493983727029515622922316741/488119322889180283456, 186685059339134073741213560986972608819/342415705006759968844384, 4489169105682674339069274351377651401267731893/19216369364979369451546830080, 16265487849521535517020575762658823961261023246077/674014155476651383513005065056, 241564951328334931767288783857242930449187054868302371901/30260539524279740514199875400754176}}"
"{0.9192361041957423, 0.377902439536685, 0.14281025380777787, 105151/16336, (13*Sqrt[1038079/15315])/44, 175435351/29649840, 2248237465449516575/830994184273316427, -7762009820486/(20525936067*Sqrt[1038079]), {105151/16336, 773485/16336, 6135745/16336, 51370033/16336, 448102681/16336, 4037824945/16336, 37360848025/16336, 353413218913/16336, 3406365881401/16336, 33364455562705/16336}, {0, 1578918159/266864896, -11643014730729/2179752470528, 6744712396348549725/71216872717090816, -67673096994381330080985/290849708176598892544, 44150821918586837737072788459/19005283331091678034395136, -1387643462853667596657897130028379/155235154248356826184939470848, 355081457426951150735679962689807586745/5071842959602314225114342391545856, -3494693084240514729562048358763379511718585/10356703323507925647683487163536637952, 3192542406340320200044632608845106777453866223559/1353496843942603787044459570428276140670976}}","{37.027146811180295, 0.30060405596612183, 0.09036279846328331, 6693855/16336, Sqrt[4048700836943/15315]/132, 4048700836943/266848560, 59266057594371883734054365/16391978467062948673585249, -7686439291357025298/(4048700836943*Sqrt[4048700836943]), {6693855/16336, 2990719613/16336, 1399787034357/16336, 676605640921505/16336, 335650640433118965/16336, 170297958351948877193/16336, 88152185458649208116157/16336, 46457506420284179298124865/16336, 24879742469516537407580120805/16336, 13514998908700815180370953492473/16336}, {0, 4048700836943/266864896, -3843219645678512649/2179752470528, 59266057594371883734054365/71216872717090816, -54614228682745528109570633870265/290849708176598892544, 1281384548348454293554117641767561065643/19005283331091678034395136, -3002728126423010359122512974467979030127610939/155235154248356826184939470848, 33129068915379569376291815256059765678934916390502585/5071842959602314225114342391545856, -21403864674490239858826296899128062356682201667125047939865/10356703323507925647683487163536637952, 938329514823706332302950818550088596457416422737939691396321972743/1353496843942603787044459570428276140670976}}"
"{1.4007612931415843, 0.505271448557896, 0.25529923672779453, 75739/13804, Sqrt[1464391459/47634153]/2, 1464391459/190536612, 5319912110923768789/2144442345192148681, 12721027693722/(1464391459*Sqrt[1464391459]), {75739/13804, 30685/812, 4093009/13804, 35159489/13804, 323206489/13804, 3133255745/13804, 31708629049/13804, 332460847409/13804, 3589933070329/13804, 39725932843745/13804}, {0, 1464391459/190550416, 6360513846861/1315178971232, 5319912110923768789/36309461037773056, 34122367209218189702625/125303950041354816256, 28539670246841603261182015639/6918782905483447534391296, 662086042361601487859390921091231/47753439613646754882368724992, 27560620110770279491428594155996616847/188339565836222801256062251368448, 1553726674899636192735749106855160889942985/2274859445952817104971347903153799168, 1499727900900080021083784361364888473475529734219/251217278335461498536195891641080349720576}}","{68.10836865502843, 0.448893274807044, 0.20150517216699232, 2332863/6902, Sqrt[1096562034497/47634153], 1096562034497/47634153, 2462781082847893146988961/1202448295500199818043009, 384945882888940704/(1096562034497*Sqrt[1096562034497]), {2332863/6902, 947379283/6902, 435692693871/6902, 217398715255111/6902, 16341316598802249/986, 8906280768793994449/986, 34808872089079438729191/6902, 19773569391409055617164151/6902, 11378185506022360314681543663/6902, 6612958511845755603757567117303/6902}, {0, 1096562034497/47637604, 48118235361117588/41099342851, 2462781082847893146988961/2269341314860816, 49909523117479570035905843115/489468554849042251, 6986519556435158171807483205592703777/108105982898178867724864, 91894672407000955942130416202349794357361/11658554593175477266203302, 3184754956474065355448732863375367249052471744503/735701429047745317406493169408, 335032468492514782631405183059900568719288433685828525/555385606922074488518395484168408, 76059958982526212092546639470174088106606392116944701934121857/245329373374474119664253800430742529024}}"
"{0.971687189433376, 0.3941738685722052, 0.1553730386651781, 52539/8401, Sqrt[857715802/141145201], 857715802/141145201, 586887816601451369/183919099250125801, 3474295339512/(428857901*Sqrt[428857901]), {52539/8401, 379622/8401, 3061848/8401, 27051608/8401, 257619504/8401, 2605382012/8401, 27612368508/8401, 303307119848/8401, 3423516989304/8401, 39453896423252/8401}, {0, 428857901/70576801, 3474295339512/592915705201, 586887816601451369/4981084839393601, 10873132605404977781040/41846093735745642001, 1172199551833293048874378481/351549033473999138450401, 29861406979571707882827348111192/2953363430215066762121818801, 2792149045364851283349634289820783209/24811206177236775868585399747201, 83436915996884047127239735404025496522880/208438943094966154071985943276235601, 7296363723958290769844130628751537584267185761/1751095560940810660358753909463655284001}}","{30.261753616590877, 0.27436335851401517, 0.07527525249509001, 3377325/8401, Sqrt[1717125657934/141145201], 1717125657934/141145201, 2005857432440882090355497/737130131283818094287089, -29080150547743569/(858562828967*Sqrt[858562828967]), {3377325/8401, 1459931792/8401, 668671858581/8401, 321252261726272/8401, 160646988805050525/8401, 83083183963286070992/8401, 44198973383928237139461/8401, 24075520045825191605343392/8401, 13376189137662220804054656045/8401, 7556083547991902263271128343792/8401}, {0, 858562828967/70576801, -29080150547743569/592915705201, 2005857432440882090355497/4981084839393601, -506165322274417938757509127725/41846093735745642001, 6625849056754303180660722694154670617/351549033473999138450401, -3738418901401583214512340659794522811277189/2953363430215066762121818801, 25811938498906100278897598732917174542340761054017/24811206177236775868585399747201, -22487385924784826185112011037897828113961494357191593805/208438943094966154071985943276235601, 110621712517574733353618328254386875449009044266465795629964617/1751095560940810660358753909463655284001}}"
"{1.645072140552484, 0.5733710567202729, 0.3287543686845224, 67053/13400, Sqrt[1478003791/1795466]/10, 1478003791/179546600, 6347993414816524957/2184495206210371681, 33020766168354/(1478003791*Sqrt[1478003791]), {67053/13400, 445829/13400, 3518667/13400, 31291697/13400, 302844123/13400, 3116920409/13400, 33583719267/13400, 374627775857/13400, 4291476721803/13400, 50178216644489/13400}, {0, 1478003791/179560000, 16510383084177/1203052000000, 6347993414816524957/32241793600000000, 85002418441669157424993/108010008560000000000, 8713628634150603513185802671/1157867291763200000000000, 1681973214386142850470884822854611/38788554274067200000000000000, 373724366701359554363540312398056399673/1039533254545000960000000000000000, 4226317929968540804167541948611813675783233/1741218201362876608000000000000000000, 3566744810270007210141472646553411085295789799559/186658591186100372377600000000000000000000}}","{58.26411376627555, 0.44326402219783195, 0.19648299337500005, 3973571/13400, (3*Sqrt[344676758551/1795466])/10, 3102090826959/179546600, 8669668242790116846372319/3207655832901057493729227, 558341694286243274/(3102090826959*Sqrt[344676758551]), {3973571/13400, 281960557/2680, 564679945283/13400, 247625081025329/13400, 116240585883865211/13400, 11477156661996010741/2680, 29394986298807521953043/13400, 15469038893581510648614209/13400, 8304046462130100122223429611/13400, 180974666933542875957537831137/536}, {0, 3102090826959/179560000, 837512541429364911/1203052000000, 26009004728370350539116957/32241793600000000, 7432000857852868977413915424351/108010008560000000000, 57169246802324972230124361442415372079/1157867291763200000000000, 233768826959803471385012639457214059978664173/38788554274067200000000000000, 3504983393376138632093861980935591954323192624015673/1039533254545000960000000000000000, 882957209053008431777152884452324830021820206126707260031/1741218201362876608000000000000000000, 45493598218755412466101411402747732867748174428046088407221309191/186658591186100372377600000000000000000000}}"
"{1.3793419469284403, 0.5450329143767687, 0.2970608777540341, 21856/4707, Sqrt[70945699/2769285]/2, 70945699/11077140, 23379766876171335/10066584413197202, (78513643103*Sqrt[2/70945699])/70945699, {21856/4707, 394886/14121, 905308/4707, 20397662/14121, 54515276/4707, 1380784046/14121, 450311772/523, 110846903582/14121, 346737688876/4707, 9999483912206/14121}, {0, 141891398/22155849, 314054572412/104287581243, 15586511250780890/163627214970267, 349458680160193866700/2310579902595140307, 22366091754448613437022158/10875899601515325425049, 104447145799264751728779413684/17064286474777545591901881, 13565731929658794954270090432774830/240964789310333721303246461601, 267461553279578405330412272291733746540/1134221263283740826174381094755907, 1061474979606310268204264173387970399852702/593197720697396452089201312557339361}}","{53.028512412218234, 0.4316757754197165, 0.18634397508421355, 4018459/14121, Sqrt[752217947447/5538570]/3, 752217947447/49847130, 4771959964094303267814519/2263327361845510615271236, 296815833559818923/(1504435894894*Sqrt[752217947447]), {4018459/14121, 1356623789/14121, 513285449467/14121, 209695729362797/14121, 90400764195823459/14121, 40530202636381531829/14121, 18715373333027286982987/14121, 8840914083168813565313117/14121, 4251593897036421296549017459/14121, 2073866161400878065548786614469/14121}, {0, 3008871789788/199402641, 1187263334239275692/2815764693561, 6362613285459071023752692/13253804412591627, 18916870783317192460907281577620/561470916330619094601, 156582728137404748188334960730489276788/7928530809504672234860721, 82920076185979814282735379371008773373161044/37319594520338492209489413747, 1460003392810188598263629559793217774029267365579116/1580969982665099545470600034564161, 3060909115444801260303896349324436267089632087064671617700/22324877125213870681590343088080517481, 1634252026528328912427558580878566470253942575952993856055616132/35027732209460563099415248305198331927689}}"
"{2.712253426987734, 0.6783227360307298, 0.4601217342162151, 36423/6179, (2*Sqrt[305182085/8483767])/3, 1220728340/76353903, 523553937434980463/186272210009894450, (2517437337894*Sqrt[2/305182085])/305182085, {36423/6179, 313481/6179, 3276153/6179, 38711201/6179, 495460353/6179, 6685286201/6179, 93473757393/6179, 1339615447121/6179, 19542719929473/6179, 288916097330921/6179}, {0, 610364170/38180041, 10069749351576/235914473339, 1047107874869960926/1457715530761681, 38926243471214512291620/9007224264576426899, 2692575119622187291146303850/55655638730817741808921, 133537176194612445383788303077336/343896191717722826637322859, 8279972079288135188752977437457832726/2124934568623809345792017945761, 460407011556030888845887464573270972273420/13129970699526517947648878886857219, 27837163069587479597550776403051609379661234530/81130088952374354398522422641890756201}}","{102.37019332157166, 0.5411619181361689, 0.29285622164081754, 2159918/6179, Sqrt[910757128438/25451301], 910757128438/25451301, 16382132827272226884867/7150677129315789899309, (60536789102782073*Sqrt[3/455378564219])/455378564219, {2159918/6179, 976109639/6179, 510046666187/6179, 292426184426525/6179, 1067743570685449/37, 113245859818480959749/6179, 73872746734966891537607/6179, 49055250471480886763993045/6179, 32975176213379591662078800383/6179, 22359463662738011873412925576709/6179}, {0, 1366135692657/38180041, 544831101925038657/235914473339, 4275736667918051216950287/1457715530761681, 3667076235322319806158607888605/9007224264576426899, 15960478252357384650424523160418164807/55655638730817741808921, 19902891890424715915606063937725710949962357/343896191717722826637322859, 65752567032310149452195155418072438001707650565607/2124934568623809345792017945761, 101437189373939318515283333232824476167794216887546840125/13129970699526517947648878886857219, 288490750260400871997320418369220992571736575493341691487322407/81130088952374354398522422641890756201}}"
"{0.6234538885907329, 0.30374646872607786, 0.0922619172635622, 114748/16981, Sqrt[607375337/144168690], 607375337/144168690, 1685629803118626227/737809599991727138, 776783133453/(607375337*Sqrt[1214750674]), {114748/16981, 846938/16981, 6695314/16981, 55840478/16981, 485581618/16981, 4362529238/16981, 40211393674/16981, 378283211678/16981, 3617770862338/16981, 35071165992038/16981}, {0, 1214750674/288354361, 1553566266906/4896545404141, 3371259606237252454/83148237507718321, -11344521814289257026870/1411940221118564808901, 12766903069407266280840592894/23976156894814349019947881, -151339188634814467935628066863294/407139120230842460707734967261, 57625511885239532992287692151003566374/6913629400639935825278047479059041, -1245028880311155173765957142849140929108710/117400340852266750249046524241901575221, 291782998884935508482178304682826766066398152014/1993575188012341685979059028151730648827801}}","{15.783471129347898, 0.19336080407595085, 0.03738840055289825, 7168510/16981, Sqrt[32019743687/4805623], 32019743687/4805623, 749688015172029822915187/307579195734352906190700, -313587499309076/(32019743687*Sqrt[480296155305]), {7168510/16981, 3139315720/16981, 1420649663680/16981, 661884133867684/16981, 316417989744624400/16981, 154744745931807819100/16981, 77209987361625887619640/16981, 39208442443969239444774724/16981, 20220166980604989970489054720/16981, 10569038971178361122054730215980/16981}, {0, 1921184621220/288354361, -37630499917089120/4896545404141, 8996256182064357874982244/83148237507718321, -353142301655593579826400229800/1411940221118564808901, 51879014822743293891987805944695231100/23976156894814349019947881, -4418933019851766107180404611478382323604160/407139120230842460707734967261, 329212919044152831257138857478189051664510403243764/6913629400639935825278047479059041, -48171525151688807514451288553412196417775534955084945240/117400340852266750249046524241901575221, 2233067632819076719440248386712094847292250100629025135126817580/1993575188012341685979059028151730648827801}}"
"{1.362047488028489, 0.5443496559574842, 0.2963165479410314, 55366/12045, Sqrt[227062886/36267495], 227062886/36267495, 421036810170191223/206230216794595984, -2620937774879/(908251544*Sqrt[227062886]), {55366/12045, 65980/2409, 2173498/12045, 3047164/2409, 111830746/12045, 170289292/2409, 6677910298/12045, 10730582812/2409, 439581060826/12045, 731807060524/2409}, {0, 908251544/145082025, -5241875549758/1747512991125, 561382413560254964/7016264659366875, -13362208475238113160446/253532723466222028125, 768113847359932134810822884/610760330830128865753125, -11049247306442907207347896523938/12261013641414836979993984375, 9679457501626349418182453985244009628/443051727932525134272082625390625, -89706203042036367103311758562075566226862/5336558062947265242307235222830078125, 2875303258597418234964204497129243223545842724/7142093540911089982621183139887587890625}}","{53.41718345746309, 0.42761727607948813, 0.18285653480164116, 703732/2409, Sqrt[226375298483/14506998], 226375298483/14506998, 197399894574727142204745/102491551526534684202578, (-31416623431485601*Sqrt[5/452750596966])/226375298483, {703732/2409, 405278018/4015, 454154934854/12045, 58981766042398/4015, 14171102252253478/2409, 9650988869064496638/4015, 12021494472740812963454/12045, 1685724004890522454888238/4015, 430152396270648843590996422/2409, 307711070656100849453518630558/4015}, {0, 452750596966/29016405, -62833246862971202/69900519645, 26319985943296952293966/56130117274935, -4255706415479648940073349090/81130471509191049, 17272333750997147298452813502042266/977216529328206185205, -2154980630518820521054112218311049055294/784704873050549566719615, 4362754119973446059063028548500804813114026298/5671062117536321718682657605, -396285805970494336040010484075547952822903758567458/2732317728228999804061304434089, 136963575902107248908433686326625206063146777825887657674/3656751892946478071102045767622445}}"
"{1.2051046736363762, 0.5310793983782249, 0.28204532738177734, 57323/13416, Sqrt[926711087/44993910]/2, 926711087/179975640, 3585273652653721053/858793438768721569, 24633205383166/(926711087*Sqrt[926711087]), {57323/13416, 104667/4472, 159137/1032, 5287183/4472, 137173133/13416, 432578087/4472, 13076747621/13416, 45836667663/4472, 1487711031773/13416, 5468728652407/4472}, {0, 926711087/179989056, 12316602691583/1207366587648, 1195091217551240351/10798686759923712, 60591854291210538583055/108656386178352390144, 25588123849690324547362530187/5830936307875102664687616, 372286792972627442645706518877791/13037973584408729558241509376, 221204630322478131072734654492555382713/1049504721650565094520208538730496, 2608413937114081401291396216183580586113775/1760019418207997663510389719451041792, 227904733318249808498809138818211920056212754543/20988818235269774803249234201026823716864}}","{32.16711546273457, 0.3449309239320473, 0.11897734228461579, 93005/344, Sqrt[8026738005/230738]/2, 8026738005/922952, 30930892546412269369/13766778418998158125, 143455693553434/(66889483375*Sqrt[41162759]), {93005/344, 28136625/344, 121133190069/4472, 43021056299261/4472, 16104660728675525/4472, 6269459136101116045/4472, 193305771425067371353/344, 1029649578900146146180701/4472, 33001050960635569683542745/344, 181088967268880269984958453165/4472}, {0, 1029068975/118336, 71727846776717/264599296, 30930892546412269369/182044315648, 160121620054742451083325/15655811145728, 94383439775541660351740365455/21542396136521728, 1207050696656092644153614732616967/3705292135481737216, 327196197976726825345779782308944265829/2549240989211435204608, 1096342218031167520314352828381884123781085/109617362536091713798144, 1212135460193634141704356922588972853019053119035/301666981699324396372492288}}"
"{1.0792478406258856, 0.4832427564182459, 0.23352356163070412, 15034/3253, 2*Sqrt[17592403/14108261], 70369612/14108261, 2209851156496801/928477929943227, (1551937417*Sqrt[3/17592403])/17592403, {15034/3253, 85705/3253, 547375/3253, 3780223/3253, 27676459/3253, 212058115/3253, 1684433455/3253, 13770284623/3253, 115194910099/3253, 981677239675/3253}, {0, 52777209/10582009, 13967436753/34423275277, 6629553469490403/111978914476081, 7875936850022558205/364267408790691493, 1121181902363203672447839/1184961880796119426729, 2386590452333576785544961153/3854680998229776495149437, 218282855296838784316772349093843/12539277287241462938721118561, 647109757461055407344604644663233125/40790269015396478939659798678933, 46115038217574501061703825043952442527719/132690745107084745990713325102569049}}","{33.33109744789055, 0.33930018342495327, 0.11512461447220694, 3767259/13012, Sqrt[544583544857/14108261]/2, 544583544857/56433044, 1815189367364716452326935/889713711987048393451347, (-127400969088553790*Sqrt[3/544583544857])/544583544857, {3767259/13012, 1216261221/13012, 418065238719/13012, 149202490198629/13012, 54553874213103159/13012, 20286123880311303021/13012, 7638872975533086849519/13012, 2905036263646834721109909/13012, 1113770150367198173343948519/13012, 429958736480700951436056148221/13012}, {0, 1633750634571/169312144, -573304360898492055/1101544808864, 5445568102094149356980805/28666602105876736, -2067342562041333862214074197435/93252456650417022208, 26016898009896745301944972257800432751/4853603863740905171881984, -27547047921349854305905383263403141045929565/31577546737498329048264187904, 155874165571166974673864619739421075412613460525385/821774076296656515152027226013696, -48196085008517535877130993469218719413211802465197564995/1336615535096511821894772283111276544, 1073798788536666285691984713038154069916702077741564389466619731/139136330741406494611958215582751443124224}}"
"{1.1483223084447618, 0.4896867653628338, 0.23979312817151502, 1882/393, (4*Sqrt[1698523/197679])/5, 27176368/4941975, 6505114124877/2884980381529, 610063387/(3397046*Sqrt[3397046]), {1882/393, 7449/262, 597587/3144, 720363/524, 33095171/3144, 44102043/524, 2188127087/3144, 3097264263/524, 161267584811/3144, 237410739363/524}, {0, 1698523/308898, 610063387/485587656, 2168371374959/31805991468, 3665954137679735/74998527881544, 16384546558799674171/14737210728723396, 5503564983303206341669/3861149210925529752, 48564012466616738706371717/2276147459840599788804, 69360738058269071167209197815/1789051903434711433999944, 17806924125188323395025991914919/39060966558324532975665444}}","{46.47021799948887, 0.38608670236368886, 0.14906294174206766, 3920555/12576, Sqrt[2291027247527/395358]/20, 2291027247527/158143200, 11784595918037774675921709/5248805848911141727615729, -1145831596743536570/(2291027247527*Sqrt[2291027247527]), {3920555/12576, 468134509/4192, 544161852635/12576, 73968760186653/4192, 93816192682553795/12576, 13578920292021892709/4192, 18054927697239723446795/12576, 2710908965929627535664973/4192, 3711669672474157380778270355/12576, 570803910583554465431119022709/4192}, {0, 2291027247527/158155776, -572915798371768285/994483519488, 3928198639345924891973903/8337749827387392, -3781592046439557678775832665045/78641656371917881344, 83510458621786711619606261251416523027/3955989882132957103128576, -27770961568636989558085094427230799664019725/8291754792950678088157495296, 703657463369436255891761444868173207169590150801369/625662649656886365820011965054976, -220567501053280518510701840401454801390039977713991310725/983541685260625367069058809066422272, 730249403079829412066592284809433566890785630052133724677199303/10994684652300110770009318740283845771264}}"
"{1.760568247677897, 0.6007717063674436, 0.36092664317164985, 49423/10132, Sqrt[881524291/25661823]/2, 881524291/102647292, 2477899198841944981/777085075623052681, 11508921303354/(881524291*Sqrt[881524291]), {49423/10132, 328085/10132, 2561275/10132, 22727093/10132, 223476763/10132, 2380415285/10132, 26922140395/10132, 318082878773/10132, 3878094363643/10132, 48364007096885/10132}, {0, 881524291/102657424, 5754460651677/520062509984, 2477899198841944981/10538546702315776, 25649367790604630511825/26694138796965860608, 11704371153194704227611774071/1081860057163432398721024, 380840614509526092589687076154447/5480703049589948531920707584, 71098918863317182748243955198075341161/111060966596890717050841218482176, 688533013350175951867454087585161495535865/140658714194962093144890403207675904, 484337557066911239017574616249403282676103753451/11401232737786847421952236522401378074624}}","{65.80375244621207, 0.5004401817126551, 0.2504403754725953, 2662205/10132, Sqrt[1774779771131/25661823]/2, 1774779771131/102647292, 6187423952207898386352485/3149843236015804741019161, -756176822687304162/(1774779771131*Sqrt[1774779771131]), {2662205/10132, 874665933/10132, 314504733947/10132, 119058874951065/10132, 46729383074522675/10132, 18868755333642380313/10132, 458758562043869735011/596, 3286724450843618542592745/10132, 1407706016990637345090785555/10132, 611034380822032545697399897593/10132}, {0, 1774779771131/102657424, -378088411343652081/520062509984, 6187423952207898386352485/10538546702315776, -1224045279156572427786222596925/26694138796965860608, 27297662420752971973014292129290566591/1081860057163432398721024, -15484657732975344697090785358812734503675611/5480703049589948531920707584, 135775978141593268721326700516668152298057335510665/111060966596890717050841218482176, -24620594791290920850324350711189751583735522561386678165/140658714194962093144890403207675904, 725717757886009944618468908467234929414286154003936968404880451/11401232737786847421952236522401378074624}}"
"{1.0957070799985746, 0.4864515215201289, 0.2366350827892484, 14669/3168, Sqrt[50915015/278762]/6, 50915015/10035432, 6091352066680557/2592338752450225, 13489446866/(10183003*Sqrt[50915015]), {14669/3168, 167989/6336, 544481/3168, 7679653/6336, 28834049/3168, 454910869/6336, 1866966161/3168, 31659818053/6336, 137860214849/3168, 2454994791349/6336}, {0, 50915015/10036224, 33723617165/15897378816, 2030450688893519/33575264059392, 6526320718260027365/79774827405115392, 1038835000679787222564595/1010906612877622247424, 1344817837709584049211517565/533758691599384546639872, 219565242200429277278339899723097/10145685209921101462530686976, 296297046428619702103617010276261205/4017691343128756179162152042496, 5902791832372787434057119563232053462375/11313818822250577400520620151668736}}","{28.5160784233733, 0.31730943941035394, 0.10068528033891308, 1196321/4224, Sqrt[144087784255/278762]/8, 144087784255/17840768, 39540981601538381493117/20761289571515425905025, -84214791259334/(1695150403*Sqrt[144087784255]), {1196321/4224, 1118800937/12672, 41514421887/1408, 130996703941121/12672, 15859077256246181/4224, 17748771845731588217/12672, 2254678660994864219101/4224, 2623849055299386189452081/12672, 114819338612777815777392647/1408, 412409747963581003316732758697/12672}, {0, 144087784255/17842176, -3579128628521695/37682675712, 4393442400170931277013/35371471601664, -714167334767671043556888095/336170466102214656, 13779427579579420866605194485885115/5679936195263018827776, -224224555764276844204001959227110135/5485151003381570994176, 5428088579025439972945245888084888382799600377/101342421264653148216493080576, -39880530452215208260231530790963487550943423046815/53508798427736862258308346544128, 85072988350843337699116295660543092852885627942906722325/66969233943336446275287246163673088}}"
"{1.285489019441356, 0.44352078833367103, 0.19671068968412103, 59507/9106, Sqrt[696530641/82914683], 696530641/82914683, 1217256618665111329/485154933851870881, -465640601400/(696530641*Sqrt[696530641]), {59507/9106, 465365/9106, 4035239/9106, 37671749/9106, 371440127/9106, 3815188925/9106, 40420785839/9106, 438640311989/9106, 4851506219327/9106, 54497918363885/9106}, {0, 696530641/82919236, -58205075175/94382820377, 1217256618665111329/6875599698823696, -357024289868118076035/3913075678593035986, 2799446167858812549440256241/570119474068290971016256, -3303046949693579392865424268125/648938491358232197759253392, 7426725928009105269074640463294506049/47273871218464499142366091100416, -3259706521092259073969650156943636609595/13452370978604304037199550798762128, 21550040308251064058787899659055729718668935441/3919913284197465362007651506352894002176}}","{38.37577922641733, 0.3044651719122676, 0.09269904090756664, 259981/628, Sqrt[181690663663/2859127]/2, 181690663663/11436508, 81623450711426504015693/33011497262301388577569, (-4257428204766522*Sqrt[29/181690663663])/181690663663, {259981/628, 3410516169/18212, 1640642618489/18212, 825904899352953/18212, 430532845429733609/18212, 230671850046633681849/18212, 126313352676495211040969/18212, 70384740384634705247643513/18212, 39774473039446278335287213289/18212, 22733655904904599587966048627129/18212}, {0, 181690663663/11437136, -2128714102383261/3591260704, 2814601748669879448817/4510623444224, -46732792279979165256997305/708167880743168, 60654982870112541254805417281443/1778917716426838016, -3387047339976239166960328459053861951/558580162958027137024, 1633159130672864656094789876854187200088197/701576684675282084102144, -30503796364552318517668095570518002674021138225/55073769747009643602018304, 52351615040279244756045558888021228215020370899616023/276690619208976449456539959296}}"
"{1.340657971252589, 0.5484345917805343, 0.30078050146148133, 13715/3077, 4*Sqrt[14143146/37868639], 226290336/37868639, 1716802606840075/533409543406176, (17505976567*Sqrt[3/4714382])/18857528, {13715/3077, 79517/3077, 551609/3077, 4353095/3077, 37632905/3077, 346682747/3077, 3337340309/3077, 33125011175/3077, 335962510865/3077, 3460929599027/3077}, {0, 56572584/9467929, 315107578206/29132817533, 10300815641040450/89641679549041, 129647843540596729980/275827447972399157, 2953374293815370177575704/848721057411072206089, 48706247289418037333512184106/2611514693653869178135853, 1007572181651698624858580846451630/8035630712372955461124019681, 18424712470467804203305888924193132040/24725635701971583953878608558437, 370445132911029529636727216049399026967924/76080781054966563826084478534310649}}","{70.81744009581737, 0.4985710508879818, 0.24857309278354656, 1753249/6154, Sqrt[764022289209/37868639], 764022289209/37868639, 461799588319213984475675/194576686136053612615227, 133506491660087632/(254674096403*Sqrt[764022289209]), {1753249/6154, 623643865/6154, 258989163823/6154, 118998435075889/6154, 58285499383726699/6154, 29725344486497145565/6154, 15558845473976452924543/6154, 8284429502390407938478009/6154, 4462561068360066308924642899/6154, 2423390084731608825061082414965/6154}, {0, 764022289209/37871716, 50064934372532862/29132817533, 1385398764957641953427025/1434266872784656, 43731290031292733715359595900/275827447972399157, 3270402468560669637556176267882557769/54318147674308621189696, 260477051149467639651567271097163483696651/20892117549230953425086824, 8500604376445155249117500001619849686306258465825/2057121462367476598047749038336, 94528416168532044176501858165507777693088694209029115/98902542807886335815514434233748, 23137553913268132108518601069501367817967969535870584149427929/77906719800285761357910506019134104576}}"
"{1.3040174246929899, 0.4714534579485083, 0.22226836301160588, 80816/13775, Sqrt[725789747/3794737]/5, 725789747/94868425, 2190640655571946571/1053541513700648018, (1574476638798*Sqrt[2/725789747])/725789747, {80816/13775, 579514/13775, 245768/725, 40537546/13775, 370469816/13775, 3515950234/13775, 34352061752/13775, 343481890666/13775, 3499741315256/13775, 36220728112954/13775}, {0, 1451579494/189750625, 6297906555192/2613814859375, 4381281311143893142/36005299687890625, 47960701028544407009304/495973003200693359375, 3489764354159140630086179534/1366405623817910205078125, 300820735150313977611175318331736/94111187340458565374755859375, 80987996036576457593278523177183650678/1296381605614816738037261962890625, 1832736610221602436843291597672348753012888/17857656617344100566463283538818359375, 416393353665057338922002997753628203833623713766/245989219903914985303031730747222900390625}}","{49.83868562787541, 0.3760093194473922, 0.14138300831129103, 4855802/13775, (2*Sqrt[416675189562/3794737])/5, 1666700758248/94868425, 431246663456820591218249/231490951462038178335792, (3504241195783431*Sqrt[3/69445864927])/1111133838832, {4855802/13775, 1953699788/13775, 859966672388/13775, 401978150319968/13775, 195653517980613692/13775, 97922942486246542928/13775, 49992469571013897635708/13775, 25897876311881860531910768/13775, 13564945046046712999927710812/13775, 7166148977570630208165685865168/13775}, {0, 3333401516496/189750625, 126152683048203516/2613814859375, 20699839845927388378475952/36005299687890625, -3933439955282408551835860782372/495973003200693359375, 32843927797566309029690929671427611936/1366405623817910205078125, -121745064570680864860644254392502728014999732/94111187340458565374755859375, 1544979950546443779318938833345827575614062772736208/1296381605614816738037261962890625, -2260733797585849892581345700598729675663363009388697350404/17857656617344100566463283538818359375, 16550466021700966129080395363815038545732563286130702300223670784/245989219903914985303031730747222900390625}}"
"{1.989904857094093, 0.5802620796027241, 0.33670408102487814, 92999/15736, (17*Sqrt[10075799/61901490])/2, 2911905911/247605960, 24900068823731224013/8479196034516739921, 130331742527142/(49502400487*Sqrt[10075799]), {92999/15736, 734667/15736, 7055423/15736, 76809027/15736, 902470799/15736, 11108666547/15736, 140831592143/15736, 1820950791747/15736, 23874376988879/15736, 316251216060627/15736}, {0, 2911905911/247621696, 65165871263571/1948287504128, 24900068823731224013/61316504329916416, 526980999225695951641035/241219128033891180544, 301150659436473834625340953091/15183296794965246468161536, 15819351295669801207624540204289481/119462179182786559211494965248, 594222280910588263499693824637424330719/537101957605808370214881363755008, 59830530036521037055586382516171541219359675/7395356854274375449488701497542705152, 61207464022965989915586918401606759620594608217871/930986683670892576585233654122656066174976}}","{72.30235496334383, 0.4514774109261719, 0.20383185257659947, 2790903/7868, Sqrt[529191283709/20633830], 529191283709/20633830, 60614922452664400794703/25458492250325393526971, 207649426431000530/(529191283709*Sqrt[1587573851127]), {2790903/7868, 595876551/3934, 82277524095/1124, 151744473641619/3934, 170049808356237393/7868, 49775728708232301351/3934, 60148303456239087665145/7868, 18593958842330566192885419/3934, 3341318897569211605131380439/1124, 7451497209779629294867665642351/3934}, {0, 1587573851127/61905424, 311474139646500795/243535938016, 6000877322813775678675597/3832281520619776, 1243157513605836052819016732595/7538097751059099392, 29117866285949141561335968782539750467/237239012421331976065024, 17298163468580006507401235143174750240049985/933298274865519993839804416, 22607604617569249208238774765034515002759799275871/2098054521897688946151880327168, 29143668129756015358014789167024631379263272085166033635/14444056356004639549782620112388096, 920505296436042236417665408866374176492108222026005893916289807/909166683272356031821517240354156314624}}"
"{1.3229800775247735, 0.5372397756706022, 0.288626576562599, 52951/11552, Sqrt[809183567/23102]/76, 809183567/133437152, 2170982103919872221/654778045102843489, 16689146094126/(809183567*Sqrt[809183567]), {52951/11552, 16461/608, 2200807/11552, 17630991/11552, 8152789/608, 1451523159/11552, 749020813/608, 144146733471/11552, 1495636998751/11552, 15806241611559/11552}, {0, 809183567/133448704, 8344573047063/770799714304, 2170982103919872221/17808556599279616, 24568184226441574938855/51431111458719531008, 9071069202162922132701434027/2376528798284512088817664, 279573489630080889198761152084773/13726830338891341825010827264, 46397219835429483998681605463379718841/317144688149745561525050153107456, 409708647550233919090632733919188772163975/457956929688232590842172421087166464, 263477532714700523535303410726079787352374862087/42322547614067703115270206467191575937024}}","{53.90299906197862, 0.44014944663255534, 0.19373153537094467, 3214177/11552, Sqrt[2001254410655/23102]/76, 2001254410655/133437152, 2122787801779438450116697/801003843233218275505805, 1467553442539910946/(2001254410655*Sqrt[2001254410655]), {3214177/11552, 1067537067/11552, 404426264821/11552, 8885474262057/608, 75409012084157797/11552, 1854487669860585513/608, 16955993076151606700581/11552, 8319811180367740918824843/11552, 4136594615593024410203303077/11552, 2076007374683065501726789484427/11552}, {0, 2001254410655/133448704, 733776721269955473/770799714304, 10613939008897192250583485/17808556599279616, 3292365290202943506710310812145/51431111458719531008, 68931784841026021487485530043235835995/2376528798284512088817664, 55061282260247991921371382158387840350771443/13726830338891341825010827264, 485209778046257345225122573555789620493315238735225/317144688149745561525050153107456, 113451514283475939388386680127993776752411151398942115505/457956929688232590842172421087166464, 3574744113806107891712834034257443752672933101365508563102970135/42322547614067703115270206467191575937024}}"
"{1.0027704570955194, 0.43224300512323255, 0.18683401547796283, 83057/15475, Sqrt[214797446/1596401]/5, 214797446/39910025, 302596266518234381/138413828424368748, -268579696597/(214797446*Sqrt[322196169]), {83057/15475, 529063/15475, 3720089/15475, 27926671/15475, 219551057/15475, 1785481543/15475, 14896086809/15475, 126760680511/15475, 1095790403297/15475, 9594852207223/15475}, {0, 1288784676/239475625, -3222956359164/3705885296875, 3631155198218812572/57348574969140625, -31570157133470055545772/887469197647451171875, 2643698375447746408054005276/2746717166718861376953125, -226738914984529141078157738527692/212527240774871899041748046875, 56336597917323410336604066136047333468/3288859050991142637671051025390625, -1502405376375198653313744093068174211990444/50895093814087932317959514617919921875, 270141301496327998522539237265456067438117347884/787601576773010752620423488712310791015625}}","{26.797112207237912, 0.27982656815340345, 0.07830290824451135, 5295912/15475, Sqrt[1097997500878/4789203]/5, 1097997500878/119730075, 3023338163764248640597973/1205598511934333610770884, -450006590221375611/(1097997500878*Sqrt[548998750439]), {5295912/15475, 390858532/3095, 758415944724/15475, 304953036012668/15475, 125956996182792252/15475, 10632813551234196148/3095, 22853503541784728772084/15475, 9981288606341753849978828/15475, 4421058929717516530294726572/15475, 396607681715057710540101472324/3095}, {0, 2195995001756/239475625, -1800026360885502444/3705885296875, 12093352655056994562391892/57348574969140625, -19548565303861341068125245899172/887469197647451171875, 17829464869377335517544513012509146716/2746717166718861376953125, -192349784413043394471124820355921860263093452/212527240774871899041748046875, 754988948337563679870814431170011664654974590039428/3288859050991142637671051025390625, -1897171256360275214985494865685594276842483233872248736884/50895093814087932317959514617919921875, 6894295717686387112441604570274259816653967560739327434977167484/787601576773010752620423488712310791015625}}"
"{1.8540238531269047, 0.553549235582447, 0.30641675621391135, 2747/454, Sqrt[57800497/572494]/3, 57800497/5152446, 6187102979301025/3340897453447009, 36931926120/(57800497*Sqrt[57800497]), {2747/454, 542843/11350, 4861061/11350, 46690919/11350, 93729961/2270, 4848192503/11350, 51283266221/11350, 551955697559/11350, 1205020068937/2270, 66555518463863/11350}, {0, 57800497/5152900, 923298153/292427075, 247484119172041/1062095136400, 153866948130417/1205477979814, 1309297682357013006817/218914801134222400, 61286731008751006600443/12423414964367121200, 7803329602872150160621251961/45121843150581384198400, 25273208293352434056484015221/128033229939774677662960, 50475289511078266160389785379656337/9300333822825232585437414400}}","{75.79923630942132, 0.44958993189732044, 0.20213110686343724, 2128127/5675, Sqrt[1830711745142/286247]/15, 1830711745142/64405575, 1602309717025495854887377/837876373450216790150041, -243839638316086059/(915355872571*Sqrt[915355872571]), {2128127/5675, 959344564/5675, 473155468091/5675, 245729619700384/5675, 131845551056746787/5675, 72314561714095811704/5675, 40289248191501149566811/5675, 22710173393832409629932224/5675, 12917349093517064209052706707/5675, 7400497030616977702668360052744/5675}, {0, 915355872571/32205625, -243839638316086059/182766921875, 1602309717025495854887377/1037202281640625, -1129278669066593082553060002747/5886122948310546875, 741066361178070573550271423252994161/6680749546332470703125, -4204109219682717527253911454649021052954007/189566268377183856201171875, 10212690943033386077116283707463989292484462113233/1075788573040518383941650390625, -14808932324141325532835171602780474677222617427488453379/6105100152004941828868865966796875, 31278549810219640502865863133517905156542201018706610417732909/34646443362628044878830814361572265625}}"
"{1.0148040010634138, 0.44859402946501004, 0.2012366032716543, 80045/15873, Sqrt[644641171/492063]/16, 644641171/125968128, 1895846503774401561/831124478696502482, 78825924917/(644641171*Sqrt[1289282342]), {80045/15873, 484879/15873, 3265001/15873, 23619151/15873, 180336305/15873, 1438427239/15873, 1082447611/1443, 101811507871/15873, 896109983585/15873, 8096003067799/15873}, {0, 1289282342/251952129, 157651849834/3999236143617, 1263897669182934374/21159958435877547, 21797116982413950014930/1007616060758052910593, 15935799123184623556000394002/15993889732412573849842689, 88193248279469669685727284450838/84623670574194928239517667499, 86955083970984384282383325392784232322/4029694569072588287837591808634881, 2600756051211801685521010669919038366215250/63963341894889193892846094778461466113, 63066371343390688158401422249107563030588474018/112810013988619574962349562490946539067961}}","{23.06775778192588, 0.2705163452670057, 0.07317909305661784, 5003540/15873, Sqrt[57248542591/492063]/4, 57248542591/7873008, 31837885094345414985105/13109582515174163973124, 75383805960026077/(1831953362912*Sqrt[114497085182]), {5003540/15873, 564215248/5291, 607520085812/15873, 5873811446720/407, 6917198873511500/1221, 12150580131807352008/5291, 1377835691222732554252/1443, 2143069576317835477809520/5291, 2770900808949473087154643820/15873, 403175069024196234209650430168/5291}, {0, 1831953362912/251952129, 301535223840104308/3999236143617, 2716832861384142078728960/21159958435877547, -1946489874939884051178795854500/1007616060758052910593, 56842931170236487180240761466078482232/15993889732412573849842689, -23742874856822531309750589552368866335869684/84623670574194928239517667499, 564595660698513764722067531895410269938234821393360/4029694569072588287837591808634881, -1391775687898850923487972678232636144816913104496573440980/63963341894889193892846094778461466113, 816542480118399717757040594131604031530870423771191220686180328/112810013988619574962349562490946539067961}}"
"{1.3487620864895333, 0.4632576138549028, 0.21460761679453827, 111712/17775, Sqrt[1339030153/702073]/15, 1339030153/157966425, 8696452947769751421/3586003501286406818, (9995565073064*Sqrt[2/1339030153])/1339030153, {111712/17775, 3790/79, 1475936/3555, 23238562/5925, 702802792/17775, 496258066/1185, 16376913536/3555, 103031561414/1975, 10738163920792/17775, 8435145031682/1185}, {0, 2678060306/315950625, 39982260292256/5616022359375, 5797635298513167614/33274932479296875, 719241734739849751644328/1774385774458505859375, 31160544685003363086723813866/6307941428199988330078125, 3369122998015958955654439174202816/186872764810424654278564453125, 1663824462289393012817788388346663772778/9964990183515894689404449462890625, 135378179190506002140982400191817647213088216/177127700511995028104164089202880859375, 2189156663626480753558078319865907692160350183026/349827208511190180505724076175689697265625}}","{48.14881648047922, 0.34192689466518045, 0.11691400129537341, 2440099/5925, Sqrt[348038260062/702073]/5, 348038260062/17551825, 35953725331191584672453/20188438411164057373974, -35238534392407001/(696076520124*Sqrt[174019130031]), {2440099/5925, 3367169443/17775, 556992279277/5925, 872493103455943/17775, 157282854787553429/5925, 261795345399625386103/17775, 16460479677587924435239/1975, 85172091952045005962807383/17775, 16538710566961308160771671349/5925, 29226860759323690618500845116663/17775}, {0, 232025506708/11701875, -70477068784814002/208000828125, 287629802649532677379624/410801635546875, -4788962253813909666345623102/270444410068359375, 257329161787190645457111248063531624/8652868900137158203125, -74378098454682891914586534855496225393502/85447080388854437255859375, 701079918678717019747186892883142186043114798456/506273951303962540740966796875, -404839671787865341699398292110715514130386280404629258/8999019484427934161670684814453125, 406741848381233187682656376898972360916187285069145916775624/5924354493915056656433200836181640625}}"
"{1.5531576880888922, 0.5328099112991822, 0.2838864015786424, 67097/12264, Sqrt[1277954471/37598358]/2, 1277954471/150393432, 3150188828524259565/1633167629948889841, 6032253552586/(1277954471*Sqrt[1277954471]), {67097/12264, 471295/12264, 3758795/12264, 32287867/12264, 291364907/12264, 2727199075/12264, 26281606115/12264, 259479246907/12264, 2615216625467/12264, 26831932475155/12264}, {0, 1277954471/150405696, 3016126776293/922287727872, 1050062942841419855/7540624463081472, 10636850550205849218365/69358663811423379456, 10542636629416822014907396051/3402458611933185302593536, 40760810967819539605472096140181/6954625402791430758501187584, 6126112437662571178083820470678557855/73107022234143520133364483883008, 172662885720533018915433554364838579440365/784511455594594114551134276548558848, 21974213639217119835491042813226337435207961159/8552220881255201974093431793414689521664}}","{73.85499111761965, 0.47168704818775076, 0.2224886714280735, 1017757/3066, Sqrt[460882991266/18799179], 460882991266/18799179, 94171554194238819107457/53103282909573958070689, -2020082173117486/(230441495633*Sqrt[230441495633]), {1017757/3066, 137668059/1022, 373560913175/6132, 14983485726527/511, 90039088526595419/6132, 551831798172737791/73, 24363596017615202962955/6132, 1084643405587331187849477/511, 7045951784755664767163356139/6132, 321374881929597977222458400057/511}, {0, 230441495633/9400356, -1010041086558743/14410745748, 31390518064746273035819/29455564308912, -356678752693093632413714915/67733070128343144, 47357987748688703016080678559514513/830678372054000318016, -273678929273593413588704765329072876271/424476648119594162506176, 3870584861725069421288356250857499269808824631/1115524631258293459066230528, -246572271165243975662991250558202648261442518845115/2992673704508186777309929948992, 1886399617956576683280874620719517201779208328556971309577/8156033402686311697095329087652864}}"
"{1.503164891853606, 0.48894490986173544, 0.2390671248797006, 83594/13295, Sqrt[835232547/305785]/17, 835232547/88371865, 611267043665576819/155025201681801602, (4125420963134*Sqrt[2/835232547])/278410849, {83594/13295, 651254/13295, 5954948/13295, 62309546/13295, 724171124/13295, 9078872114/13295, 119899146668/13295, 1639824831626/13295, 22962456800324/13295, 326780814168674/13295}, {0, 1670465094/176757025, 49505051557608/2349984647375, 11002806785980382742/31243045886850625, 727010096392852450206696/415376295065679059375, 22005370943093965030982384334/1104485568579640618878125, 9778322425739719316385176339835864/73420678171331610139923359375, 1275911047136484830163056354332460663478/976127916287853756810281062890625, 129614907858174473885025048916541588601464712/12977620647047015696792686731130859375, 15872914247006057306452608038979868677093084785766/172537466502490073688858770090384775390625}}","{65.3908507558339, 0.42049468423153097, 0.17681577946697494, 983364/2659, 2*Sqrt[6285619087/1039669], 25142476348/1039669, 227438722663120360048135/91344824893457345771528, (2363237769316521*Sqrt[5/213711048958])/106855524479, {983364/2659, 2139852568/13295, 206901795120/2659, 539788337136136/13295, 59470854293389176/2659, 170070917257250837008/13295, 19960319464645022370912/2659, 59608456115966722147010296/13295, 7208874809073292118063763336/2659, 21989486201408201367185965615648/13295}, {0, 854844195832/35351405, 37811804309064336/93999385895, 363901956260992576077016/249944367094805, -3410264516024255610401768040/132920414421017299, 197289599028569929044983996326944112/1767176909727424990205, -40696309118846996159390448439257311242464/4698923402965223048955095, 122747179569519425118268734156647065967007171496/12494437328484528087171597605, -9436162572529047139663802500126935102108579256775832/6644541771288072036757855606339, 84808329260432561092575930516080339649575778823840834117792/88339182849274917728695690286277005}}"
"{0.5680960797415324, 0.3148584017705148, 0.0991358131654829, 26939/4701, Sqrt[35969361/11048917], 35969361/11048917, 2096913793813439/862529953832214, (19713653197*Sqrt[2/35969361])/35969361, {26939/4701, 509029/14103, 1151281/4701, 24862225/14103, 62577809/4701, 1474628329/14103, 1330568387/1567, 100078844785/14103, 285934437409/4701, 7521403771129/14103}, {0, 23979574/7366467, 78854612788/103889284101, 4193827587626878/162794508186267, 1613342208638798260/85032998109293463, 3196999352361337646138722/10792983351018291378201, 7991706757019248415565370076/16912604911045662589640967, 358941285780836684464342356605678/79506155686825659833902185867, 13313531337327352860369016712598056620/1121275313651302280637522527282301, 49911034733563530105562407506472055141858/585679472163863557919665933417121889}}","{17.262892844357253, 0.21634246225294093, 0.04680406097366517, 1733885/4701, Sqrt[6395443095/1004447], 6395443095/1004447, 6627429175886115178157/3299403185431576441350, -6609339369486067/(70349874045*Sqrt[140699748090]), {1733885/4701, 2008332445/14103, 268393270541/4701, 332784033640021/14103, 46983208461923245/4701, 60896443393547657845/14103, 2971526674652016448767/1567, 11906812332900248713798261/14103, 1787705377404879179460931085/4701, 2439945913124030922420451280245/14103}, {0, 46899916030/7366467, -13218678738972134/103889284101, 13254858351772230356314/162794508186267, -767288242502788896763526470/255098994327880389, 13541440747498359383869056586722790/10792983351018291378201, -1125858582403619416925696627148489714058/16912604911045662589640967, 1708045630767056257904899174822073022596650394/79506155686825659833902185867, -1658179326974405331900887870612926571156570081543270/1121275313651302280637522527282301, 233209093848436137433672876860440306432018537899161570310/585679472163863557919665933417121889}}"
"{1.376662998532927, 0.48746427192435027, 0.2376214164027369, 93432/16127, Sqrt[1037098354/130032001], 1037098354/130032001, 636376616619004826/268893248967377329, 6297638110563/(2074196708*Sqrt[518549177]), {93432/16127, 669916/16127, 5419878/16127, 47620384/16127, 445199382/16127, 4370622376/16127, 44621020398/16127, 470175324544/16127, 5082981366822/16127, 56115645262936/16127}, {0, 2074196708/260080129, 12595276221126/4194312240383, 10182025865904077216/67641673500656641, 220388546647363824455190/1090857268545089649407, 69261865264813422422291437688/17592255169826660775986689, 2740712718979995049883791239221166/283710299123794558334337333503, 570772712039158475979991176698174306816/4575395993969434842257858177402881, 32029649960381330911946077713075703153679910/73787411194745075701092478826976261887, 5324369412917671944990406667981639193061503269768/1189969580337653835831518406042646175451649}}","{50.02578657605952, 0.36142686335479646, 0.1306293775544867, 6175991/16127, 176*Sqrt[7311041/11821091], 226466806016/11821091, 11277858310047192039879281/6205752921477717428862976, -1452781598106337533/(438439736446976*Sqrt[160842902]), {6175991/16127, 2674095279/16127, 1249521780269/16127, 612362347099251/16127, 309642520720571621/16127, 160039980244114359459/16127, 84079801665975128256869/16127, 44743445885853783415746051/16127, 24061777392154089899817926021/16127, 13054850235268369064894030418339/16127}, {0, 4982269732352/260080129, -2905563196212675066/4194312240383, 45111433240188768159517124/67641673500656641, -62082287450476708609408823275770/1090857268545089649407, 538224160382685425360067979355801161772/17592255169826660775986689, -1213383197820345863690866187742647101327821906/283710299123794558334337333503, 7916091948117950605492366093164900146483274083158244/4575395993969434842257858177402881, -24623234866773805988556378601680883412119522763575724281290/73787411194745075701092478826976261887, 139467165330119512173805377743995242581703532740633250059723892892/1189969580337653835831518406042646175451649}}"
"{1.2758128774523776, 0.5589211926531441, 0.31239289959681305, 55571/13607, Sqrt[482320437/92568421], 482320437/92568421, 349078372658822647/155088669298580646, (396179348172*Sqrt[6/160773479])/160773479, {55571/13607, 297845/13607, 1872485/13607, 12969665/13607, 95392661/13607, 729268505/13607, 5723655005/13607, 45784425185/13607, 371624137541/13607, 3052179450665/13607}, {0, 964640874/185150449, 14262456534192/2519342159543, 2094470235952935882/34280688764901601, 62337515677374492559440/466457332024016084807, 5974770276644658656617521594/6347084916850786865968849, 248832350225193629854309144051152/86364784463588656885238128343, 19978710655806284615133173295959261802/1175165622196050854237435212363201, 1002907345620820069921216849456096106421840/15990478621221663973608780934626076007, 74038252830899128814976150034616793889081919514/217582442598963181688894682177457016227249}}","{55.4835572645261, 0.4493722859528407, 0.20193545138248162, 3738644/13607, 2*Sqrt[352792131343/92568421], 1411168525372/92568421, 511073789947246637131483/248924575875073125967298, 131950905784538751/(352792131343*Sqrt[705584262686]), {3738644/13607, 1234643640/13607, 464611878992/13607, 190522211423904/13607, 82504309163656184/13607, 3362271105287333400/1237, 16956913723231625768912/13607, 7894037512341891259337904/13607, 3715151729399451746737949864/13607, 1762740834218559241137572065560/13607}, {0, 2822337050744/185150449, 2111214492552620016/2519342159543, 16354361278311892388207456/34280688764901601, 22216828829378898438783796819320/466457332024016084807, 116421248762047109551945993445186190584/6347084916850786865968849, 210229458595554579543641651211777366944884656/86364784463588656885238128343, 915760258206162952928102483771641998568226792474576/1175165622196050854237435212363201, 1953020579301984860031988708838075060702841380181828837480/15990478621221663973608780934626076007, 7642490158066779576590836154497948829517985552550141253165074024/217582442598963181688894682177457016227249}}"
"{1.5201566009693268, 0.5649801351757954, 0.31920255314326, 64649/13575, (4*Sqrt[41687707/3685341])/5, 667003312/92133525, 629965968422080359/222446709109484672, 5948080291687/(1334006624*Sqrt[83375414]), {64649/13575, 406151/13575, 2999333/13575, 24829343/13575, 223151069/13575, 2127877271/13575, 21178592453/13575, 217505206223/13575, 2286701681069/13575, 24474945928391/13575}, {0, 1334006624/184280625, 23792321166748/2501609484375, 1679909249125547624/11319782916796875, 220813793765466112784996/460998159286552734375, 5644211102698519400505638624/1251610002462990673828125, 607172665269722098773902167155748/28317676305725163995361328125, 192653948584355159599240729819191207368/1153237367550657303711090087890625, 14992184719851610753762305037846943436013492/15655197264500172897878047943115234375, 163713449824426956493667233118772893001572720624/23613255873954427454299388980865478515625}}","{34.62570458057626, 0.33748867422694495, 0.11389860523146098, 1375621/4525, Sqrt[323277341251/1228447]/5, 323277341251/30711175, 517165971094155690050619/209016478732631012490002, (-34208835285999267*Sqrt[3/646554682502])/323277341251, {1375621/4525, 1397470517/13575, 169457172081/4525, 194836871164493/13575, 25910148109198321/4525, 32015516621930383757/13575, 4510290965191521130721/4525, 5840116688327112420509933/13575, 854825562718810116410468241/4525, 1142166432326300424329114584397/13575}, {0, 646554682502/61426875, -22805890190666178/92652203125, 344777314062770460033746/1257753657421875, -32268667250372456569409616346/1897111766611328125, 50732968327227201549634730183522362/5150658446349755859375, -42236968411986285846089661743008738636154/38844549116221075439453125, 228400842944119195488312893221265372043816019394/527314754252701099090576171875, -53893378302645135399879513612342121271381833748323002/795366420997824157794952392578125, 236457645661480805178150636004042369764196284008585394225698/10797099165045462942066478729248046875}}"
"{0.937264243338668, 0.40252647181984774, 0.1620275605157347, 100276/17335, Sqrt[814568942/1854845]/9, 814568942/150242445, 1472289455882235583/663522561270999364, -761487973641/(407284471*Sqrt[407284471]), {100276/17335, 674036/17335, 4966024/17335, 7787860/3467, 319556656/17335, 2716107596/17335, 23738938504/17335, 42442942084/3467, 1932367160416/17335, 17863496960156/17335}, {0, 1629137884/300502225, -6091903789128/5209206070375, 5889157823528942332/90301587229950625, -49082920790067648636096/1565378014631194084375, 5677455007659893447919164804/5427165576726349890528125, -474085598648415750138743420089704/470399576362756376761525234375, 163380214730840702516929973469154836748/8154376656248381791161039937890625, -4931341342395874614493337099421627241828752/141356119336065698349776627323333984375, 1089529346782128909803543912146089953202527829316/2450408328690698880893377834649994619140625}}","{34.448198978985936, 0.2991837233117231, 0.08951090029466569, 6671361/17335, (2*Sqrt[165984874091/5564535])/3, 663939496364/50080815, 901179287027344975635387/440815654832081969220496, (-161722650826928471*Sqrt[3/331969748182])/1327878992728, {6671361/17335, 2797271103/17335, 1243719515403/17335, 575795777411763/17335, 274454583953679291/17335, 133759949807308191963/17335, 66364915379127419151843/17335, 33422779117735914687348243/17335, 17050597525642651121376904491/17335, 8797357762808457939243215682123/17335}, {0, 3983636978184/300502225, -2911007714884712478/5209206070375, 32442454332984419122873932/90301587229950625, -46362007267047098004481005219846/1565378014631194084375, 67845630459063429081028237274879093004/5427165576726349890528125, -671322230116235200129258422928717444761409254/470399576362756376761525234375, 4057875850070831006650867394513358680783999357352348/8154376656248381791161039937890625, -9820716747577363959269108766106966162436058358974834984102/141356119336065698349776627323333984375, 52729310938310028704338187557557215908038601607553545266652624316/2450408328690698880893377834649994619140625}}"
